0.348054,0.305758,0.332077,0.231601,0.240132,0.343028,0.195214,0.379182,0.284327,0.200669
0.457517,0.001000,0.405130,0.908475,0.256743,0.926496,0.359810,1.000000,0.798850,0.642893
0.801543,0.001000,0.001000,0.331712,0.001000,0.704538,0.001000,0.001000,0.038289,1.000000
0.001000,0.227770,0.001000,1.000000,1.000000,0.037935,0.001000,0.607086,1.000000,0.996723
1.000000,0.001000,0.001000,0.001000,0.001000,1.000000,0.684798,0.765696,0.362244,0.391758
0.146079,0.001000,0.001000,0.001000,0.446456,0.322987,0.001000,0.889287,0.001000,0.792410
1.000000,1.000000,0.540991,0.034996,0.001000,0.143247,0.001000,0.001000,0.001000,1.000000
0.079696,0.825448,0.001000,0.083979,0.781264,0.001000,0.718665,0.001000,0.922806,0.198218
0.639338,0.001000,0.001000,0.566125,1.000000,1.000000,0.001000,0.408046,0.386275,0.001000
1.000000,0.001000,0.001000,0.001000,0.001000,0.001000,1.000000,1.000000,0.001000,0.808193
0.001000,0.782835,0.816771,0.985026,0.001000,0.001000,0.001000,1.000000,0.001000,0.001000
0.001000,1.000000,0.001000,1.000000,0.001000,0.495082,1.000000,0.349215,0.452496,0.355833
0.126970,1.000000,0.641358,0.001000,1.000000,0.794297,0.001000,0.001000,0.634077,1.000000
0.001000,0.001000,0.001000,0.406923,0.001000,1.000000,0.743933,0.001000,1.000000,0.001000
0.001000,0.001000,1.000000,0.001000,1.000000,1.000000,0.001000,0.001000,0.001000,0.218286
0.385328,1.000000,0.570990,1.000000,0.990471,0.810157,0.001000,0.508759,0.001000,1.000000
1.000000,0.001000,0.589948,0.001000,0.001000,1.000000,0.243321,0.935015,0.001000,0.001000
0.725739,0.622790,0.344404,1.000000,1.000000,0.153795,0.487183,0.604419,0.533441,0.049620
0.001000,0.689299,0.001000,0.790080,0.901161,0.102164,0.109414,0.001000,0.001000,0.967387
0.001000,0.891446,0.145953,0.223649,0.001000,1.000000,0.624692,1.000000,0.406808,0.001000
0.001000,0.001000,0.437877,0.001000,0.001000,0.441605,0.224120,0.420131,1.000000,0.001000
1.000000,0.694814,1.000000,0.772978,0.544859,1.000000,0.876508,0.001000,0.001000,0.423471
0.167639,0.001000,0.001000,0.575285,0.860322,1.000000,1.000000,0.856432,0.687808,0.806729
1.000000,0.001000,0.313760,0.001000,1.000000,1.000000,0.001000,0.001000,0.001000,0.831545
0.185553,0.276703,0.001000,0.001000,0.001000,0.442529,1.000000,0.095315,0.736713,0.001000
0.001000,0.520238,0.287141,1.000000,0.001000,1.000000,0.375608,0.001000,1.000000,0.001000
0.001000,0.115359,0.807745,1.000000,0.001000,0.001000,1.000000,0.959722,0.001000,0.001000
1.000000,0.001000,0.117883,0.184193,1.000000,0.878827,1.000000,0.443024,1.000000,0.001000
0.001000,0.001000,0.815882,0.001000,0.001000,0.227414,0.391977,1.000000,0.001000,1.000000
0.001000,0.001000,0.640157,1.000000,0.787699,1.000000,0.001000,0.001000,1.000000,0.001000
0.896622,0.001000,1.000000,0.001000,0.664378,0.001000,0.001000,0.001000,0.001000,0.108899
0.094217,0.318777,0.584760,0.001000,0.001000,0.001000,1.000000,0.001000,0.001000,1.000000
0.001000,1.000000,0.001000,0.001000,0.570809,0.001000,0.001000,0.001000,1.000000,0.989519
1.000000,0.701227,0.552117,0.001000,1.000000,0.404795,0.636687,0.001000,0.128480,0.163971
0.945548,0.064962,0.978929,0.287865,0.778867,1.000000,0.001000,0.001000,1.000000,0.614530
0.501531,1.000000,0.001000,0.001000,0.245529,0.001000,0.001000,1.000000,1.000000,0.062599
1.000000,0.001000,1.000000,0.539526,0.001000,0.001000,0.061955,0.015850,1.000000,1.000000
0.001000,1.000000,0.666396,1.000000,0.080534,0.069321,0.001000,0.001000,0.001000,0.001000
0.187250,0.001000,1.000000,0.256120,0.517499,0.001000,0.001000,0.001000,1.000000,0.337146
0.504780,1.000000,0.808892,0.001000,1.000000,1.000000,0.190538,1.000000,0.877704,0.001000
0.001000,0.001000,0.484381,0.358708,0.328439,0.001000,0.001000,0.001000,1.000000,0.811761
1.000000,1.000000,0.711093,0.001000,0.557298,1.000000,0.001000,0.508856,0.001000,0.635139
0.001000,1.000000,0.001000,0.001000,1.000000,0.837671,0.493287,1.000000,1.000000,0.001000
0.001000,1.000000,1.000000,0.483250,0.001000,0.001000,0.008381,0.402349,0.001000,1.000000
0.001000,0.001000,0.001000,0.001000,1.000000,0.001000,0.271058,0.729979,0.001000,0.001000
0.610882,0.001000,0.504504,1.000000,0.726279,0.001000,0.001000,1.000000,0.001000,0.228758
0.001000,0.917443,0.232881,0.770737,1.000000,0.001000,0.001000,0.001000,1.000000,0.734959
1.000000,0.319260,0.432147,0.237330,0.001000,0.001000,0.013791,0.143964,1.000000,0.687007
1.000000,0.499065,0.001000,0.791864,0.476707,0.001000,0.518952,1.000000,0.001000,0.459274
0.302936,1.000000,1.000000,1.000000,0.711139,0.084460,0.001000,1.000000,0.876877,0.001000
1.000000,1.000000,1.000000,1.000000,0.001000,0.001000,0.452705,0.418728,0.867945,0.810621
0.045669,0.143259,0.315125,0.768717,1.000000,0.219495,0.001000,0.134913,0.001000,1.000000
0.296034,1.000000,1.000000,0.833382,0.751520,1.000000,0.668109,0.135470,1.000000,0.891120
0.738102,0.315234,1.000000,0.522975,0.925574,1.000000,0.204593,0.507096,0.001000,0.793365
1.000000,0.160929,0.001000,0.249625,1.000000,0.001000,0.481724,0.445783,1.000000,0.001000
0.298472,1.000000,0.001000,0.760272,1.000000,0.490101,0.001000,1.000000,0.001000,0.001000
0.430757,0.001000,1.000000,0.995598,0.430275,1.000000,0.818139,1.000000,0.806051,0.085259
0.001000,0.001000,1.000000,0.001000,0.001000,0.001000,0.900746,0.238296,0.927498,0.871284
0.599063,0.137023,1.000000,1.000000,1.000000,0.514253,0.001000,0.609020,0.001000,0.567003
1.000000,1.000000,1.000000,0.001000,1.000000,0.925016,1.000000,0.964081,0.001000,0.813119
0.410542,0.001000,1.000000,0.001000,0.146599,0.764221,0.001000,0.624336,0.277325,0.001000
0.272558,0.001000,0.900769,0.001000,0.001000,0.001000,0.297225,0.001000,0.001000,1.000000
1.000000,0.288777,0.259754,0.001000,0.001000,0.001000,0.001000,1.000000,1.000000,1.000000
0.001000,0.944800,0.001000,0.001000,1.000000,0.001000,0.848507,0.001000,0.001000,1.000000
0.001000,0.001000,0.668913,0.286594,0.519398,0.001000,1.000000,0.001000,0.851423,0.620462
0.335091,0.283834,1.000000,1.000000,0.001000,0.998421,0.001000,0.874059,0.528165,0.001000
0.903675,0.001000,0.001000,0.001000,0.881989,0.001000,1.000000,0.001000,0.736568,0.001000
0.159956,0.150371,0.001000,1.000000,1.000000,0.001000,1.000000,0.001000,0.001000,1.000000
0.375090,1.000000,1.000000,0.001000,0.001000,1.000000,0.910364,0.648860,0.001000,0.193109
1.000000,0.001000,0.082228,1.000000,0.662825,0.001000,1.000000,0.002300,0.001000,0.001000
0.001000,0.712817,0.934114,0.001000,0.001000,0.420899,0.005189,0.001000,0.378444,0.001000
0.390019,0.775093,0.001000,1.000000,0.266771,0.042281,0.407028,0.001000,0.001000,0.719256
1.000000,1.000000,0.001000,0.001000,0.933813,0.129481,1.000000,1.000000,0.848714,1.000000
1.000000,0.001000,0.435652,0.666590,0.001000,0.623967,0.353208,0.001000,0.865824,0.001000
0.001000,1.000000,0.799837,0.231547,0.411654,0.001000,1.000000,0.001000,0.759118,0.748348
0.171330,0.575378,1.000000,1.000000,0.918434,1.000000,1.000000,1.000000,0.001000,1.000000
0.001000,1.000000,0.605004,0.718504,0.001000,0.863331,1.000000,0.026329,1.000000,1.000000
0.947359,0.867505,0.239397,0.237923,0.266780,0.001000,0.001000,0.464374,0.001000,0.001000
1.000000,1.000000,1.000000,0.001000,1.000000,0.633060,0.206645,0.580068,0.143022,0.001000
0.729959,0.001000,0.001000,0.001000,0.001000,0.689202,0.907073,1.000000,0.939781,0.001000
0.348819,0.001000,0.215500,1.000000,1.000000,0.917524,1.000000,0.001000,1.000000,0.001000
0.001000,0.221866,0.001000,0.001000,1.000000,0.001000,0.846022,0.162429,0.001000,0.894373
0.555674,0.283105,0.020834,0.001000,0.001000,0.001000,0.001000,0.001000,0.945540,0.001000
0.867537,1.000000,0.271222,0.001000,1.000000,0.001000,0.001000,0.001000,1.000000,0.764023
0.001000,0.001000,0.001000,0.198729,0.001000,0.836255,0.675547,0.464049,0.383328,0.001000
0.552162,0.001000,0.253404,0.476308,1.000000,1.000000,1.000000,0.311759,1.000000,1.000000
0.001000,1.000000,0.001000,1.000000,0.474879,0.787189,0.001000,0.265397,0.144553,0.648827
0.001000,0.294484,0.001000,0.967457,0.232656,0.001000,0.001000,0.386755,1.000000,1.000000
0.486155,0.001000,0.001000,1.000000,1.000000,1.000000,0.055435,1.000000,0.001000,1.000000
1.000000,0.001000,1.000000,1.000000,0.493652,0.001000,1.000000,0.001000,0.852982,0.423244
0.969806,0.565518,0.001000,1.000000,0.001000,1.000000,0.711698,0.001000,0.980567,0.381618
1.000000,0.847164,0.001000,0.001000,0.001000,0.529036,0.001000,0.350548,1.000000,0.001000
0.782166,0.001000,1.000000,0.083185,0.102865,1.000000,0.164984,1.000000,0.063095,0.001000
0.913785,0.001000,0.001000,0.928621,0.563583,1.000000,0.001000,0.001000,0.101687,0.001000
0.082752,1.000000,1.000000,0.001000,0.001000,0.097729,0.509366,1.000000,0.835294,0.699121
0.001000,1.000000,1.000000,0.471842,0.644357,1.000000,0.001000,0.001000,1.000000,0.315060
0.205896,0.562830,0.001000,1.000000,1.000000,0.001000,0.188468,1.000000,0.116018,1.000000
0.001000,1.000000,0.127703,0.001000,0.001000,1.000000,1.000000,0.096920,0.513491,0.173612
0.908471,1.000000,0.001000,1.000000,0.001000,0.001000,0.012870,0.001000,1.000000,1.000000
0.183498,1.000000,0.808648,0.001000,1.000000,0.587374,0.001000,0.001000,0.671078,1.000000
0.001000,0.001000,0.603283,1.000000,0.001000,0.001000,0.055480,0.001000,0.001000,1.000000
0.158980,0.001000,0.001000,0.001000,0.001000,1.000000,0.001000,1.000000,0.290903,0.001000
0.001000,0.001000,1.000000,0.001000,0.001000,0.011999,0.001000,0.001000,0.001000,0.490102
0.001000,0.623199,0.001000,0.323805,0.009297,0.107448,0.001000,1.000000,0.001000,0.787277
0.001000,0.001000,0.001000,1.000000,0.150558,1.000000,0.624177,0.001000,0.759270,1.000000
0.157083,0.001000,1.000000,0.736747,0.224230,0.001000,0.001000,0.369058,0.001000,0.098255
0.001000,0.001000,0.001000,0.603970,0.001000,1.000000,0.736966,0.001000,0.753246,0.170268
1.000000,1.000000,0.618814,1.000000,1.000000,0.001000,0.830709,1.000000,0.001000,0.113836
1.000000,0.001000,1.000000,1.000000,0.502082,0.907544,1.000000,1.000000,0.738066,0.291869
0.001000,0.001000,0.326358,0.332970,0.978378,0.673688,0.001000,0.001000,0.001000,0.137811
1.000000,0.243466,1.000000,0.001000,0.001000,0.001000,0.081924,0.001000,0.001000,0.001000
0.543069,1.000000,0.673600,0.001000,0.060414,0.001000,0.001000,0.001000,0.962587,0.001000
1.000000,0.670468,0.001000,0.414836,1.000000,0.001000,0.921979,0.295978,0.880137,0.001000
1.000000,0.371528,0.096436,0.001000,0.488008,0.001000,0.001000,0.001000,1.000000,1.000000
1.000000,0.001000,0.001000,0.986438,0.001000,1.000000,0.224609,0.001000,0.001000,0.001000
0.001000,0.001000,0.001000,0.001000,1.000000,1.000000,0.001000,0.875632,0.001000,0.001000
0.350250,0.001000,0.001000,0.214955,0.417578,0.001000,0.483256,0.854889,0.001000,0.001000
0.001000,0.001000,0.001000,0.009930,0.589809,0.192098,0.588209,0.112919,0.001000,0.579751
0.386792,1.000000,0.934964,1.000000,1.000000,0.119917,0.001000,1.000000,1.000000,0.001000
0.001000,0.001000,1.000000,0.608669,0.001000,0.683390,0.047770,0.623351,1.000000,0.266422
1.000000,0.177077,1.000000,0.001000,0.001000,0.162571,0.001000,0.732668,0.719150,0.130839
0.001000,0.556189,0.658810,1.000000,1.000000,1.000000,0.001000,1.000000,0.301760,1.000000
1.000000,0.001000,0.222678,0.001000,0.456543,0.001000,1.000000,0.082450,0.001000,0.001000
0.017916,1.000000,1.000000,1.000000,0.168603,0.001000,0.691231,0.001000,0.783437,0.001000
1.000000,1.000000,0.001000,0.862247,0.120025,0.323196,0.001000,1.000000,0.816129,0.001000
1.000000,1.000000,1.000000,0.001000,0.001000,0.001000,0.001000,0.296599,0.265911,0.001000
0.324681,0.633582,0.353758,1.000000,0.001000,0.852364,0.001000,0.001000,0.621278,1.000000
1.000000,0.001000,0.447526,0.161883,1.000000,0.001000,0.186745,0.001000,0.530044,0.001000
0.001000,0.237780,0.001000,1.000000,0.752450,1.000000,0.001000,1.000000,0.001000,1.000000
0.103690,1.000000,0.001000,0.001000,0.020210,1.000000,0.001000,0.108962,0.001000,0.001000
1.000000,0.001000,1.000000,1.000000,0.300409,0.001000,0.475061,0.081844,0.077723,1.000000
0.001000,1.000000,1.000000,1.000000,0.411854,1.000000,1.000000,0.163143,1.000000,0.568554
0.528889,0.001000,0.169873,1.000000,1.000000,0.001000,0.233681,1.000000,0.524368,0.001000
0.001000,0.001000,0.054666,0.001000,1.000000,0.001000,0.827853,1.000000,1.000000,1.000000
0.965215,0.001000,1.000000,0.864718,1.000000,1.000000,0.001000,0.001000,0.001000,0.001000
0.001000,0.001000,0.001000,1.000000,0.001000,1.000000,0.001000,0.001000,0.001000,0.001000
1.000000,1.000000,1.000000,1.000000,1.000000,0.004308,0.001000,0.933613,1.000000,1.000000
0.001000,0.001000,0.470913,0.393070,1.000000,0.181575,0.162848,0.001000,0.001000,0.001000
0.984664,1.000000,0.326733,0.152077,0.001000,1.000000,0.571503,0.738671,0.956190,1.000000
0.001000,0.165250,0.500742,0.001000,0.684140,0.001000,0.001000,0.001000,1.000000,1.000000
0.001000,0.643464,0.001000,0.001000,0.633258,0.930030,0.131511,0.001000,0.700772,0.001000
1.000000,0.564688,0.001000,0.001000,0.479105,1.000000,0.295393,0.199383,0.001000,0.001000
0.001000,0.001000,0.001000,1.000000,1.000000,1.000000,0.739635,1.000000,0.991617,0.001000
1.000000,0.052451,0.416531,0.954884,0.001000,0.001000,1.000000,0.001000,0.001000,0.001000
0.001000,1.000000,0.001000,1.000000,0.001000,0.001000,1.000000,0.330851,0.132223,0.001000
1.000000,1.000000,0.735881,0.945382,0.001000,0.836033,1.000000,0.465242,1.000000,0.001000
1.000000,0.001000,0.139412,1.000000,1.000000,0.001000,1.000000,0.702310,0.001000,0.001000
0.362649,0.001000,0.001000,1.000000,0.204394,0.001000,0.063173,1.000000,1.000000,0.396301
0.001368,0.001000,0.001000,0.001000,0.001000,1.000000,0.297482,0.203586,0.001000,0.001000
0.001000,1.000000,0.475029,0.761710,1.000000,0.001000,0.170056,0.656394,0.457655,0.027886
0.549330,0.087696,0.545844,1.000000,0.001000,1.000000,1.000000,1.000000,0.263814,1.000000
0.925020,0.762516,0.804714,0.001000,0.001000,1.000000,0.459954,0.561999,0.146299,1.000000
1.000000,0.880531,0.001000,0.001000,0.001000,0.001000,0.001000,1.000000,0.001000,1.000000
0.939070,0.001000,0.763097,0.626085,0.001000,1.000000,0.001000,0.001000,1.000000,0.001000
0.564412,1.000000,0.347582,0.472308,1.000000,0.001000,0.001000,1.000000,0.001000,0.001000
0.144333,0.001000,0.830477,0.001000,0.001000,1.000000,0.394778,0.420318,0.001000,0.201013
0.334317,0.001000,0.001000,0.001000,0.001000,0.001000,0.001000,0.610831,1.000000,0.115114
0.001000,0.664876,1.000000,0.001000,1.000000,0.001000,0.956450,0.629423,0.001000,0.370838
1.000000,0.499139,1.000000,0.209623,0.377734,0.120484,0.208548,0.178553,0.001000,1.000000
0.571051,0.001000,1.000000,0.764081,0.001000,1.000000,0.120924,1.000000,0.295891,1.000000
0.290415,1.000000,0.001000,0.001000,1.000000,0.001000,0.661893,1.000000,0.299897,0.001000
0.022023,1.000000,0.001000,1.000000,0.259908,0.001000,0.400914,0.803359,1.000000,0.494469
0.001000,1.000000,0.001000,1.000000,0.001000,1.000000,1.000000,0.704416,0.001000,0.073596
0.177941,1.000000,0.001000,0.109513,1.000000,0.677614,0.258969,0.021121,0.327152,0.001000
0.271385,1.000000,1.000000,0.001000,0.453695,0.184905,0.001000,0.001000,1.000000,0.162704
0.001000,0.703358,1.000000,0.539111,0.001000,0.001000,0.001000,0.582373,0.001000,0.001000
0.001000,1.000000,0.001000,0.574482,0.153238,0.654659,0.423963,1.000000,1.000000,0.001000
1.000000,1.000000,0.601363,0.317450,0.001000,1.000000,0.401635,0.040716,1.000000,0.465534
0.001000,1.000000,1.000000,0.001000,0.001000,1.000000,0.001000,0.001000,0.443758,0.001000
1.000000,1.000000,0.001000,1.000000,0.366327,0.001000,0.001000,0.001000,0.216374,0.209201
1.000000,1.000000,0.566439,0.001000,0.125417,1.000000,0.253798,1.000000,1.000000,1.000000
0.125473,0.172773,0.462228,1.000000,0.001000,0.001000,0.001000,0.214436,0.001000,0.875867
0.001000,0.218248,0.001000,0.001000,0.001000,1.000000,0.001000,0.001000,0.001000,0.001000
0.251036,0.188649,0.982433,1.000000,0.079432,1.000000,0.001000,0.001000,1.000000,0.001000
0.538188,0.495197,0.691242,0.567286,1.000000,1.000000,0.512467,0.822608,0.001000,0.001000
1.000000,0.001000,1.000000,1.000000,0.001000,0.001000,0.132891,0.001000,0.556527,0.001000
0.005625,0.786154,0.363568,0.001000,0.351092,0.663010,0.723633,0.001000,0.001000,0.912012
0.205066,0.050259,0.714180,0.262213,0.001000,1.000000,0.837499,1.000000,0.616943,0.111202
0.001000,1.000000,0.623299,0.001000,0.001000,1.000000,0.382310,0.001000,1.000000,0.001000
1.000000,0.001000,1.000000,1.000000,0.715931,0.808112,0.001000,0.001000,0.001000,0.305183
0.001000,0.365610,0.001000,0.001000,1.000000,0.057111,0.001000,0.001000,0.001000,0.406943
1.000000,0.406702,0.004993,1.000000,1.000000,1.000000,0.488415,0.187166,0.886529,0.267749
0.388596,0.613638,0.001000,1.000000,1.000000,0.001000,0.050309,0.001000,0.001000,1.000000
0.210330,0.001000,0.001000,0.968145,0.528122,0.710073,0.001000,0.001000,0.001000,0.278416
0.001000,0.001000,0.001000,0.788271,0.241875,0.001000,1.000000,0.001000,0.381160,1.000000
1.000000,0.417734,1.000000,0.001000,0.001000,0.457601,0.536403,1.000000,1.000000,0.130209
0.001000,0.535332,0.679424,0.981240,0.001000,0.001000,0.001000,0.001000,0.001000,0.850358
0.001000,0.001000,0.547895,0.245712,0.883891,0.527664,0.001000,0.001000,1.000000,1.000000
1.000000,0.511788,0.847128,1.000000,0.001000,1.000000,0.565869,1.000000,0.020912,0.001000
1.000000,1.000000,0.512762,0.001000,0.001000,1.000000,0.001000,0.518353,0.898343,0.007574
1.000000,0.001000,1.000000,0.001000,0.351940,1.000000,0.001000,0.001000,0.241678,1.000000
0.001000,0.001000,0.327271,0.001000,0.533621,0.001000,0.942296,0.001000,0.001000,1.000000
0.001000,0.001000,0.129894,0.388922,1.000000,0.001000,1.000000,0.001000,1.000000,0.901355
1.000000,0.001000,0.001000,0.001000,0.001000,1.000000,1.000000,0.263133,0.001000,0.859793
0.823882,0.852669,0.001000,0.001000,1.000000,0.001000,0.001000,0.001000,0.125290,0.001000
0.001000,0.198219,1.000000,1.000000,0.521953,0.492895,0.224457,1.000000,0.001000,1.000000
0.001000,1.000000,0.001000,0.867329,0.232013,1.000000,1.000000,0.001000,0.134201,0.001000
1.000000,1.000000,1.000000,0.001000,1.000000,1.000000,0.573923,0.021737,0.585050,0.001000
1.000000,1.000000,1.000000,0.001000,0.516517,0.282949,0.001000,0.001000,0.001000,1.000000
0.855282,0.586730,0.001000,1.000000,0.001000,0.711932,0.001000,0.310490,0.001000,0.001000
0.001000,0.001000,0.001000,0.001000,0.001000,0.756545,0.001000,0.143816,0.001000,0.001000
0.853684,0.893733,0.834399,0.001000,0.001000,0.375434,0.001000,0.758662,0.001000,1.000000
0.001000,0.168827,1.000000,0.001000,1.000000,0.760859,0.216293,0.112912,0.689389,0.001000
1.000000,0.001000,1.000000,0.001000,0.001000,0.352056,0.001000,1.000000,0.790617,0.989677
0.001000,0.714955,0.677695,0.001000,0.437010,0.001000,0.001000,1.000000,0.219620,1.000000
0.822785,0.583515,0.001000,0.011690,0.001000,0.624160,0.001000,0.495587,0.001000,0.252664
0.001000,1.000000,0.085170,1.000000,0.283456,0.001000,0.001000,0.001000,0.159929,0.001000
0.001000,0.232104,1.000000,0.197423,0.001000,1.000000,0.661344,0.001000,0.432722,0.001000
0.227471,0.248119,0.606956,0.346521,0.190793,1.000000,1.000000,0.001000,1.000000,0.001000
1.000000,0.001000,1.000000,0.001000,0.757991,0.001000,0.761383,0.042544,1.000000,0.343914
0.051010,0.491382,0.682542,0.001000,1.000000,0.001000,0.023625,0.085441,0.001000,0.001000
1.000000,0.694707,1.000000,0.001000,0.822297,0.001000,0.186600,0.323198,0.001000,1.000000
0.872778,0.001000,1.000000,0.001000,0.001000,0.571009,1.000000,0.001000,0.251268,0.001000
0.001000,0.001000,1.000000,0.241020,0.001000,0.001000,0.630444,0.001000,0.783545,1.000000
0.001000,0.001000,0.039307,0.688423,1.000000,1.000000,0.001000,0.958061,0.001000,0.001000
1.000000,0.001000,0.992157,0.001000,0.660304,1.000000,1.000000,1.000000,0.766246,0.001000
0.001000,0.775951,0.467974,0.226461,0.001000,0.001000,0.001000,0.813829,1.000000,1.000000
0.312230,0.281323,1.000000,0.001000,0.001000,0.840590,0.672219,1.000000,1.000000,0.001000
1.000000,0.059342,0.430118,0.001000,1.000000,0.605464,0.960350,0.001000,1.000000,1.000000
0.323027,0.001000,0.001000,0.001000,1.000000,1.000000,0.355038,1.000000,0.480508,0.001000
0.001000,0.001000,1.000000,0.087174,0.001000,0.001000,1.000000,0.001000,0.001000,0.001000
1.000000,0.001000,1.000000,1.000000,0.001000,1.000000,0.001000,1.000000,0.001000,0.070156
0.001000,0.453545,0.001000,0.003543,0.001000,0.591109,0.415932,1.000000,0.309096,0.001000
0.001000,0.187610,1.000000,0.001000,0.616790,1.000000,0.001000,0.677758,0.363569,0.352541
0.590055,0.977162,1.000000,0.001000,0.080106,1.000000,0.001000,0.381291,1.000000,0.007594
0.788982,0.001000,1.000000,0.288762,0.738574,0.770121,1.000000,0.001000,1.000000,0.001000
1.000000,1.000000,0.001000,0.001000,0.959542,1.000000,1.000000,0.001000,0.677963,0.001000
0.376168,0.001000,1.000000,1.000000,0.001000,0.001000,0.001000,1.000000,0.530940,0.312741
0.001000,0.001000,0.001000,0.001000,0.020574,0.211458,0.001000,0.995783,1.000000,0.001000
0.001000,0.355616,1.000000,0.001000,0.001000,0.001000,0.001000,0.878986,0.001000,0.001000
1.000000,1.000000,0.856820,1.000000,0.822076,1.000000,1.000000,0.001000,0.952892,0.110316
0.152482,0.439032,0.026166,0.001000,0.001000,0.001000,0.001000,0.004312,1.000000,0.001000
1.000000,1.000000,0.339266,1.000000,1.000000,1.000000,1.000000,0.001000,0.457906,0.490225
0.001000,0.001000,0.393485,0.691191,0.001000,0.035573,0.334408,1.000000,0.899370,0.001000
0.001000,0.793270,1.000000,0.001000,0.626480,0.510591,1.000000,0.082760,1.000000,0.001000
0.001000,0.001000,1.000000,0.001000,1.000000,0.266425,0.424035,0.001000,0.001000,0.111979
1.000000,0.446233,0.737599,0.001000,0.001000,0.001000,0.282629,1.000000,0.001000,0.001000
1.000000,0.001000,0.001000,1.000000,1.000000,0.001000,0.748796,0.001000,0.001000,0.223362
0.825455,0.162940,1.000000,1.000000,0.001000,1.000000,1.000000,1.000000,0.001000,1.000000
0.377759,0.001000,1.000000,1.000000,0.305175,0.567665,0.001000,0.001000,0.001000,0.001000
0.036141,0.067596,0.935984,0.036198,0.001000,0.001000,0.219861,0.161906,1.000000,0.048256
0.620982,0.001000,0.001000,1.000000,1.000000,1.000000,1.000000,0.001000,0.001000,0.007801
1.000000,1.000000,0.001000,1.000000,1.000000,1.000000,0.229998,0.001000,0.624429,0.063613
1.000000,0.729416,0.001000,0.001000,0.001000,0.001000,0.001000,0.152577,0.001000,0.327282
0.981767,0.288496,0.311311,0.823451,0.001000,0.889244,0.001000,0.678957,0.001000,1.000000
1.000000,0.001000,1.000000,0.474278,0.001000,0.081082,1.000000,0.424652,0.001000,0.001000
0.001000,0.001000,1.000000,0.001000,0.134543,0.001000,0.001000,0.405142,0.001000,0.970978
0.334141,1.000000,1.000000,1.000000,0.224724,0.741659,0.001000,0.001000,0.001000,0.001000
0.588594,1.000000,1.000000,1.000000,1.000000,1.000000,0.001000,1.000000,0.831308,0.001000
0.672655,0.073396,0.849482,1.000000,0.580652,0.290951,0.576684,0.001000,0.543699,0.001000
0.234326,1.000000,1.000000,0.001000,0.001000,0.869025,0.001000,0.001000,0.001000,0.311195
1.000000,1.000000,1.000000,0.001000,0.001000,1.000000,0.745140,1.000000,0.668498,1.000000
0.001000,0.001000,0.001000,0.001000,0.001000,1.000000,0.797917,0.846337,1.000000,0.001000
0.603794,1.000000,0.001000,0.001000,0.128154,0.001000,0.010869,1.000000,0.001000,1.000000
0.001000,1.000000,1.000000,0.958553,0.001000,0.001000,0.001000,1.000000,1.000000,0.001000
1.000000,0.541223,0.383040,0.001000,1.000000,1.000000,0.239104,0.001000,0.321670,0.242121
0.001000,0.001000,0.378569,1.000000,0.667409,0.001000,0.576219,1.000000,1.000000,0.170370
1.000000,1.000000,1.000000,0.049831,0.583034,0.001000,0.001000,1.000000,1.000000,0.982877
0.369793,1.000000,0.201406,0.577160,0.377057,0.745063,0.282129,0.001000,0.001000,0.001000
0.792925,0.857187,0.001000,0.350632,0.001000,0.785266,0.001000,0.518419,0.001000,0.001000
0.001000,0.384540,0.231681,0.001000,0.001000,1.000000,0.001000,0.001000,0.995142,0.001000
0.001000,0.001000,0.898284,0.001000,0.001000,0.188732,0.516610,0.497089,0.016746,1.000000
1.000000,0.406384,0.001000,1.000000,0.265257,1.000000,0.640839,0.116469,0.001000,0.337048
1.000000,0.001000,0.001000,1.000000,1.000000,0.001000,0.001000,0.910625,1.000000,0.001000
0.821333,0.001000,0.789755,0.001000,0.763548,1.000000,1.000000,0.701414,0.001000,0.001000
0.326824,1.000000,0.310728,0.534264,0.171017,0.541532,0.001000,1.000000,0.001000,0.725250
1.000000,1.000000,0.001000,0.170637,0.001000,1.000000,0.001000,0.534268,0.001000,1.000000
1.000000,0.001000,0.001000,1.000000,0.001000,0.001000,0.001000,1.000000,1.000000,0.053479
1.000000,1.000000,0.001000,0.005279,1.000000,0.468492,0.940434,1.000000,0.001000,0.217154
0.859120,1.000000,0.001000,0.793210,1.000000,0.738195,0.001000,1.000000,0.001000,0.001000
0.001000,0.001000,0.894435,0.001000,0.038063,0.264642,0.001000,0.001000,0.001000,0.004380
1.000000,0.001000,0.721713,0.001000,0.743135,0.243178,0.001000,0.001000,0.372409,0.001000
1.000000,0.185053,0.001000,1.000000,0.001000,0.754098,1.000000,0.001000,0.857042,0.794553
0.788386,0.001000,1.000000,0.001000,0.001000,0.048496,0.029390,0.313865,0.001000,1.000000
0.001000,0.001000,0.176309,0.298308,0.001000,0.001000,0.772841,0.833892,0.116675,0.001000
0.001000,0.786519,0.001000,0.001000,0.001000,0.791213,0.121746,0.001000,0.001000,0.549378
0.068528,0.687037,0.001000,0.365077,0.490198,0.001000,0.001000,0.696326,0.014650,1.000000
0.001000,0.842300,1.000000,0.001000,0.454323,0.001000,1.000000,0.744899,1.000000,0.960356
0.814642,0.001000,1.000000,0.198662,0.001000,0.001000,0.001000,0.424960,0.042284,0.001000
0.001000,0.001000,1.000000,0.167404,0.001000,1.000000,0.883357,0.001000,0.411564,1.000000
0.001000,0.964373,0.703853,0.001000,0.366730,1.000000,0.001000,1.000000,1.000000,0.581920
0.622737,0.739091,0.126959,1.000000,0.860911,0.855635,1.000000,0.609493,0.927065,0.001000
0.001000,1.000000,0.729930,0.877799,0.139439,1.000000,1.000000,0.001000,0.001000,0.678952
1.000000,0.716285,0.330714,1.000000,0.240948,0.461704,0.001000,0.750966,0.037376,0.001000
0.451607,1.000000,0.001000,0.110822,1.000000,0.001000,0.873491,0.202081,0.154740,0.072122
0.585351,1.000000,1.000000,0.211259,0.001000,0.001000,0.001000,0.001000,1.000000,0.070976
0.644068,0.001000,0.095026,0.001000,0.001000,0.986110,0.001000,1.000000,0.001000,0.001000
0.163899,0.240753,0.001000,0.781714,0.225741,0.001000,0.001000,0.001000,0.035172,0.001000
0.001000,1.000000,0.674164,0.981569,0.868006,1.000000,1.000000,0.736580,0.141598,0.001000
0.001000,0.308047,0.567831,0.200014,0.001000,0.804491,0.259280,1.000000,0.629251,0.001000
1.000000,0.805787,0.001000,0.001000,1.000000,0.001000,0.001000,0.344006,0.001000,1.000000
0.001000,0.001000,0.551734,0.001000,0.096691,0.638136,1.000000,0.001000,0.001000,1.000000
1.000000,0.854761,0.001000,0.001000,1.000000,0.001000,0.001000,0.744254,1.000000,0.001000
1.000000,0.001000,0.001000,0.287284,0.001000,0.598986,0.001000,0.041558,1.000000,1.000000
0.001000,1.000000,0.001000,1.000000,0.517259,0.757785,0.957248,0.001000,0.001000,1.000000
0.001000,0.001593,0.218607,0.538404,1.000000,0.001000,0.001000,0.279290,0.437134,0.001000
1.000000,0.001000,0.615354,1.000000,0.001000,0.267328,0.001000,0.001000,0.654600,0.028598
0.233183,0.033263,1.000000,0.225846,0.669550,1.000000,0.001000,1.000000,0.001000,0.739540
1.000000,0.001000,0.001000,0.278391,0.387979,0.444700,0.001000,0.001000,0.296087,0.371605
0.001000,0.503578,0.643431,0.361667,1.000000,0.480526,0.001000,1.000000,0.001000,0.746629
0.660114,0.001000,0.001000,0.001000,0.561516,1.000000,0.582106,1.000000,0.295567,0.001000
0.801707,0.001000,1.000000,0.441942,0.496849,0.930702,0.001000,0.001000,1.000000,0.719165
0.001000,0.413961,1.000000,0.001000,0.001000,1.000000,0.269537,0.001000,0.925164,0.001000
0.262675,0.001000,0.001000,0.710268,0.810639,0.001000,0.114836,0.001000,1.000000,0.269106
0.001000,0.500556,0.767877,0.001000,0.369727,0.001000,0.001000,0.463688,0.968282,1.000000
0.437523,0.001000,0.431698,0.001000,0.388874,0.001000,0.830130,0.010189,1.000000,0.001000
1.000000,0.087301,0.001000,0.001000,0.001000,0.233328,0.001000,0.605729,0.120327,0.553787
1.000000,0.001000,0.001000,0.001000,0.638736,1.000000,0.045575,0.476462,0.312083,1.000000
0.001000,0.001000,0.616177,1.000000,0.165983,0.001000,0.001000,1.000000,0.535528,1.000000
0.114832,0.001000,1.000000,0.001000,0.001000,0.508813,0.001000,0.001000,0.001000,0.001000
0.177604,0.332005,0.476406,0.217872,0.195798,0.644516,0.001000,1.000000,0.001000,1.000000
1.000000,1.000000,0.118128,0.075209,0.051955,0.112968,0.183677,0.459162,0.788814,0.001000
1.000000,0.769518,0.001000,0.001000,0.001000,0.394561,0.001000,0.590231,0.390594,1.000000
1.000000,0.001000,1.000000,0.910525,0.531195,0.001000,0.001000,0.001000,0.410657,0.001000
0.001000,0.001000,0.001000,0.001000,0.197217,1.000000,0.350468,0.001000,0.001000,0.439496
0.242463,0.001000,0.001000,0.001000,0.001000,0.001000,1.000000,0.001000,0.072930,0.001000
0.715204,1.000000,0.001000,1.000000,0.001000,0.001000,0.812973,0.001000,1.000000,0.001000
0.001000,0.664903,0.549519,0.001000,0.001000,1.000000,0.098350,0.402461,0.001000,0.665963
0.930546,0.001000,1.000000,0.001000,1.000000,0.001000,0.554708,1.000000,0.359605,1.000000
0.894576,1.000000,1.000000,0.769696,0.001000,0.605072,1.000000,0.906502,0.001000,0.272961
0.762650,0.398886,0.277702,1.000000,0.667632,0.168475,0.939357,0.001000,0.001000,0.275541
0.856117,0.001000,1.000000,0.510220,0.012599,1.000000,0.001000,0.556319,0.001000,0.001000
1.000000,1.000000,0.001000,0.001000,0.150228,0.209736,0.001000,0.001000,1.000000,0.001000
1.000000,0.001000,0.001000,0.285250,0.952401,1.000000,0.001000,1.000000,1.000000,1.000000
0.549051,0.001000,1.000000,1.000000,0.340310,0.001000,1.000000,0.001000,1.000000,0.001000
0.205208,0.001000,0.001000,0.005915,0.351010,0.001000,1.000000,0.170427,0.001000,0.001000
0.642320,0.423336,0.001000,0.938504,0.001000,0.318176,1.000000,0.001000,1.000000,0.176989
0.001000,0.785187,0.001000,1.000000,0.001000,1.000000,0.001000,0.001000,1.000000,0.001000
0.001000,1.000000,1.000000,0.044584,0.325486,1.000000,0.001000,0.001000,0.114236,1.000000
1.000000,0.105729,0.397804,0.001000,1.000000,1.000000,0.882284,0.001000,0.001000,1.000000
1.000000,0.760573,1.000000,0.191972,0.739187,0.001000,0.163832,0.761317,1.000000,0.001000
1.000000,0.146097,0.424504,0.001000,0.297361,1.000000,1.000000,0.129529,1.000000,0.319877
0.001000,1.000000,0.660384,1.000000,0.549914,1.000000,0.001000,0.152530,0.274882,0.001000
1.000000,0.176666,0.001000,0.001000,1.000000,1.000000,1.000000,0.001000,1.000000,1.000000
0.001000,0.001000,1.000000,0.910753,0.168286,0.439185,0.001000,0.222678,1.000000,0.001000
0.001000,0.001000,1.000000,0.179583,1.000000,0.001000,0.001000,0.001000,0.419846,0.837517
1.000000,0.001000,1.000000,1.000000,0.001000,1.000000,0.058403,0.111920,0.859482,0.001000
0.001000,0.001000,0.001000,0.532420,0.705947,0.001000,0.001000,0.001000,0.001000,1.000000
0.530826,0.001000,1.000000,0.398168,0.001000,0.178745,0.025535,0.001000,1.000000,0.866297
0.442699,1.000000,0.181037,0.498487,0.821937,1.000000,0.026161,0.001000,1.000000,0.085241
0.001000,0.826240,1.000000,0.001000,1.000000,0.001000,1.000000,0.893880,0.001000,1.000000
1.000000,0.001000,0.001000,0.354899,0.244347,1.000000,0.461716,0.001000,0.159034,0.375147
1.000000,0.051229,1.000000,1.000000,0.001000,1.000000,0.989361,1.000000,0.001000,1.000000
0.639332,0.916290,0.001000,0.001000,0.001000,1.000000,0.001000,0.352332,1.000000,0.001000
0.270410,0.118903,1.000000,0.001000,0.001000,0.834712,0.159460,0.001000,0.001000,0.707432
0.001000,1.000000,0.001000,0.001000,1.000000,0.001000,1.000000,0.001000,0.001000,0.053985
0.001000,0.001000,0.376808,1.000000,1.000000,0.001000,1.000000,0.001000,0.960109,0.001000
0.001000,0.652785,0.495511,0.181411,0.001000,0.001000,1.000000,0.033928,1.000000,0.001000
1.000000,0.417673,0.682451,0.001000,0.521190,0.708858,0.587009,0.595601,0.001000,0.971579
0.001000,0.395965,0.001000,0.001000,0.295800,0.001000,0.001000,0.678387,0.210655,0.206279
0.001000,0.001000,1.000000,1.000000,0.001000,1.000000,1.000000,1.000000,0.567295,0.001000
1.000000,0.552398,0.001000,0.001000,0.709764,0.546386,1.000000,0.001000,0.001000,1.000000
0.689752,0.001000,0.884880,0.001000,0.523992,0.001000,0.967224,0.001000,1.000000,0.001000
1.000000,1.000000,1.000000,0.839634,0.001000,0.001000,0.001000,0.001000,0.001000,0.001000
0.001000,0.440159,0.029299,0.902563,0.001000,0.001000,0.001000,0.448777,1.000000,0.148948
0.326780,0.592948,0.001000,0.056437,1.000000,0.823937,0.001000,0.637106,0.001000,0.179430
1.000000,1.000000,0.552575,0.001000,0.920544,0.128681,0.550036,0.788383,0.041122,1.000000
0.923607,0.001000,0.345915,0.147706,0.001000,0.618801,0.213547,0.001000,0.377058,0.001000
0.191745,0.188798,0.001000,0.414603,0.674883,0.175936,0.594607,0.001000,0.642625,0.001000
0.001000,1.000000,0.989383,1.000000,0.646069,0.095983,0.001000,0.375419,0.001000,0.245912
1.000000,1.000000,1.000000,0.931524,0.001000,0.001000,0.001000,1.000000,0.001000,0.543299
0.461964,0.001000,0.332521,0.320710,0.001000,0.816340,0.652363,0.001000,0.001000,1.000000
0.194208,0.029382,0.001000,0.954069,0.184927,0.001000,0.001000,0.966224,1.000000,0.001000
0.574659,0.001000,0.001000,0.299872,1.000000,0.336765,1.000000,1.000000,1.000000,0.639597
1.000000,0.818759,0.567885,1.000000,0.001000,0.001000,0.001000,0.923274,0.001000,1.000000
1.000000,0.206134,0.001000,0.001000,0.001000,0.001000,0.001000,1.000000,1.000000,0.225820
0.465546,0.001000,0.001000,0.001000,0.094990,0.623759,0.692412,1.000000,1.000000,0.001000
0.001000,0.781948,0.944310,0.001000,0.524764,0.173814,1.000000,0.001000,0.217425,1.000000
0.001000,1.000000,0.001000,0.756743,0.407794,0.001000,0.001000,1.000000,0.001000,1.000000
0.370025,0.608646,1.000000,0.001000,0.001000,1.000000,0.954602,0.001000,0.137888,1.000000
0.899267,1.000000,0.001000,0.764122,1.000000,0.894235,0.358371,0.102807,0.001000,0.001000
1.000000,0.456236,1.000000,0.215939,1.000000,0.001000,0.001000,0.001000,0.132995,0.589508
0.001000,0.587235,0.879129,0.001000,0.734726,0.022184,1.000000,1.000000,1.000000,0.917790
0.001000,0.674605,0.001000,0.001000,1.000000,0.108506,1.000000,0.001000,0.652535,0.001000
0.001000,1.000000,0.001000,0.522554,0.948077,0.001000,0.855061,0.001000,1.000000,0.001000
0.001000,0.001000,0.001000,0.481367,0.194944,0.001000,0.193647,0.001000,0.651096,0.901109
1.000000,1.000000,0.001000,0.837001,0.268552,0.124231,0.001000,0.001000,0.622629,0.920664
0.141690,0.087537,1.000000,1.000000,0.001000,0.087448,1.000000,0.927561,0.436333,0.001000
1.000000,1.000000,0.550313,0.001000,1.000000,0.001000,0.001000,0.954939,1.000000,1.000000
1.000000,0.613196,1.000000,0.602861,0.001000,1.000000,0.001000,0.328021,0.001000,0.232357
0.202464,0.001000,0.001000,0.533363,0.001000,1.000000,0.849707,0.001000,0.001000,0.330187
0.241099,0.001000,1.000000,0.001000,0.276239,1.000000,0.384030,1.000000,0.001000,0.001000
0.001000,0.577516,0.008978,0.331204,0.453129,0.883937,0.266614,0.408627,0.001000,0.001000
0.001000,0.666636,0.995790,0.001000,0.001000,0.027411,0.001000,0.149723,0.379379,0.484972
0.001000,0.674088,0.157461,1.000000,0.001000,0.001000,1.000000,0.403471,0.029471,0.082727
0.001000,0.284112,1.000000,1.000000,1.000000,0.934732,1.000000,0.996356,0.571298,1.000000
0.430173,0.001000,0.001000,0.048196,0.001000,0.001000,0.001000,1.000000,0.001000,1.000000
0.704714,0.001000,1.000000,0.001000,0.093270,0.001000,0.001000,1.000000,0.688179,1.000000
0.001000,0.352459,0.001000,1.000000,0.001000,1.000000,1.000000,1.000000,1.000000,0.451976
0.001000,0.464433,0.458537,1.000000,0.001000,0.001000,0.001000,1.000000,0.001000,0.001000
1.000000,1.000000,0.001000,0.413743,1.000000,0.001000,0.814329,0.001000,1.000000,0.490649
0.001000,0.001000,0.607346,0.001000,0.001000,0.270157,1.000000,0.001000,0.001000,1.000000
0.096777,1.000000,1.000000,0.519703,1.000000,0.001000,1.000000,0.001000,0.001000,0.001000
0.001000,0.678501,0.001000,1.000000,0.001000,0.001000,1.000000,0.170319,0.001000,0.032487
1.000000,0.001000,0.410372,0.470364,0.383202,0.460689,0.001000,0.001000,0.700892,0.001000
0.001000,1.000000,1.000000,1.000000,1.000000,0.001000,0.973212,1.000000,1.000000,0.817717
0.589027,0.730383,1.000000,0.001000,0.001000,0.106918,0.025620,0.587806,0.001000,0.808126
0.001000,1.000000,1.000000,0.001000,1.000000,0.001000,0.001000,0.960151,0.001000,0.621419
0.841160,0.001000,0.549007,1.000000,0.001000,0.001000,1.000000,0.964085,0.001000,0.001000
0.001000,0.637809,0.001000,0.001000,0.001000,0.001000,1.000000,0.669725,0.723974,0.001000
0.001000,0.785554,0.001000,0.001000,1.000000,0.770315,0.001000,1.000000,0.001000,0.001000
1.000000,0.450692,0.001000,1.000000,0.001000,0.217526,0.001000,1.000000,1.000000,0.001000
0.001000,1.000000,1.000000,1.000000,0.057724,1.000000,0.230514,0.668047,0.001000,0.644490
0.001000,1.000000,1.000000,0.001000,0.928493,0.001000,0.001000,0.103196,0.847712,0.001000
1.000000,0.001000,0.024027,1.000000,1.000000,1.000000,0.001000,0.001000,1.000000,0.018444
1.000000,0.265930,1.000000,0.813158,1.000000,0.635287,0.626728,0.001000,0.001000,0.001000
0.001000,0.001000,1.000000,0.001000,0.306028,1.000000,0.001000,0.067714,0.001000,0.159443
1.000000,0.591483,1.000000,1.000000,0.856512,0.640679,0.001000,0.001000,0.103425,0.001000
0.001000,0.001000,0.103605,0.001000,0.001000,0.001000,1.000000,0.393196,1.000000,0.001000
1.000000,0.001000,1.000000,0.564684,1.000000,0.001000,0.001000,0.762314,1.000000,0.975981
1.000000,0.440667,0.001000,0.001000,0.010557,0.885905,1.000000,1.000000,0.001000,1.000000
1.000000,0.207415,1.000000,0.001000,0.001000,0.193332,0.001000,0.807716,0.001000,0.845649
0.159369,0.077593,0.001000,1.000000,1.000000,0.234309,0.001000,0.999099,0.046460,0.001000
0.101783,0.677554,0.001000,0.748973,0.602302,0.341189,0.001000,0.905876,1.000000,1.000000
0.001000,1.000000,0.177858,0.886189,0.001000,0.644689,0.001000,0.765278,0.001000,0.001000
0.001000,1.000000,0.001000,0.001000,0.001000,0.031601,0.728542,0.771627,0.710419,0.001000
0.001000,0.749797,0.531624,0.001000,0.459843,0.001000,0.001000,1.000000,0.736763,1.000000
0.001000,0.240378,1.000000,0.740483,0.001000,0.977721,0.001000,0.656244,1.000000,1.000000
0.001000,0.001000,0.973535,0.001000,1.000000,0.022981,1.000000,1.000000,0.001000,0.001000
0.865174,0.001000,0.001000,1.000000,1.000000,1.000000,0.042296,0.001000,0.485594,0.344434
0.001000,0.762921,0.659720,0.449158,0.001000,0.001000,0.193548,0.587821,0.001000,1.000000
1.000000,0.092469,0.028037,1.000000,1.000000,0.247440,0.622872,0.634949,1.000000,1.000000
0.171748,0.456847,0.754472,0.234022,0.001000,1.000000,1.000000,1.000000,0.874054,0.565831
0.760079,0.410999,0.971982,0.985670,0.811670,0.001000,1.000000,0.001000,0.676909,1.000000
1.000000,0.001000,0.300636,1.000000,0.267341,0.419500,0.036538,0.534810,0.001000,0.182956
1.000000,0.397476,0.001000,0.001000,0.001000,0.896807,1.000000,0.001000,0.001000,0.086128
0.950371,0.001000,0.001000,1.000000,0.001000,0.001000,0.648850,0.864738,0.629534,0.048326
0.001000,0.968529,0.001000,0.001000,0.283815,0.095865,0.528405,0.001000,0.567248,1.000000
0.712792,1.000000,0.001000,0.549196,0.001000,1.000000,0.580016,0.001000,1.000000,0.001000
0.352439,0.830935,1.000000,0.891310,0.454006,1.000000,0.343345,1.000000,0.471466,1.000000
0.960184,0.001000,0.246479,0.001000,1.000000,0.001000,1.000000,0.410786,1.000000,1.000000
0.583282,0.001000,1.000000,0.001000,0.510242,0.001000,0.001000,0.360254,0.854601,0.001000
1.000000,0.001000,0.127126,0.097930,0.828283,1.000000,0.087685,0.873541,1.000000,0.104263
0.001000,0.440696,0.001000,1.000000,0.001000,0.001000,0.001000,0.001000,0.494339,0.321107
1.000000,0.780817,0.001000,0.001000,0.800365,0.959552,1.000000,0.001000,0.177924,1.000000
0.590222,1.000000,0.291219,1.000000,0.243344,0.001000,0.079453,1.000000,0.613263,0.001000
0.001000,0.001000,0.001000,0.095210,0.102269,1.000000,0.311899,0.001000,0.001000,1.000000
0.369292,1.000000,0.001000,0.001000,1.000000,0.707983,0.001000,0.625355,0.710788,0.001000
0.001000,0.001000,0.001000,1.000000,0.446595,0.001000,0.001000,1.000000,0.565974,0.021640
0.001000,0.001000,0.001000,0.251027,0.720404,0.478251,0.001000,0.460684,0.001000,0.001000
0.001000,0.001000,1.000000,1.000000,0.001000,1.000000,1.000000,0.343196,0.001000,0.490392
1.000000,1.000000,0.001000,0.552159,0.001000,1.000000,0.001000,1.000000,0.096862,0.001000
1.000000,1.000000,0.001000,0.078078,0.117060,0.522326,0.001000,0.001000,0.551387,1.000000
0.001000,0.001000,1.000000,1.000000,0.620294,1.000000,0.180553,0.001000,0.336104,0.091679
0.016165,1.000000,0.057872,0.853105,1.000000,0.091720,0.001000,1.000000,1.000000,0.001000
0.934243,0.001000,0.782155,0.001000,0.001000,0.867842,1.000000,0.001000,1.000000,0.173685
0.001000,0.305688,1.000000,0.243802,1.000000,0.001000,0.800139,0.442585,1.000000,1.000000
0.605982,1.000000,0.672906,0.723650,0.001000,0.001000,1.000000,0.001000,1.000000,0.607422
1.000000,0.031687,1.000000,0.001000,0.001000,0.414501,0.001000,1.000000,1.000000,1.000000
0.001000,0.001000,0.001000,1.000000,0.323486,1.000000,0.001000,0.001000,0.001000,1.000000
0.807029,0.001000,0.603319,1.000000,0.001000,0.700294,0.001000,1.000000,0.122186,0.255492
1.000000,0.332978,1.000000,0.986896,0.001000,1.000000,0.800661,0.001000,0.001000,1.000000
0.001000,0.730200,0.001000,0.021839,0.001000,0.066711,0.001000,0.001000,1.000000,0.001000
1.000000,0.946349,1.000000,1.000000,0.001000,0.001000,0.001000,0.001000,1.000000,0.779579
0.001000,0.348900,0.292009,0.112781,0.881414,0.001000,0.001000,0.001000,1.000000,0.001000
0.534811,0.001000,1.000000,0.001000,0.001000,0.206834,0.819562,0.189354,0.001000,1.000000
0.001000,1.000000,0.001000,1.000000,1.000000,0.001000,0.986411,0.275655,1.000000,0.655968
0.419815,0.001000,0.001000,1.000000,0.426968,0.535670,0.695618,1.000000,0.692406,0.001000
1.000000,0.048912,0.001000,0.671764,0.728494,0.425208,0.001000,0.001000,1.000000,0.419214
0.001000,0.426669,1.000000,0.001000,0.001000,0.804370,0.602699,0.001000,0.001000,0.001000
0.001000,0.001000,0.001000,0.128116,0.881745,0.682474,0.888810,1.000000,0.465736,0.942636
0.001000,0.001000,0.001000,0.001000,0.030541,0.001000,0.001000,0.058136,0.067458,0.001000
1.000000,0.100233,1.000000,0.001000,0.443503,1.000000,0.562751,1.000000,0.001000,0.290129
0.519631,0.273181,1.000000,0.001000,1.000000,1.000000,0.767313,0.001000,0.001000,0.001000
0.585230,0.001000,0.001000,0.064025,0.518570,0.701524,0.001000,0.952472,0.001000,1.000000
0.610817,0.910053,0.174585,1.000000,0.860217,0.001000,0.162004,0.001000,0.001000,0.001000
0.001000,1.000000,1.000000,1.000000,0.282688,0.001000,0.139214,0.001000,0.001000,0.001000
1.000000,1.000000,1.000000,0.001000,0.001000,0.001000,0.001000,0.754979,0.001000,0.636008
0.491396,0.305599,0.001000,0.825743,0.001000,0.001000,0.401723,0.277813,0.549480,0.669639
0.001000,0.001000,1.000000,1.000000,0.210703,0.001000,0.558217,0.001000,1.000000,0.283412
0.001000,1.000000,0.001000,1.000000,1.000000,0.001000,0.001000,0.854576,0.001000,0.345940
0.574674,0.001000,1.000000,0.001000,0.185145,0.001000,0.772333,0.118284,0.004508,0.001000
1.000000,1.000000,0.001000,0.001000,0.454161,0.273120,0.001000,1.000000,1.000000,0.633528
0.001000,0.001000,0.001000,0.749614,0.001000,0.799892,0.588780,0.001000,1.000000,0.001000
0.995329,0.001000,1.000000,0.001000,1.000000,0.796872,0.001000,0.692193,0.583656,0.342504
0.298482,1.000000,0.540729,0.001000,0.294984,1.000000,1.000000,0.921431,1.000000,0.001000
0.671967,1.000000,1.000000,0.001000,1.000000,0.001000,0.250428,0.823702,0.855374,0.422386
0.001000,1.000000,0.001000,1.000000,1.000000,0.001000,0.657889,1.000000,0.001000,0.001000
1.000000,1.000000,0.001000,0.114334,0.001000,0.001000,0.201182,0.001000,1.000000,0.030335
0.497795,1.000000,0.001000,0.001000,0.001000,0.832874,0.001000,0.001000,1.000000,0.770608
0.142085,0.232042,0.408623,1.000000,0.001000,0.001000,0.193278,0.473353,0.627400,0.218341
0.001000,1.000000,1.000000,0.669345,0.001000,1.000000,0.211341,0.015374,0.001000,0.449554
1.000000,0.001000,0.687020,0.001000,0.001000,0.213476,0.001000,0.433598,0.435658,0.001000
0.001000,0.001000,0.722924,0.001000,0.001000,0.001000,0.001000,0.504617,0.020848,0.999219
0.491466,0.778246,1.000000,0.887817,0.082100,0.001000,0.073070,0.740488,0.115634,0.001000
0.001000,0.001000,0.684746,1.000000,0.001000,0.001000,0.001000,1.000000,0.256767,0.111571
1.000000,1.000000,0.001000,0.001000,0.001000,0.001000,0.001000,0.419720,0.001000,0.001000
0.001000,1.000000,0.001000,0.276144,1.000000,0.001000,0.633829,0.908963,0.492060,0.332856
0.001000,0.750264,0.001000,0.028566,0.001000,0.001000,0.913729,1.000000,0.001000,1.000000
1.000000,1.000000,0.571260,0.100057,0.719655,1.000000,0.001000,0.264066,0.663072,1.000000
0.001000,0.001000,0.378558,0.209693,0.790945,0.050841,1.000000,0.001000,0.001000,1.000000
0.001000,0.190418,0.337881,0.001000,0.110705,1.000000,1.000000,0.001000,1.000000,0.001000
0.804235,0.835114,1.000000,0.196172,1.000000,1.000000,0.367857,0.001000,0.001000,0.073627
1.000000,1.000000,0.764902,0.001000,0.495678,0.277735,0.966366,0.001000,0.001000,0.679862
1.000000,0.001000,1.000000,0.001000,0.001000,0.001000,0.692203,0.001000,0.417047,0.001000
0.794417,0.001000,0.785751,0.561289,0.001000,0.001000,0.335893,1.000000,1.000000,1.000000
1.000000,0.001000,1.000000,0.114929,0.844813,1.000000,0.698948,0.618909,0.690783,0.001000
1.000000,0.001000,0.507040,1.000000,1.000000,0.001000,0.001000,0.414062,0.001000,1.000000
1.000000,0.265630,0.001000,0.001000,0.070310,0.001000,0.209603,0.488348,0.381323,0.459105
0.191867,0.001000,0.001000,0.593410,1.000000,0.001000,1.000000,0.469767,0.001000,1.000000
0.001000,1.000000,0.042730,0.568677,0.001000,0.761528,0.063217,0.001000,0.001000,0.683767
1.000000,1.000000,1.000000,1.000000,0.001000,0.001000,0.743578,0.001000,1.000000,0.519033
0.793925,1.000000,0.204809,1.000000,1.000000,1.000000,0.001000,0.001000,1.000000,0.826653
0.467430,0.001000,1.000000,0.497702,0.001000,0.983821,0.001000,0.001000,1.000000,0.001000
0.001000,0.719991,1.000000,1.000000,0.001000,0.001000,0.213835,1.000000,1.000000,0.250723
0.966633,0.918924,0.001000,1.000000,0.861124,0.001000,0.001000,0.001000,0.703232,0.001000
0.026468,1.000000,0.001000,0.001000,1.000000,0.001000,0.112615,0.001000,0.001000,0.001000
0.001000,0.001000,0.338574,1.000000,0.716603,0.229901,0.810199,0.752957,1.000000,0.370446
0.295261,0.594276,0.001000,0.001000,0.979248,1.000000,0.001000,0.001000,0.925765,0.001000
0.553416,1.000000,0.709556,1.000000,0.966952,0.127023,0.417389,0.168911,1.000000,0.519097
0.001000,0.520465,0.557745,0.089917,0.978912,0.001000,1.000000,0.001000,0.001000,0.001000
0.820709,1.000000,0.001000,1.000000,0.845137,0.809074,1.000000,0.241466,1.000000,0.001000
1.000000,0.001000,0.487173,0.341083,0.792287,0.001000,0.001000,0.001000,0.377823,0.001000
1.000000,0.001000,0.001000,0.001000,0.300607,0.594522,0.881085,1.000000,1.000000,0.261530
0.001000,0.001000,0.994701,1.000000,0.934267,1.000000,0.001000,0.064392,0.001000,1.000000
0.001000,0.400601,1.000000,0.978553,0.001000,0.001000,0.001000,0.254892,1.000000,0.001000
0.878635,0.001000,0.001000,1.000000,0.001000,1.000000,0.001000,0.872070,1.000000,0.520430
0.001000,0.294723,0.001000,0.944112,0.001000,0.001000,0.365399,0.503156,0.073185,0.001000
0.001000,1.000000,0.632983,0.001000,0.001000,0.020913,0.001000,0.001000,0.001000,0.700300
0.001000,0.345587,0.001000,0.001000,0.135757,0.015085,0.530972,0.596828,0.310371,1.000000
0.678838,0.001000,1.000000,0.529305,1.000000,1.000000,0.651713,1.000000,0.001000,0.778360
1.000000,0.217135,0.441042,0.354027,0.001000,0.715909,0.996660,0.001000,1.000000,0.781967
0.411707,0.139102,0.001000,0.635137,0.001000,1.000000,0.001000,0.001000,1.000000,0.001000
0.724328,0.506664,0.450534,0.001000,0.001000,1.000000,0.036892,0.001000,0.933996,1.000000
0.001000,0.001000,0.001000,0.722529,0.001000,0.001000,0.001000,1.000000,0.001000,0.001000
0.001000,1.000000,0.001000,0.704008,0.043047,0.001000,0.178965,1.000000,0.983575,0.532979
0.020415,0.001000,0.527600,1.000000,1.000000,0.814830,1.000000,0.733498,1.000000,1.000000
0.383046,0.934382,0.326522,0.001000,1.000000,0.558131,0.001000,1.000000,0.725750,0.001000
0.390194,1.000000,1.000000,0.001000,0.001000,0.001000,1.000000,0.466037,0.110847,0.001000
0.001000,0.001000,0.001000,0.001000,0.346820,0.001000,1.000000,1.000000,0.384132,1.000000
1.000000,1.000000,0.001000,0.001000,0.001000,1.000000,0.001000,0.001000,1.000000,0.001000
0.232289,0.671328,1.000000,0.976863,0.988074,0.217851,0.001000,0.001000,0.001000,1.000000
0.736700,1.000000,0.001000,1.000000,0.528517,0.072029,1.000000,0.219084,0.001000,1.000000
0.469029,0.268897,1.000000,0.378337,1.000000,0.001000,0.636083,0.057889,1.000000,0.001000
0.888589,0.131273,1.000000,1.000000,0.001000,0.001000,0.268363,0.518030,1.000000,0.001000
1.000000,0.001000,0.001000,0.555438,0.001000,1.000000,0.001000,0.546296,1.000000,0.001000
1.000000,0.001000,1.000000,1.000000,0.874291,0.768695,0.623138,0.898022,1.000000,0.301077
0.001000,0.246150,1.000000,0.505386,0.709115,0.001000,0.001000,0.014159,0.950405,0.517795
0.001000,1.000000,0.329398,1.000000,0.062394,0.848210,1.000000,0.717777,0.163315,0.502464
1.000000,1.000000,0.001000,0.028227,0.022790,0.001000,0.001000,0.001000,0.759617,0.893064
1.000000,0.276545,1.000000,0.847922,0.001000,0.001000,1.000000,0.001000,0.001000,0.350356
1.000000,0.233355,0.496859,0.933591,0.084918,1.000000,0.001000,0.001000,0.001000,0.921815
1.000000,0.858502,0.728801,0.797133,0.808593,0.001000,0.001000,1.000000,0.984478,0.816404
0.001000,1.000000,0.020379,0.364830,0.001000,0.001000,0.001000,0.490186,0.142405,0.401512
0.945516,0.001000,0.468813,0.001000,1.000000,0.454381,0.959558,1.000000,1.000000,1.000000
1.000000,1.000000,1.000000,0.001000,1.000000,0.001000,0.776142,1.000000,0.001000,0.204613
1.000000,0.243383,1.000000,0.001000,0.001000,0.001000,0.468890,1.000000,0.001000,0.513311
0.927250,0.297450,0.776931,0.001000,0.001000,1.000000,0.447790,0.001000,0.075511,0.001000
0.235769,0.512990,0.637230,0.001000,0.898757,0.001000,1.000000,0.862612,0.299292,0.001000
0.001000,0.001000,1.000000,0.001000,1.000000,1.000000,0.732811,1.000000,0.001000,0.813655
1.000000,1.000000,0.940144,0.001000,1.000000,1.000000,0.598141,0.844162,0.035779,0.836279
0.001000,1.000000,0.001000,1.000000,0.001000,1.000000,0.001000,0.001000,0.342820,0.001000
0.001000,0.546028,0.001000,0.313244,0.982155,0.001000,0.001000,1.000000,0.001000,0.742888
0.001000,0.126251,0.911410,0.001000,0.001000,0.348655,0.760767,1.000000,0.001000,0.499223
0.001000,0.001000,1.000000,1.000000,1.000000,0.001000,1.000000,0.728796,0.001000,1.000000
0.001000,0.001000,0.814520,0.001000,0.001000,1.000000,0.942665,0.690553,0.368700,1.000000
0.269003,0.001000,0.001000,0.001000,0.001000,1.000000,0.001000,0.001000,0.001000,0.416109
0.629160,0.651216,1.000000,1.000000,0.001000,0.001000,0.001000,1.000000,0.038750,0.679452
1.000000,1.000000,0.001000,1.000000,0.001000,0.314609,0.001000,0.057974,1.000000,0.576327
0.797876,1.000000,0.494283,0.001000,0.511694,1.000000,0.001000,1.000000,0.002282,0.690731
0.915244,1.000000,1.000000,0.625451,0.867912,0.672540,1.000000,0.347069,0.001000,1.000000
1.000000,0.291831,0.717021,1.000000,0.001000,0.314265,0.102151,1.000000,1.000000,0.001000
0.103328,0.001000,0.001000,1.000000,0.493428,0.330167,0.001000,1.000000,0.001000,0.001000
0.001000,0.001000,0.010889,0.001000,0.001000,1.000000,0.001000,0.858579,0.625430,0.001000
0.127997,0.034483,0.001000,0.001000,0.001000,0.281467,0.001000,0.953755,0.766291,0.001000
0.001000,0.001000,1.000000,1.000000,0.439423,0.566238,1.000000,0.001000,1.000000,1.000000
0.001000,0.001000,0.001000,0.001000,0.001000,0.033565,0.502332,1.000000,0.973724,1.000000
0.472463,1.000000,0.767406,1.000000,0.001000,0.001000,1.000000,0.001000,0.001000,1.000000
0.001000,0.111138,0.116511,0.373625,1.000000,1.000000,0.406104,1.000000,0.367263,0.001000
1.000000,0.768210,0.001000,1.000000,0.131555,1.000000,0.036284,0.001000,0.001000,0.001000
0.473847,0.457065,1.000000,1.000000,1.000000,0.001000,0.833572,0.001000,0.001000,0.001000
1.000000,1.000000,0.001000,1.000000,0.009127,0.470590,0.033781,0.324196,0.001000,0.369624
0.001000,0.001000,1.000000,0.164379,0.493775,0.469817,0.001000,0.151254,0.001000,0.001000
0.528347,0.001000,0.001000,1.000000,1.000000,0.001000,0.001000,0.001000,0.558390,0.001000
0.001000,0.001000,0.164800,0.587061,0.371083,0.001000,0.001000,0.001000,1.000000,0.001000
0.001000,1.000000,1.000000,1.000000,0.001000,0.001000,1.000000,0.001000,0.513987,1.000000
0.001000,0.001000,0.104433,1.000000,0.001000,0.001000,1.000000,0.001000,1.000000,0.617166
0.811565,0.001000,0.956290,0.368681,0.001000,1.000000,0.001000,0.001000,0.001000,0.166232
0.001000,0.001000,0.394843,0.001000,0.001000,0.001000,0.731588,1.000000,0.461722,0.693191
0.001000,0.001000,1.000000,0.001000,0.001000,0.001000,0.001000,1.000000,0.217170,0.001000
0.001000,0.001000,0.001000,0.041456,0.794954,0.001000,0.001000,0.001000,0.181495,0.187175
0.001000,0.001000,0.452329,0.001000,0.001000,0.001000,0.293821,0.624907,0.971546,0.001000
1.000000,0.001000,0.457375,0.001000,1.000000,0.001000,0.001000,0.830333,0.454593,0.553361
0.001000,0.295394,1.000000,0.001000,1.000000,0.330321,1.000000,0.433409,0.001000,0.819772
0.112392,1.000000,1.000000,0.001000,0.001000,1.000000,0.041318,0.001000,0.001000,0.187974
1.000000,0.278337,1.000000,0.012645,1.000000,0.748992,0.474301,0.498847,0.763627,0.264651
0.001000,0.001000,1.000000,0.001000,0.094090,0.826316,0.001000,0.001000,0.566012,0.909600
0.676702,0.992142,0.238771,0.001000,1.000000,0.001000,1.000000,1.000000,0.001000,0.001000
0.983758,0.422361,0.088967,0.282648,0.296903,1.000000,1.000000,0.001000,0.001000,0.001000
1.000000,0.001000,0.934662,0.001000,0.202953,0.001000,0.437362,0.167797,1.000000,0.001000
0.642562,1.000000,0.967434,0.001000,0.538530,0.001000,0.401492,1.000000,0.001000,0.001000
1.000000,0.001000,0.001000,0.819877,0.319597,0.557633,1.000000,1.000000,1.000000,0.004223
1.000000,0.958280,0.001000,0.817087,0.001000,0.596869,1.000000,0.778644,0.266897,0.355029
0.693461,0.001000,0.736538,1.000000,0.956851,0.305576,0.334855,0.497160,0.001000,0.694732
0.001000,0.262258,0.001000,0.533455,0.894433,0.001000,1.000000,0.276272,0.001000,1.000000
0.001000,0.001000,1.000000,0.001000,0.001000,0.001000,1.000000,0.001000,0.584487,0.569536
0.001000,0.001000,0.001000,0.232748,1.000000,0.676272,0.001000,1.000000,0.393682,0.283059
0.001000,1.000000,1.000000,0.189365,1.000000,0.001000,0.961599,1.000000,0.948670,0.540681
0.057905,0.001000,1.000000,0.530498,1.000000,0.550563,0.001000,1.000000,0.918416,1.000000
0.923771,0.895313,0.001000,1.000000,0.001000,1.000000,0.901306,1.000000,0.101922,0.001000
0.001000,1.000000,0.313079,0.921066,0.362837,0.744852,0.001000,0.924122,1.000000,0.667553
1.000000,0.795083,0.747374,0.384423,0.529206,1.000000,0.001000,0.481644,0.001000,0.001000
0.001000,1.000000,1.000000,0.889417,0.001000,0.001000,0.001000,0.001000,0.750105,1.000000
1.000000,0.344479,0.293604,1.000000,0.001000,0.001000,0.344734,0.051743,0.393322,1.000000
0.001000,1.000000,0.328713,0.460045,1.000000,1.000000,0.001000,1.000000,0.001000,0.166334
1.000000,0.001000,0.326634,0.599079,0.001000,1.000000,1.000000,0.001000,0.890766,0.524621
1.000000,0.960029,0.001000,0.001000,0.001000,0.001000,0.624798,0.737198,0.280619,1.000000
0.393118,0.440750,0.001000,0.001000,1.000000,0.001000,1.000000,1.000000,0.001000,0.001000
1.000000,1.000000,0.588039,0.196778,0.001000,1.000000,0.001000,0.708007,0.001000,0.001000
0.001000,0.001000,0.779532,0.001000,0.913381,1.000000,0.041220,1.000000,0.033586,0.075167
0.001000,1.000000,0.584426,0.804629,1.000000,0.001000,0.973917,0.001000,1.000000,0.001000
1.000000,0.128553,0.001000,0.001000,0.001000,1.000000,1.000000,0.071998,0.734254,0.458132
0.001000,0.001000,0.967655,0.001000,0.154876,0.001000,0.001000,0.001000,0.130766,0.001000
0.001000,0.001000,0.001000,0.413013,0.257139,0.745940,0.001000,0.328450,0.216775,0.129624
1.000000,1.000000,0.001000,0.001000,0.747508,0.001000,0.001000,1.000000,1.000000,0.705905
1.000000,0.995242,0.590330,0.585193,1.000000,1.000000,0.001000,1.000000,0.348689,0.001000
0.098292,1.000000,0.001000,1.000000,1.000000,0.001000,0.001000,0.001000,0.039736,0.001000
1.000000,1.000000,0.001000,0.001000,0.793890,1.000000,1.000000,1.000000,0.001000,0.400882
0.105462,0.001000,0.933335,0.271251,0.001000,0.665127,1.000000,0.001000,0.442811,1.000000
0.001000,1.000000,0.758684,0.538231,0.001000,1.000000,0.001000,0.001000,1.000000,0.647692
1.000000,0.761504,0.046675,0.001000,0.001000,0.176510,0.176080,0.283718,0.915853,0.001000
0.715286,0.001000,0.193407,0.001000,0.590561,0.727877,0.796440,0.702484,0.881341,0.791896
0.225928,0.869521,0.001000,1.000000,0.616871,1.000000,0.001000,0.001733,0.167113,0.648293
0.859704,1.000000,0.001000,0.001000,0.099432,1.000000,0.846452,0.796967,0.001000,0.832874
0.889292,1.000000,0.844437,1.000000,0.168076,0.001000,1.000000,0.001000,0.001000,0.844199
0.001000,0.001000,0.932315,1.000000,0.017772,0.864385,1.000000,0.875144,0.001000,0.001000
0.521749,0.986411,0.006902,1.000000,0.001000,0.969892,0.146140,0.001000,0.001000,0.889575
0.275397,0.001000,0.245259,0.978486,0.001000,1.000000,0.338149,1.000000,0.001000,0.001000
0.001000,1.000000,1.000000,1.000000,0.411945,0.413672,0.498538,0.001000,1.000000,0.001000
0.001000,0.821132,0.929457,0.001000,0.001000,0.170600,1.000000,1.000000,0.392245,0.997387
1.000000,0.631391,1.000000,0.084666,0.050702,0.001000,0.872122,1.000000,0.001000,0.212018
0.001000,0.421309,0.275737,0.027204,1.000000,0.202048,1.000000,0.001000,0.001000,0.001000
0.001000,0.963991,0.469789,0.247487,0.001000,0.677952,0.001000,1.000000,0.001000,0.631669
0.001000,0.283831,1.000000,0.211070,0.001000,1.000000,0.001000,0.542051,0.001000,0.454244
0.746953,0.970890,0.001000,1.000000,0.866269,1.000000,0.816100,1.000000,1.000000,1.000000
1.000000,0.001000,1.000000,0.812910,1.000000,0.001000,0.001000,0.001000,1.000000,0.751392
0.191994,0.001000,0.067499,0.001000,0.001000,0.338755,0.001000,0.472580,0.400938,0.064161
0.729640,1.000000,0.001000,1.000000,0.290028,0.001000,0.232946,1.000000,1.000000,1.000000
0.702532,1.000000,0.001000,0.001000,0.001000,0.001000,0.001000,1.000000,1.000000,0.038686
0.001000,0.001000,0.001000,0.001000,0.001000,0.001000,0.001000,0.001000,1.000000,0.834670
0.001000,1.000000,0.001000,0.118649,0.001000,1.000000,0.932759,0.629727,0.001000,1.000000
0.001000,1.000000,1.000000,0.001000,0.001000,0.001000,0.001000,0.701942,1.000000,0.675082
1.000000,0.233632,0.001000,0.969603,0.431928,0.001000,1.000000,1.000000,0.189378,1.000000
1.000000,0.001000,0.968118,1.000000,0.355509,1.000000,0.001000,0.889752,0.320309,0.001000
0.757546,0.619544,0.001000,0.439802,1.000000,1.000000,0.272340,0.027431,0.419400,0.001000
0.818660,0.656587,0.450501,0.737702,0.001000,1.000000,0.787985,1.000000,0.908180,1.000000
0.182182,0.732136,0.880983,0.572368,0.745915,1.000000,0.060910,0.001000,0.001000,0.001000
0.236597,1.000000,0.859089,0.001000,1.000000,0.001000,0.302550,0.001000,1.000000,0.059277
1.000000,0.001000,0.614286,0.001000,0.371798,1.000000,0.001000,0.120112,0.877150,0.581009
0.001000,0.042958,0.316886,0.001000,0.068849,0.001000,0.001000,0.034393,0.517306,1.000000
0.715700,1.000000,0.609269,0.001000,0.067574,1.000000,0.878968,0.618147,0.001000,0.527969
0.364923,1.000000,0.001000,0.397650,0.001000,0.001000,0.269365,0.001000,1.000000,0.001000
0.310798,1.000000,0.678042,1.000000,0.001000,0.605325,0.265597,0.001000,1.000000,0.001000
0.001000,0.280731,0.085330,0.001000,0.001000,1.000000,0.001000,0.001000,0.113519,0.001000
0.088137,1.000000,0.001000,0.001000,0.001000,1.000000,1.000000,0.001000,1.000000,0.614520
0.647382,0.001000,1.000000,0.001000,0.001000,0.001000,1.000000,0.517072,1.000000,1.000000
1.000000,0.557003,0.001000,0.422947,0.001000,1.000000,0.001000,0.219239,1.000000,1.000000
0.765026,0.001000,0.001000,0.451419,1.000000,0.181640,0.001000,0.861655,0.138455,0.624777
0.001000,1.000000,1.000000,0.001000,1.000000,0.001000,0.001000,0.001000,1.000000,0.268668
0.001000,1.000000,1.000000,0.529079,0.236411,0.406729,0.885117,0.001000,0.079510,0.334839
1.000000,1.000000,0.001000,0.001000,0.001000,0.202884,0.105686,0.001000,0.165728,1.000000
0.780876,1.000000,1.000000,0.001000,1.000000,0.001000,0.479738,0.545641,0.001000,0.001000
0.001000,0.514299,0.605933,0.001000,0.001000,1.000000,0.001000,1.000000,0.001000,0.001000
0.686272,1.000000,0.001000,0.493231,1.000000,1.000000,0.001000,1.000000,0.799004,0.001000
1.000000,0.792898,0.001000,0.068016,0.001000,0.713003,0.001000,0.766256,0.521141,1.000000
0.214472,1.000000,0.001000,0.001000,0.001000,0.145077,0.001000,0.001000,0.946586,0.995792
0.652613,0.344782,0.042657,0.009155,0.001000,0.522248,0.001000,1.000000,0.001000,1.000000
0.001000,1.000000,0.001000,1.000000,0.687768,0.855298,0.001000,0.001000,0.032766,0.838632
0.242487,0.218413,0.335502,0.601792,0.001000,1.000000,0.001000,0.792167,0.001000,0.984244
0.001000,0.001000,0.098286,1.000000,0.724822,1.000000,0.001000,0.612208,0.369200,1.000000
0.001000,1.000000,0.001000,0.001000,0.001000,0.001000,0.001000,0.728231,0.001000,0.354842
0.063624,0.531709,0.986070,0.001000,0.001000,1.000000,1.000000,0.001000,1.000000,0.001000
0.001000,0.996970,1.000000,0.929777,1.000000,0.550025,0.001000,1.000000,1.000000,1.000000
0.652224,0.816157,0.023881,0.680797,0.001000,0.001000,0.001000,1.000000,0.867961,1.000000
0.412411,0.653606,1.000000,0.001000,0.399516,1.000000,1.000000,0.001000,0.001000,0.001000
0.001000,0.001000,0.001000,1.000000,0.001000,0.148470,0.001000,0.001000,0.001000,0.661696
0.001000,0.001000,1.000000,0.478568,0.001000,1.000000,1.000000,0.475060,0.001000,0.001000
0.494976,0.001000,1.000000,0.068679,0.048686,0.896700,0.099715,0.753789,1.000000,1.000000
0.001000,0.001000,1.000000,0.671566,0.466844,0.001000,1.000000,1.000000,0.417486,1.000000
0.861488,1.000000,0.354121,0.739363,0.001000,0.001000,1.000000,0.907190,1.000000,0.001000
0.001000,0.001000,0.001000,0.101059,0.565668,0.979488,1.000000,1.000000,0.001000,0.001000
0.852274,1.000000,0.001000,1.000000,0.001000,1.000000,0.001000,0.963162,0.001000,0.902744
1.000000,0.001000,0.416131,1.000000,0.001000,0.707464,1.000000,1.000000,0.001000,0.633285
1.000000,0.001000,0.001000,0.001000,0.961799,0.363182,0.001000,0.001000,0.723538,0.623397
0.001000,1.000000,0.665912,0.001000,0.001000,0.001000,1.000000,0.001000,1.000000,0.001000
0.001000,1.000000,0.001000,0.214826,0.001000,1.000000,1.000000,1.000000,0.388271,0.001000
0.199314,0.649136,0.001000,0.346460,0.001000,0.001000,0.001000,1.000000,0.001000,1.000000
0.001000,0.001000,0.526225,0.676693,0.001000,0.523963,0.637993,0.001000,1.000000,0.001000
1.000000,0.243502,0.553369,0.607170,0.791304,0.001000,0.365179,0.907789,0.845589,0.150229
0.468135,1.000000,1.000000,1.000000,0.001000,0.586022,0.695206,1.000000,1.000000,0.080211
0.001000,0.435412,0.676439,0.912387,1.000000,0.080868,0.001000,1.000000,1.000000,0.569661
0.001000,0.111064,0.001000,0.049715,1.000000,0.001000,0.001000,0.001000,0.001000,0.208060
0.336163,0.892207,0.246221,0.001000,0.986876,0.001000,0.001000,0.001000,1.000000,0.779343
0.225161,1.000000,0.341792,0.590998,0.001000,0.001000,0.419526,1.000000,0.366265,0.001000
0.241848,0.334792,0.699365,1.000000,0.001000,0.001000,0.001000,0.802256,0.560364,0.001000
1.000000,0.398065,1.000000,0.001000,0.034933,0.001000,0.722700,0.001000,0.001000,1.000000
0.336478,0.001000,0.000859,1.000000,0.097292,1.000000,1.000000,0.001000,0.001000,1.000000
0.136601,0.533588,0.641857,0.683841,1.000000,0.967127,0.001000,0.420304,0.199185,1.000000
0.171494,0.766951,0.976877,0.198779,0.271744,0.489107,0.192087,0.001000,1.000000,0.877119
0.622160,1.000000,0.070038,0.852105,0.001000,0.001000,1.000000,0.001000,0.565724,0.001000
1.000000,0.652191,0.473664,1.000000,0.001000,0.001000,0.220254,1.000000,1.000000,0.049811
0.107427,1.000000,0.001000,0.942433,0.355488,1.000000,0.001000,0.001000,0.001000,0.488689
0.001000,0.001000,0.522234,0.001000,0.001000,0.457005,0.001000,0.001000,0.001000,0.001000
0.284985,0.001000,0.242020,0.658915,0.540124,1.000000,1.000000,0.894882,0.367173,0.233673
1.000000,0.001000,0.136064,0.963048,0.233137,0.001000,0.001000,0.001000,0.001000,0.001000
0.197434,0.001000,0.471126,0.569413,0.001000,0.798124,1.000000,0.619037,0.001000,1.000000
0.001000,0.092755,0.222318,0.001000,1.000000,1.000000,0.001000,1.000000,1.000000,0.001000
1.000000,0.001000,0.973143,0.001000,0.001000,0.708702,0.146204,0.001000,0.090899,0.001000
0.114786,0.258449,0.001000,0.281757,1.000000,0.001000,0.732205,0.001000,1.000000,1.000000
0.001000,0.001000,1.000000,0.119294,0.410114,0.449080,0.001000,1.000000,0.964902,0.001000
0.455151,1.000000,0.865903,0.359189,1.000000,0.001000,0.001000,0.191329,0.001000,0.001000
1.000000,0.494074,0.001000,1.000000,0.768227,0.001000,0.157818,0.001000,0.837171,0.001000
0.001000,0.001000,0.001000,0.001000,1.000000,1.000000,0.700560,0.128844,0.001000,0.197744
0.379938,0.200647,0.396035,0.041329,0.332342,0.354145,0.823283,0.001000,0.001000,0.001000
0.379521,0.001000,0.075375,0.001000,0.001000,0.001000,0.001000,0.581559,1.000000,0.001000
1.000000,1.000000,0.756572,0.001000,1.000000,0.001000,1.000000,1.000000,1.000000,0.753969
1.000000,0.001000,0.001000,0.001000,1.000000,0.001000,0.853881,0.861532,1.000000,0.001000
0.001000,0.610418,1.000000,0.399691,0.001000,1.000000,0.332170,1.000000,0.396391,0.373289
0.801314,0.001000,0.001000,0.323205,0.459329,0.001000,1.000000,0.001000,1.000000,0.694536
1.000000,1.000000,0.649182,0.122294,0.849218,0.001000,1.000000,0.734357,1.000000,0.001000
0.001000,0.120339,0.001000,0.204064,0.601585,0.001000,0.001000,0.047273,1.000000,0.001000
1.000000,1.000000,0.320908,0.001000,0.464607,1.000000,0.813070,1.000000,0.001000,0.001000
0.027384,0.213184,0.001000,0.089631,1.000000,0.001000,0.001000,0.001000,0.001000,0.973833
0.122699,0.703429,0.001000,1.000000,0.543436,0.813653,0.950922,0.382619,0.887027,1.000000
0.001000,0.001000,0.071735,0.001000,0.001000,0.871094,0.778011,0.478485,0.001000,0.001000
0.001000,0.932352,0.001000,0.242360,0.001000,1.000000,0.001000,0.956934,0.359250,1.000000
0.001000,1.000000,0.001000,0.001000,1.000000,0.836269,1.000000,0.656972,0.067954,1.000000
0.103345,0.001000,0.001000,0.586046,0.001000,0.001000,1.000000,1.000000,1.000000,0.380880
0.831586,0.001000,0.648397,0.805011,1.000000,0.231674,0.001000,0.001000,0.043598,0.889217
0.001000,0.748907,0.149436,0.001000,0.176052,1.000000,0.287666,0.720038,0.408036,0.001000
0.001000,0.920178,0.001000,0.548002,0.004944,0.001000,1.000000,0.108352,0.676739,0.993575
0.001000,1.000000,0.001000,1.000000,0.776029,0.606273,0.023391,0.825304,1.000000,0.585594
1.000000,0.001000,1.000000,1.000000,1.000000,0.001000,0.001000,0.001000,1.000000,0.689788
0.001000,0.001000,0.001000,1.000000,1.000000,0.001000,0.001000,0.001000,0.089273,1.000000
0.001000,0.001000,0.001000,0.380529,0.630451,1.000000,0.001000,0.991984,0.809962,1.000000
0.001000,0.001000,0.453291,0.001000,1.000000,0.001000,0.001000,0.352856,0.001000,0.868782
0.001000,0.001000,0.249111,0.001000,0.001000,0.001000,0.031826,1.000000,0.001000,0.001000
0.526259,0.001000,0.046478,0.602875,0.028704,0.001000,0.547876,0.643485,0.001000,0.340305
0.353858,1.000000,0.001000,0.004847,1.000000,0.001000,0.560799,0.264849,0.722419,0.001000
0.001000,0.001000,1.000000,0.669591,0.760641,0.496236,0.817148,0.001000,0.001000,0.001000
0.046805,0.001000,0.001000,0.001000,0.264157,0.001000,0.731624,0.001000,0.026304,0.001000
0.001000,0.001000,1.000000,0.177771,0.001000,1.000000,0.101471,1.000000,0.814508,0.872042
0.148419,1.000000,1.000000,1.000000,1.000000,0.043369,0.809250,0.001000,0.001000,0.140075
1.000000,1.000000,1.000000,1.000000,1.000000,0.001000,0.001000,0.770793,0.198767,1.000000
1.000000,0.001000,0.001000,0.425587,1.000000,1.000000,1.000000,0.001000,0.179689,1.000000
1.000000,0.001000,0.065861,0.615249,0.001000,0.001000,0.001000,1.000000,0.001000,0.001000
0.001000,0.716729,0.001000,0.001000,0.001000,0.001000,1.000000,1.000000,1.000000,0.001000
0.001000,1.000000,0.557973,0.823364,0.408167,0.715951,0.001000,0.801147,1.000000,0.001000
0.001000,1.000000,1.000000,1.000000,1.000000,1.000000,0.451663,0.331829,0.001000,0.001000
1.000000,0.363093,0.244903,0.728170,0.153988,0.001000,0.558124,0.001000,1.000000,0.090231
0.441362,0.513963,0.001000,0.001000,1.000000,0.697076,0.001000,0.001000,0.639315,0.001000
0.344127,0.508997,0.613923,0.306250,0.525265,0.711460,0.001000,0.008549,0.001000,0.282087
0.001000,1.000000,1.000000,0.001000,1.000000,0.001000,0.205415,1.000000,1.000000,1.000000
1.000000,0.001000,0.851286,0.336792,1.000000,0.788060,0.001000,1.000000,0.001000,0.001000
0.482857,1.000000,0.001000,0.635384,1.000000,0.001000,0.001000,0.712422,1.000000,0.001000
0.949580,1.000000,1.000000,0.001000,0.001000,0.826898,0.168719,0.517701,0.001000,1.000000
1.000000,0.387789,0.001000,0.001000,0.001000,1.000000,0.001000,1.000000,0.001000,0.001000
0.638830,0.001000,1.000000,0.001000,1.000000,1.000000,0.001000,1.000000,0.739259,0.097462
1.000000,1.000000,0.001000,0.780760,0.001000,1.000000,1.000000,0.406652,0.001000,0.001000
1.000000,0.168564,0.001000,0.286023,0.758724,1.000000,1.000000,1.000000,0.561202,0.001000
0.475859,0.001000,1.000000,0.569605,0.001000,0.001000,0.091902,0.253692,1.000000,1.000000
1.000000,0.773907,0.751545,1.000000,0.708650,0.026261,1.000000,0.001000,0.833810,0.104722
0.001000,0.001000,0.001000,0.001000,0.427937,0.001000,0.001000,0.742764,1.000000,1.000000
0.001000,0.295210,0.503389,0.001000,0.001000,1.000000,0.001000,0.001000,0.673997,0.331642
0.001000,0.001000,1.000000,1.000000,0.201336,0.635519,0.818503,0.001000,0.001000,0.001000
0.067277,0.037453,0.145533,0.001000,1.000000,0.001000,0.001000,0.001000,0.001000,0.001000
0.001000,1.000000,0.953117,0.001000,0.311528,0.119398,0.001000,0.716087,1.000000,1.000000
0.509937,1.000000,0.001000,0.001000,0.001000,0.481538,0.001000,0.001000,0.001000,0.001000
1.000000,0.331750,1.000000,0.728328,0.502847,1.000000,0.001000,0.001000,0.643330,0.001000
0.254886,0.001000,1.000000,0.155144,0.001000,0.188611,1.000000,0.001000,0.001000,0.079037
1.000000,0.001000,0.003958,0.297231,1.000000,0.276033,0.001000,1.000000,0.001000,0.001000
0.681525,0.825491,0.001000,0.001000,0.749963,0.001000,0.001000,0.001000,0.201027,0.001000
1.000000,0.355015,0.452114,0.001000,0.001000,0.001000,0.001000,0.001000,0.001000,0.001000
1.000000,0.001000,0.278064,0.150786,0.394871,1.000000,0.001000,0.001000,0.604908,1.000000
0.001000,0.001000,0.001000,0.001000,0.385934,0.704258,0.001000,1.000000,1.000000,0.887398
0.001000,0.001000,0.008634,0.001000,0.177328,0.001000,0.001000,0.001000,0.001000,0.167253
0.001000,0.001000,1.000000,0.001000,0.888319,1.000000,0.001000,0.595258,1.000000,0.132558
0.001000,0.001000,1.000000,1.000000,0.001000,0.168498,0.001000,0.001000,0.124569,0.084974
1.000000,0.001000,1.000000,0.720586,0.303792,0.001000,0.915512,1.000000,0.001000,0.001000
0.001000,0.001000,0.392844,0.001000,0.001000,0.001000,1.000000,0.001000,0.001000,0.055805
1.000000,0.723890,0.001000,0.428172,0.001000,0.001000,0.001000,0.001000,0.001000,0.252667
0.001000,0.001000,0.793477,0.032882,0.001000,0.001000,0.361740,0.001000,1.000000,0.606033
0.797895,0.074564,0.001000,0.001000,0.001000,0.001000,0.629694,1.000000,0.469266,0.358663
1.000000,0.001000,1.000000,1.000000,1.000000,0.081072,1.000000,1.000000,1.000000,1.000000
1.000000,1.000000,0.136355,1.000000,0.001000,1.000000,1.000000,1.000000,0.001000,0.001000
1.000000,0.001000,1.000000,0.069213,0.001000,1.000000,0.001000,0.001000,0.281120,0.237399
1.000000,0.001000,0.001000,0.001000,0.001000,1.000000,0.448117,1.000000,0.329309,0.001000
0.380088,0.642440,0.001000,0.682535,0.001000,0.001000,0.628128,0.001000,0.001000,0.001000
0.817130,1.000000,1.000000,0.674913,0.839062,1.000000,0.001000,0.273785,0.393709,0.001000
1.000000,1.000000,0.483840,0.091373,1.000000,1.000000,0.001000,0.225640,0.022412,0.001000
0.795568,0.001000,1.000000,0.196059,0.574574,1.000000,1.000000,1.000000,0.425816,0.801361
0.950495,0.001000,0.001000,0.284289,1.000000,0.001000,0.001000,0.697069,0.001000,0.001000
1.000000,0.001000,1.000000,0.001000,1.000000,0.612364,0.233477,0.001000,0.001000,0.310767
1.000000,0.001000,0.001000,0.001000,0.564517,0.479897,0.001000,0.001000,1.000000,0.670727
1.000000,1.000000,0.154532,0.001000,0.149553,0.001000,0.431693,0.001000,0.802295,0.001000
0.629603,0.001000,0.001000,1.000000,0.413523,0.213005,0.782011,0.001000,0.001000,0.088772
1.000000,1.000000,0.734378,0.154915,1.000000,1.000000,1.000000,0.001000,0.702011,0.198157
1.000000,0.233240,0.001000,1.000000,0.001000,0.950766,0.001000,0.001000,0.645529,0.548883
0.344106,1.000000,0.784620,0.023607,1.000000,0.618185,1.000000,0.389551,0.163413,0.001000
1.000000,0.001000,0.798814,0.001000,0.385803,0.426994,0.877329,0.861525,0.789291,0.251341
1.000000,0.107502,0.001000,0.332946,0.624221,0.886969,0.815446,1.000000,1.000000,1.000000
1.000000,0.169480,1.000000,0.001000,0.001000,0.165163,0.001000,1.000000,0.647172,0.001000
0.076426,1.000000,1.000000,0.813775,1.000000,0.388340,0.718342,0.001000,0.001000,0.001000
1.000000,0.921970,0.466735,0.001000,0.001000,0.001000,0.001000,0.410539,0.001000,0.631406
0.023705,0.001000,0.001000,0.955137,0.001000,0.620823,0.217032,0.001000,0.001000,1.000000
0.001000,1.000000,0.995448,0.001000,0.750235,0.001000,0.930131,1.000000,0.001000,0.001000
1.000000,0.001000,1.000000,0.001000,0.001000,0.001000,0.605725,0.043634,1.000000,0.001000
1.000000,0.001000,0.210021,1.000000,0.001000,0.251293,0.401101,0.001000,0.335369,1.000000
0.001000,0.700471,0.868785,0.877871,0.148855,0.084047,0.001000,1.000000,1.000000,0.001000
0.839494,0.001000,1.000000,0.123447,0.027192,1.000000,0.001000,1.000000,1.000000,0.001000
0.020535,0.084529,0.864555,1.000000,1.000000,0.001000,0.001000,0.096431,0.003849,1.000000
0.172682,0.485403,0.803045,1.000000,0.001000,0.549604,1.000000,0.001000,0.255528,0.959827
1.000000,0.292367,0.001000,0.001000,1.000000,0.001000,0.001000,0.842525,0.317519,0.001000
0.001000,1.000000,1.000000,1.000000,1.000000,0.214016,0.699969,1.000000,0.627770,0.001000
0.577689,0.001000,1.000000,0.001000,0.001000,1.000000,0.001000,0.641134,0.001000,0.530901
0.425251,0.001000,0.777073,0.001000,0.001000,0.435021,1.000000,0.001000,0.001000,0.389824
0.816906,0.001000,0.001000,0.001000,0.113062,1.000000,0.107756,0.001000,0.086471,1.000000
0.851397,0.001000,0.001000,0.001000,0.001000,0.343551,0.798873,1.000000,0.156423,0.001000
1.000000,0.001000,0.001000,0.001000,0.001000,0.001000,0.001000,0.001000,0.001000,1.000000
1.000000,0.922593,1.000000,0.001000,0.001000,1.000000,0.001000,0.449460,0.771437,0.001000
0.001000,0.081463,1.000000,0.001000,0.001000,1.000000,1.000000,0.325348,0.001000,0.001000
0.001000,0.001000,1.000000,0.001000,0.566029,0.001000,0.001000,0.983739,1.000000,0.001000
1.000000,0.838118,0.899070,0.675746,0.049340,1.000000,0.414047,0.826554,0.740031,0.049063
0.001000,0.405326,0.167300,0.743616,0.407837,0.423678,0.001000,0.236801,0.001000,1.000000
0.514787,0.001000,0.532809,0.603872,0.688645,0.336572,0.001000,1.000000,0.861940,0.001000
0.554743,0.001000,1.000000,1.000000,1.000000,0.441472,0.416263,0.499988,1.000000,1.000000
0.417412,1.000000,0.551208,1.000000,0.001000,0.403420,0.001000,0.353609,0.001000,1.000000
0.788523,0.131013,0.053797,0.218142,0.001000,0.690747,0.001000,1.000000,0.001000,0.399281
0.090294,0.973038,0.001000,0.001000,1.000000,0.001000,0.985976,0.685804,0.729439,0.659254
0.200246,0.001000,0.001000,0.001000,0.892584,0.001000,0.001000,1.000000,1.000000,1.000000
0.215347,0.001000,0.866113,1.000000,1.000000,0.001000,0.151541,1.000000,0.851202,0.001000
1.000000,0.813112,0.920409,0.522189,0.625301,0.689533,0.138246,1.000000,1.000000,1.000000
1.000000,0.001000,1.000000,1.000000,0.800816,0.662033,0.001000,0.917586,0.607841,0.001000
0.731942,0.001000,0.695708,0.992013,0.148522,0.401996,0.001000,0.449895,1.000000,0.001000
0.001000,0.841840,0.001000,0.013933,0.001000,0.682306,0.001000,0.001000,0.001000,0.397429
0.001000,0.001000,1.000000,0.001000,0.647104,1.000000,0.455113,0.684415,0.001000,0.001000
0.001000,0.001000,0.001000,0.001000,0.104976,0.708683,1.000000,0.001000,0.001000,1.000000
1.000000,0.999899,0.001000,1.000000,0.001000,1.000000,0.128826,0.001000,0.001000,0.623983
0.001000,0.962118,1.000000,1.000000,0.930408,0.043088,1.000000,0.484913,0.001000,0.001000
0.343821,0.979549,0.001000,0.146576,1.000000,1.000000,0.001000,1.000000,1.000000,0.546092
0.478299,0.035389,0.001000,0.001000,0.572537,1.000000,0.001000,0.001000,0.759441,0.001000
0.579080,0.273290,0.442699,0.001000,0.320413,0.591331,1.000000,0.001000,0.951538,0.001000
1.000000,0.001000,1.000000,0.001000,0.001000,0.001000,1.000000,1.000000,1.000000,0.389579
1.000000,1.000000,0.232968,0.504540,0.001000,0.001000,0.538959,0.863293,0.001000,0.001000
0.262022,0.001000,0.196324,0.156753,0.994892,0.070360,0.016844,0.001000,0.137205,0.001000
0.710129,0.330501,0.001000,1.000000,1.000000,1.000000,0.001000,0.947737,0.001000,1.000000
0.129973,1.000000,0.558483,1.000000,0.001000,0.001000,0.001000,0.788518,0.001000,0.001000
1.000000,0.001000,1.000000,0.330139,1.000000,0.444322,0.001000,0.535141,0.309299,1.000000
0.001000,0.001000,0.822255,1.000000,0.001000,0.356215,1.000000,0.456995,0.052494,0.275873
0.764395,0.001000,0.001000,0.312702,1.000000,1.000000,0.349779,0.962998,0.001000,0.099407
0.799589,0.001000,1.000000,0.001000,0.001000,0.712926,0.001000,0.567491,0.001000,0.001000
0.943462,1.000000,1.000000,0.529737,0.103064,0.001000,0.001000,0.421079,0.231906,0.376332
1.000000,0.001000,1.000000,1.000000,0.559859,0.823736,0.747297,0.386463,0.931244,0.045311
0.001000,0.001000,0.001000,0.847561,0.001000,1.000000,0.052214,0.239763,0.001000,0.001000
0.077066,1.000000,0.001000,1.000000,0.001000,0.001000,0.001000,0.001000,0.001000,0.165663
0.001000,0.001000,0.352275,1.000000,1.000000,1.000000,0.394499,0.001000,0.876210,0.001000
0.001000,1.000000,0.144007,1.000000,1.000000,0.816280,0.001000,0.739174,0.001000,0.001000
0.981572,0.001000,1.000000,0.001000,0.001000,1.000000,0.434131,0.001000,0.208354,0.249892
0.624750,1.000000,1.000000,0.493893,0.001000,0.819495,0.715309,0.001000,0.001000,0.620824
0.001000,1.000000,0.831243,1.000000,1.000000,1.000000,1.000000,0.378680,0.457961,0.001000
1.000000,0.001000,1.000000,0.767443,0.761421,0.525295,1.000000,0.072677,0.606027,1.000000
1.000000,0.546715,1.000000,1.000000,0.174734,0.029894,0.064154,0.693229,0.001000,0.001000
1.000000,0.001000,1.000000,0.001000,0.746795,0.001000,0.001000,0.001000,0.520699,0.001000
0.001000,0.001000,1.000000,0.001000,1.000000,0.001000,0.001000,0.001000,1.000000,0.001000
0.685538,0.001000,0.001000,0.735329,0.001000,1.000000,0.001000,0.001000,0.805355,0.071127
0.212219,0.001000,0.001000,1.000000,0.001000,0.001000,1.000000,0.694570,1.000000,0.001000
0.663650,0.001000,0.559130,0.001000,0.001000,1.000000,0.001000,0.202176,1.000000,0.001000
0.001000,0.636344,0.270755,1.000000,0.001000,0.814913,0.964236,0.001000,0.124550,0.001000
0.808870,0.001000,0.797663,1.000000,0.126064,1.000000,0.812836,0.328369,0.001000,1.000000
0.001000,0.605664,0.001000,1.000000,1.000000,0.793512,1.000000,1.000000,0.001000,0.001000
0.001000,0.720027,0.001000,1.000000,0.001000,0.001000,0.001000,1.000000,0.240433,1.000000
0.530168,0.724763,0.001000,0.001000,0.001000,0.001000,0.001000,0.001000,1.000000,0.167195
0.001000,0.869986,0.001000,0.190426,0.001000,1.000000,1.000000,0.001000,0.001000,0.273945
0.980921,1.000000,0.001000,0.001000,1.000000,1.000000,1.000000,1.000000,0.711785,0.001000
0.605307,0.659145,0.112291,0.524141,0.465252,1.000000,0.691364,0.459501,1.000000,0.124099
0.492826,0.535586,1.000000,0.001000,0.418160,1.000000,0.001000,0.001000,0.001000,0.292250
1.000000,0.001000,0.001000,1.000000,0.861266,0.001000,0.619275,0.408326,0.782757,1.000000
0.001000,0.001000,0.001000,0.615614,0.442457,0.099916,1.000000,0.381591,0.001000,0.396369
0.512311,1.000000,1.000000,0.038656,1.000000,0.001000,0.424981,1.000000,1.000000,0.001000
1.000000,0.954427,0.723985,0.001000,0.664216,0.366657,0.001000,0.001000,0.001000,1.000000
0.001000,0.001000,0.001000,1.000000,0.001000,0.312879,0.213782,0.178360,0.833260,1.000000
0.001000,1.000000,0.001000,1.000000,0.826638,0.982388,0.578406,0.001000,0.001000,0.450331
0.848318,1.000000,0.735025,0.488611,1.000000,1.000000,0.035825,0.001000,0.156105,0.253856
0.001000,0.001000,1.000000,0.255769,0.001000,0.234822,0.051423,0.001000,0.001000,0.001000
1.000000,0.263517,0.475565,0.001000,0.785110,0.001000,0.823161,1.000000,0.001000,0.753957
0.001000,1.000000,0.001000,0.654602,0.618444,1.000000,0.001000,1.000000,0.085897,0.390940
1.000000,0.716124,0.001000,0.893223,0.001000,0.938572,0.965799,0.652224,0.001000,0.001000
0.001000,0.442240,0.623378,1.000000,0.001000,0.428709,0.001000,0.747236,0.001000,0.739363
0.001000,0.001000,0.983526,0.291626,0.014329,0.264395,0.001000,0.001000,0.001000,0.153053
0.508146,1.000000,0.001000,0.001000,0.496728,1.000000,0.001000,0.657410,1.000000,0.535306
1.000000,0.001000,0.001000,0.495029,0.178580,1.000000,0.001000,1.000000,0.796386,0.256519
0.001000,1.000000,0.001000,0.001000,1.000000,0.185972,0.790542,0.992766,0.891853,0.001000
1.000000,0.873763,0.772335,0.813445,0.412612,1.000000,0.001000,0.596059,0.654867,0.287435
0.001000,1.000000,1.000000,0.751984,1.000000,0.223984,0.312739,1.000000,1.000000,1.000000
0.001000,0.816102,0.001000,0.001000,0.001000,0.001000,0.528408,0.891472,1.000000,0.001000
0.423284,0.604803,0.001000,0.973162,1.000000,1.000000,0.001000,0.618838,0.027102,0.500407
1.000000,1.000000,0.114077,0.210407,0.147851,0.001000,0.568388,0.001000,1.000000,0.238923
0.587513,0.001000,0.959619,0.170161,0.020833,0.001000,0.001000,0.001000,1.000000,0.001000
0.240866,0.001000,0.776827,0.001000,1.000000,0.555476,0.001000,1.000000,0.196522,1.000000
0.001000,0.001000,1.000000,0.001000,0.108982,0.048185,0.001000,1.000000,0.348680,0.599210
0.001000,0.528506,0.001000,0.312843,0.396755,0.563368,0.796789,0.001000,0.001000,0.001000
1.000000,0.883334,0.001000,0.696598,0.001000,0.192427,0.359042,0.289542,1.000000,1.000000
0.001000,0.246373,0.001000,0.476514,0.001000,0.001000,0.735605,1.000000,0.214243,0.001000
0.369344,0.001000,0.537570,0.403762,0.001000,0.686009,0.001000,0.001000,0.310998,0.700236
1.000000,0.001000,0.001000,0.075835,1.000000,0.158690,0.358046,0.001046,0.001000,0.973322
0.849811,0.001000,1.000000,1.000000,0.133015,0.001000,1.000000,0.001000,1.000000,0.981817
0.733512,1.000000,0.001000,0.001000,0.001000,0.001000,0.650501,0.162794,1.000000,0.932350
0.001000,0.001000,0.879159,0.143926,0.001000,0.001000,1.000000,0.142351,1.000000,1.000000
1.000000,0.001000,0.516444,0.001000,0.001000,0.001000,0.001000,1.000000,1.000000,1.000000
0.826771,0.001000,0.018811,0.828307,1.000000,1.000000,0.001000,0.840426,0.001000,0.001000
0.975240,1.000000,0.001000,0.061263,0.001000,0.091940,0.001000,0.194433,1.000000,0.786764
0.410888,0.960294,0.001000,0.001000,0.386625,1.000000,0.001000,0.001000,1.000000,0.001000
0.001000,0.494258,1.000000,0.136941,0.958112,1.000000,0.001000,0.024591,1.000000,0.001000
1.000000,0.001000,0.001000,0.001000,0.001000,0.099672,0.708580,0.001000,0.344769,1.000000
0.329693,0.086337,1.000000,0.001000,0.242695,0.001000,0.001000,0.001000,0.001000,1.000000
0.048557,0.901613,0.729122,0.001000,0.162030,0.001000,0.001000,0.843710,0.001000,0.280269
0.216421,0.001000,0.484832,0.939911,0.491648,1.000000,0.001000,0.591814,0.001000,1.000000
0.798158,0.001000,0.001000,0.021511,0.231519,0.001000,0.001000,0.436211,0.979497,1.000000
0.001000,0.143654,0.001000,0.001000,0.350142,1.000000,0.001000,1.000000,1.000000,0.001000
0.666186,0.001000,1.000000,0.001000,0.001000,0.681021,0.302199,0.001000,1.000000,0.001000
0.001000,0.001000,0.001000,0.960445,0.001000,0.001000,0.001000,1.000000,0.001000,0.051344
0.001000,0.542870,1.000000,1.000000,0.685877,0.309737,0.001000,0.187294,0.001000,0.608952
0.249746,1.000000,0.001000,0.001000,0.001000,0.862374,1.000000,0.001000,0.001000,0.938480
0.001000,0.001000,0.723330,0.676450,0.001000,0.001000,1.000000,1.000000,0.834955,0.716890
0.001000,0.001000,0.316967,0.001000,0.001000,0.001000,0.001000,1.000000,0.467547,0.001000
0.415019,0.356295,1.000000,0.001000,0.451081,0.517364,0.251631,0.001000,1.000000,0.001000
1.000000,0.744523,0.001000,0.001000,0.001000,0.001000,0.001000,1.000000,1.000000,1.000000
1.000000,0.977195,0.016972,0.001000,0.033810,1.000000,0.001000,1.000000,0.001000,1.000000
0.001000,1.000000,0.017873,0.001000,0.044509,0.001000,0.001000,0.600543,0.001000,0.587691
0.001000,1.000000,0.001000,0.001000,0.420879,0.001000,0.001000,1.000000,0.001000,0.001000
0.851106,0.001000,0.001000,0.001000,0.503972,1.000000,1.000000,1.000000,1.000000,0.001000
0.001000,0.226462,0.676658,0.119821,1.000000,0.001000,0.001000,0.676006,0.001000,0.001000
1.000000,1.000000,1.000000,0.120717,0.001000,0.001000,0.001000,1.000000,0.001000,0.678603
0.177645,0.001000,0.744804,1.000000,0.001000,0.001000,0.001000,0.160551,0.699684,0.001000
0.001000,1.000000,0.001000,0.001000,1.000000,1.000000,0.001000,0.001000,0.001000,1.000000
1.000000,0.001000,0.001000,0.001000,0.001000,0.001000,0.438906,0.001000,0.001000,0.001000
0.883357,0.001000,1.000000,0.001000,1.000000,1.000000,0.001000,0.210766,0.922090,0.786706
0.215683,0.001000,1.000000,0.747711,0.001000,1.000000,0.001000,1.000000,0.001000,0.002937
1.000000,0.800440,0.838102,0.001000,1.000000,0.426697,1.000000,1.000000,0.001000,0.001000
1.000000,1.000000,1.000000,0.652045,0.001000,1.000000,1.000000,1.000000,0.750886,0.941091
0.001000,0.320728,0.001000,1.000000,0.001000,0.001000,0.001000,0.021807,0.952630,0.053620
0.001000,1.000000,0.017115,0.083486,0.498282,0.001000,0.073425,0.001000,0.001000,0.001000
0.771442,0.862153,0.001000,0.829506,0.001000,0.001000,1.000000,0.427973,0.082048,0.001000
1.000000,0.001000,1.000000,0.895050,0.001000,0.001000,0.001000,0.001000,0.001000,0.001000
0.001000,1.000000,0.142255,0.712807,0.001000,0.001000,0.001000,0.716230,0.223867,0.001000
0.001000,1.000000,1.000000,0.624960,0.722811,0.923748,0.408357,0.001000,0.001000,0.001000
0.960469,0.001000,1.000000,0.507981,0.001000,0.569741,0.558712,0.781292,0.158134,0.659490
0.001000,0.001000,1.000000,1.000000,0.944315,0.642220,1.000000,0.562858,1.000000,0.159743
0.001000,0.001000,1.000000,0.639330,1.000000,1.000000,0.001000,0.001000,0.306297,0.001000
0.620057,0.001000,0.001000,0.001000,0.457941,0.305040,0.885242,1.000000,0.191028,1.000000
0.003327,1.000000,0.001000,0.489852,0.944396,0.631634,0.228463,0.080965,1.000000,0.819160
0.029539,0.001000,0.730772,0.151053,0.001000,1.000000,0.435651,0.001000,0.241564,0.782236
1.000000,0.853693,1.000000,0.001000,1.000000,1.000000,0.334692,1.000000,0.032977,1.000000
0.022958,0.774473,0.001000,1.000000,0.024087,0.440868,0.515677,0.408964,0.001000,1.000000
0.220533,0.873591,0.001000,0.001000,0.001000,0.866300,0.001000,0.340400,0.001000,0.452096
0.001000,0.001000,0.001000,0.107298,0.642515,1.000000,0.001000,1.000000,0.001000,1.000000
1.000000,0.569126,0.141632,0.178676,0.711758,0.801927,0.547567,1.000000,0.334205,0.001000
0.001000,0.557576,0.001000,0.760505,0.001000,0.001000,0.001000,0.001000,0.001000,0.360591
0.129719,0.001000,1.000000,0.047568,0.001000,0.551080,0.001000,0.001000,0.001000,0.045123
0.881591,0.001000,0.022285,0.001000,0.001000,0.613730,0.001000,0.452147,0.001000,1.000000
1.000000,1.000000,1.000000,0.376526,0.577205,0.032081,1.000000,1.000000,0.001000,0.001000
0.001000,0.001000,0.001000,0.001000,0.001000,0.001000,0.001000,0.294262,0.001000,0.796594
1.000000,1.000000,0.949373,0.001000,0.021108,0.662298,0.843247,0.357917,1.000000,0.655107
0.930539,1.000000,0.737205,0.001000,1.000000,0.001000,0.001000,0.001000,0.529105,0.130133
0.031035,0.001000,0.668484,0.196436,0.001000,0.001000,0.948101,0.001000,0.077776,0.223652
0.001000,1.000000,0.001000,0.725777,0.001000,1.000000,0.422955,0.152495,0.001000,0.001000
0.039033,0.001000,0.214031,1.000000,1.000000,0.001000,1.000000,0.001000,1.000000,0.889713
0.001000,1.000000,1.000000,0.803788,0.001000,0.147559,0.001000,0.858867,0.001000,0.001000
0.001000,0.001000,0.360763,0.197446,0.001000,1.000000,0.541955,0.001000,0.001000,1.000000
0.342055,0.927153,0.001000,1.000000,0.199965,1.000000,0.001000,0.001000,0.775552,1.000000
0.825239,0.033859,0.001000,0.120807,1.000000,0.323955,0.001000,0.883112,1.000000,0.001000
0.001000,1.000000,0.001000,0.892317,0.001000,1.000000,0.327243,0.180311,0.001000,0.617324
1.000000,1.000000,0.052530,0.937071,0.001000,0.001000,0.263795,0.161658,0.783291,0.857042
0.198021,0.001000,0.427752,0.231874,0.001000,1.000000,0.389475,0.376817,0.001000,0.001000
0.536848,0.493780,0.613242,0.001000,0.001000,1.000000,0.001000,0.001000,0.001000,1.000000
0.647610,0.501862,0.145860,0.237568,0.001000,1.000000,0.547304,1.000000,0.001000,0.971875
0.001000,1.000000,0.278471,0.904298,0.270411,0.835303,0.742201,0.762930,0.001000,0.001000
0.211740,1.000000,0.001000,1.000000,1.000000,0.432762,0.788065,0.001000,1.000000,0.001000
0.001000,0.950435,0.579555,1.000000,0.001000,1.000000,0.739638,0.424270,0.001000,0.001000
0.001000,0.408465,0.001000,0.001000,1.000000,0.001000,0.001000,0.737573,0.001000,1.000000
0.503873,0.001000,1.000000,0.001000,0.001000,0.001000,1.000000,1.000000,0.165056,0.947040
0.001000,0.361864,0.313901,0.150464,0.001000,0.098309,0.001000,0.347578,0.001000,0.001000
1.000000,0.627728,0.001000,1.000000,0.001000,0.001000,0.514929,0.467958,0.001000,1.000000
0.001000,0.398187,1.000000,0.361371,0.001000,0.001000,0.001000,0.889180,0.471802,0.001000
0.001000,0.380763,0.001000,0.001000,0.001000,1.000000,0.001000,1.000000,0.001000,0.411962
0.001000,0.254219,0.501664,0.108198,0.001000,0.001000,0.573461,0.667126,0.494496,0.001000
0.241412,0.374344,0.001000,1.000000,1.000000,0.600707,0.659279,0.679709,0.772707,0.001000
1.000000,0.001000,0.001000,0.402695,0.001000,0.001000,0.454702,0.001000,0.919047,0.001000
0.227535,0.412116,0.001000,0.001000,0.748600,0.738885,0.001000,1.000000,0.277470,0.001000
0.420172,0.001000,0.756231,0.910412,0.001000,1.000000,0.001000,0.222208,0.502607,0.001000
1.000000,0.009672,0.817023,0.001000,0.230720,0.001000,0.934755,0.001000,0.774394,0.001000
0.001000,0.001000,0.204945,0.174090,0.001000,0.001000,0.001000,1.000000,1.000000,0.210683
0.001000,0.963540,0.001000,0.022379,0.001000,0.001000,1.000000,0.001000,0.423658,0.053406
0.733488,0.001000,0.001000,0.223195,0.793626,0.489204,0.615658,1.000000,1.000000,1.000000
0.096806,1.000000,1.000000,1.000000,0.538223,0.001000,0.323596,1.000000,1.000000,0.569050
0.001000,0.249967,1.000000,1.000000,0.796532,0.048411,0.001000,0.277138,1.000000,0.396355
0.001000,1.000000,1.000000,0.001000,0.608471,0.001000,0.001000,0.288353,0.889676,0.863981
0.001000,0.001000,0.001000,0.001000,1.000000,1.000000,0.766886,0.757259,0.445155,0.001000
0.983777,0.547799,0.001000,1.000000,1.000000,0.331214,0.001000,0.001000,0.579993,0.001000
0.001000,0.641647,1.000000,0.001000,0.228987,0.273641,0.001000,0.001000,1.000000,0.001000
0.334435,0.001000,0.443090,0.001000,0.001000,1.000000,0.001000,0.001000,0.001000,0.001000
