0.348054,0.305758,0.332077,0.231601,0.240132,0.343028,0.195214,0.379182,0.284327,0.200669
0.457517,-1.750984,0.405130,0.908475,0.256743,0.926496,0.359810,1.663242,0.798850,0.642893
0.801543,-0.701831,-0.692127,0.331712,-0.863260,0.704538,-0.278258,-0.064664,0.038289,1.928912
-0.079563,0.227770,-0.103576,2.330971,1.320737,0.037935,-0.432531,0.607086,1.340571,0.996723
1.174695,-0.833325,-0.081372,-1.285243,-0.647186,2.103383,0.684798,0.765696,0.362244,0.391758
0.146079,-0.107318,-0.166127,-0.611455,0.446456,0.322987,-0.710781,0.889287,-0.788310,0.792410
1.791588,1.389648,0.540991,0.034996,-0.041062,0.143247,-0.000823,-0.047198,-0.412957,1.327350
0.079696,0.825448,-0.213665,0.083979,0.781264,-1.402776,0.718665,-0.005461,0.922806,0.198218
0.639338,-0.958111,-1.291815,0.566125,1.206723,1.391779,-0.930171,0.408046,0.386275,-0.647673
1.201630,-2.162872,-1.092026,-1.230816,-0.290183,-2.116567,1.092315,1.510488,-0.204702,0.808193
-0.766898,0.782835,0.816771,0.985026,-0.403511,-0.153516,-0.967889,1.795784,-0.006383,-0.551837
-1.671176,1.579139,-0.511560,1.198898,-2.703090,0.495082,1.249667,0.349215,0.452496,0.355833
0.126970,1.250011,0.641358,-0.355338,1.096091,0.794297,-1.265384,-0.409228,0.634077,1.049222
-0.777245,-1.004489,-0.501714,0.406923,-0.187681,1.444155,0.743933,-0.104346,1.044262,-0.776098
-0.589357,-0.864839,1.931123,-0.112378,1.283952,1.163301,-2.066175,-0.482817,-1.151492,0.218286
0.385328,1.213589,0.570990,1.511550,0.990471,0.810157,-1.167004,0.508759,-2.461695,1.297309
1.869806,-0.983520,0.589948,-0.640365,-0.348077,1.118104,0.243321,0.935015,-1.172630,-0.257688
0.725739,0.622790,0.344404,1.552983,1.059775,0.153795,0.487183,0.604419,0.533441,0.049620
-0.111674,0.689299,-0.059608,0.790080,0.901161,0.102164,0.109414,-0.967183,-0.277743,0.967387
-0.633553,0.891446,0.145953,0.223649,-1.557858,2.718465,0.624692,1.020957,0.406808,-0.878914
-0.914046,-0.548926,0.437877,-0.172898,-3.172454,0.441605,0.224120,0.420131,1.264043,-0.184469
1.836138,0.694814,1.743540,0.772978,0.544859,1.243855,0.876508,-1.840153,-0.166460,0.423471
0.167639,-0.648408,-0.251515,0.575285,0.860322,1.141384,1.493558,0.856432,0.687808,0.806729
1.050757,-0.176187,0.313760,-0.198566,1.034000,1.390648,-0.568733,-0.476375,-0.613356,0.831545
0.185553,0.276703,-1.018128,-2.454442,-0.285803,0.442529,3.175529,0.095315,0.736713,-1.114348
-0.167312,0.520238,0.287141,1.016945,-1.434238,2.245405,0.375608,-0.964940,1.246119,-1.696150
-0.883662,0.115359,0.807745,1.236830,-1.097416,-0.305188,1.711587,0.959722,-1.771268,-0.045534
1.215379,-0.197026,0.117883,0.184193,1.160618,0.878827,1.291133,0.443024,1.070348,-0.875498
-0.013841,-0.165931,0.815882,-0.539976,-0.136320,0.227414,0.391977,1.208962,-1.832938,1.452211
-0.416764,-0.732292,0.640157,2.008248,0.787699,2.312959,-1.682886,-2.334812,4.231961,-0.070908
0.896622,-0.025936,1.615396,-0.534933,0.664378,-0.671139,-0.566825,-0.821101,-0.611149,0.108899
0.094217,0.318777,0.584760,-0.335873,-0.170458,-0.563854,1.384450,-1.163544,-0.674765,1.239816
-1.723841,1.156148,-2.390799,-0.055692,0.570809,-1.041095,-0.112143,-0.351191,1.470735,0.989519
1.080849,0.701227,0.552117,-0.489168,1.378902,0.404795,0.636687,-0.027805,0.128480,0.163971
0.945548,0.064962,0.978929,0.287865,0.778867,1.414270,-0.468097,-0.072737,1.674538,0.614530
0.501531,1.337689,-1.182281,-0.069842,0.245529,-0.892171,-1.194402,2.819998,1.512666,0.062599
2.030843,-0.445434,1.827672,0.539526,-0.065140,-0.267977,0.061955,0.015850,1.335842,1.911534
-0.890251,1.534815,0.666396,2.154593,0.080534,0.069321,-0.153166,-0.095921,-0.015762,-0.207485
0.187250,-1.395050,1.935409,0.256120,0.517499,-1.024478,-0.822736,-0.557831,2.150387,0.337146
0.504780,2.319977,0.808892,-0.009087,2.555666,1.062276,0.190538,2.130670,0.877704,-0.326040
-1.315862,-1.330287,0.484381,0.358708,0.328439,-0.436904,-0.082501,-0.105776,1.639322,0.811761
1.798212,1.713033,0.711093,-0.974779,0.557298,2.667419,-0.365339,0.508856,-0.043610,0.635139
-0.991675,1.698941,-0.705568,-0.270470,1.359305,0.837671,0.493287,1.038874,1.377618,-1.404168
-1.565293,1.357432,1.187527,0.483250,-0.470730,-1.547739,0.008381,0.402349,-0.931121,1.575277
-0.464123,-0.753530,-0.159297,-0.272631,1.395621,-0.377907,0.271058,0.729979,-1.618091,-0.042618
0.610882,-1.678747,0.504504,1.179069,0.726279,-0.847978,-0.176027,2.100339,-1.982513,0.228758
-0.796076,0.917443,0.232881,0.770737,1.855384,-0.167000,-0.458514,-0.166153,1.113305,0.734959
2.775051,0.319260,0.432147,0.237330,-0.162733,-0.250111,0.013791,0.143964,1.239591,0.687007
1.016709,0.499065,-0.134643,0.791864,0.476707,-0.422857,0.518952,1.819887,-0.501823,0.459274
0.302936,1.161184,1.945556,1.137202,0.711139,0.084460,-0.397258,1.725442,0.876877,-2.231326
1.137359,1.801595,2.138915,2.197810,-1.058395,-0.552374,0.452705,0.418728,0.867945,0.810621
0.045669,0.143259,0.315125,0.768717,2.629903,0.219495,-0.511031,0.134913,-0.104060,1.246528
0.296034,1.140002,1.351924,0.833382,0.751520,1.419175,0.668109,0.135470,1.700465,0.891120
0.738102,0.315234,1.648095,0.522975,0.925574,1.333880,0.204593,0.507096,-0.350692,0.793365
1.253719,0.160929,-0.196312,0.249625,1.310239,-0.146542,0.481724,0.445783,2.152981,-0.663053
0.298472,2.803693,-0.209629,0.760272,1.092875,0.490101,-1.800720,1.529469,-0.259478,-0.399706
0.430757,-0.275039,2.027191,0.995598,0.430275,1.617902,0.818139,2.557773,0.806051,0.085259
-0.595431,-0.708067,2.046660,-1.128760,-0.602408,-0.883747,0.900746,0.238296,0.927498,0.871284
0.599063,0.137023,1.166331,1.567175,2.268744,0.514253,-0.831552,0.609020,-0.080544,0.567003
2.845674,1.481501,1.404564,-0.017673,1.674191,0.925016,1.452502,0.964081,-0.857121,0.813119
0.410542,-0.271186,1.168344,-0.864798,0.146599,0.764221,-1.291478,0.624336,0.277325,-0.164699
0.272558,-0.250717,0.900769,-1.045991,-0.010073,-0.125533,0.297225,-0.902088,-0.089195,1.508361
1.304538,0.288777,0.259754,-0.755330,-0.697788,-0.079786,-0.582607,1.188914,1.255338,1.634186
-0.902032,0.944800,-0.151639,-0.238071,1.517625,-0.067053,0.848507,-0.711155,-0.366800,1.037062
-1.820312,-0.847047,0.668913,0.286594,0.519398,-0.355099,1.985795,-2.035401,0.851423,0.620462
0.335091,0.283834,2.502561,2.351359,-0.381819,0.998421,-1.275466,0.874059,0.528165,-0.252962
0.903675,-0.576038,-0.456792,-0.603449,0.881989,-1.020263,1.566300,-0.481254,0.736568,-0.680302
0.159956,0.150371,-0.222031,1.968710,1.853397,-0.498079,1.995040,-1.168038,-1.196929,1.493674
0.375090,1.170342,2.621798,-0.590969,-0.201274,2.220242,0.910364,0.648860,-0.615268,0.193109
1.092805,-1.889095,0.082228,1.569003,0.662825,-0.371001,1.089395,0.002300,-0.516288,-0.368940
-1.345174,0.712817,0.934114,-2.609481,-0.055305,0.420899,0.005189,-0.087216,0.378444,-1.017323
0.390019,0.775093,-0.032113,1.680297,0.266771,0.042281,0.407028,-1.327541,-0.056603,0.719256
2.194194,1.711857,-0.662532,-0.341106,0.933813,0.129481,1.093615,2.747930,0.848714,1.401997
2.214986,-0.212715,0.435652,0.666590,-1.022025,0.623967,0.353208,-0.883006,0.865824,-0.142482
-0.170872,1.231356,0.799837,0.231547,0.411654,-0.805389,1.207136,-0.367675,0.759118,0.748348
0.171330,0.575378,1.002837,2.083935,0.918434,1.197403,2.973977,1.895190,-1.404284,2.474528
-0.893898,1.415175,0.605004,0.718504,-0.888654,0.863331,1.510803,0.026329,1.318140,2.536840
0.947359,0.867505,0.239397,0.237923,0.266780,-2.707540,-0.337665,0.464374,-0.880439,-0.157732
2.631872,1.528084,1.337794,-1.695922,1.162270,0.633060,0.206645,0.580068,0.143022,-1.035688
0.729959,-0.763637,-0.972879,-0.252640,-1.409469,0.689202,0.907073,1.365364,0.939781,-0.408251
0.348819,-1.035117,0.215500,1.560961,1.078601,0.917524,1.138637,-0.901168,1.300356,-0.133001
-1.019953,0.221866,-0.276042,-0.245729,1.327545,-0.583862,0.846022,0.162429,-0.495217,0.894373
0.555674,0.283105,0.020834,-1.084469,-0.046299,-0.922725,-0.175966,-0.006260,0.945540,-0.125883
0.867537,1.495641,0.271222,-0.872422,1.496616,-0.081931,-1.547930,-0.237909,3.058196,0.764023
-0.547381,-0.759716,-0.313769,0.198729,-0.832774,0.836255,0.675547,0.464049,0.383328,-0.702782
0.552162,-0.818197,0.253404,0.476308,1.723186,1.199354,1.703361,0.311759,1.609639,1.006034
-1.470151,1.233033,-0.899999,1.075385,0.474879,0.787189,-1.150862,0.265397,0.144553,0.648827
-0.073667,0.294484,-0.627464,0.967457,0.232656,-1.297291,-0.655179,0.386755,1.244074,1.378654
0.486155,-2.404911,-0.918251,1.339823,1.556209,1.028793,0.055435,1.056876,-0.269390,1.506773
2.297417,-0.658694,2.128211,1.017225,0.493652,-0.453473,1.808599,-0.816623,0.852982,0.423244
0.969806,0.565518,-1.623496,1.252897,-0.457204,1.767321,0.711698,-0.942240,0.980567,0.381618
1.626991,0.847164,-1.464173,-0.976771,-0.324366,0.529036,-0.838998,0.350548,1.990026,-0.979480
0.782166,-0.363453,1.162846,0.083185,0.102865,2.453760,0.164984,1.277904,0.063095,-2.095071
0.913785,-0.209536,-0.222512,0.928621,0.563583,1.683452,-2.586395,-0.832013,0.101687,-0.303779
0.082752,1.039720,1.071419,-0.594005,-1.794609,0.097729,0.509366,1.574383,0.835294,0.699121
-0.646126,1.620375,1.531057,0.471842,0.644357,1.391289,-0.263906,-0.724389,1.189948,0.315060
0.205896,0.562830,-0.410075,2.230214,2.020026,-0.115144,0.188468,1.008173,0.116018,1.201881
-0.912071,1.787447,0.127703,-0.050665,-0.757327,1.082870,1.556019,0.096920,0.513491,0.173612
0.908471,3.039656,-0.030092,1.370335,-0.645368,-0.216271,0.012870,-0.118153,1.621881,2.157881
0.183498,1.403790,0.808648,-0.801873,1.580357,0.587374,-0.285155,-0.200748,0.671078,2.784271
-0.564815,-1.531729,0.603283,1.395426,-1.160706,-1.865464,0.055480,-0.079337,-1.170158,1.017896
0.158980,-0.539032,-0.755039,-1.147996,-1.065018,1.184591,-0.240470,1.126517,0.290903,-0.441180
-0.096912,-1.032721,2.324119,-1.458798,-0.091956,0.011999,-0.683537,-1.615872,-0.150210,0.490102
-0.069788,0.623199,-0.610418,0.323805,0.009297,0.107448,-0.562701,1.386647,-1.125961,0.787277
-0.569821,-1.073776,-0.023320,1.312016,0.150558,1.119075,0.624177,-0.371237,0.759270,1.130671
0.157083,-1.405869,1.453234,0.736747,0.224230,-1.333466,-0.189754,0.369058,-0.633777,0.098255
-0.068448,-0.652339,-0.892612,0.603970,-0.176904,1.359381,0.736966,-1.488492,0.753246,0.170268
1.461462,2.349857,0.618814,1.363241,2.110585,-1.299844,0.830709,2.631995,-0.445637,0.113836
3.225527,-0.039787,1.324868,1.242741,0.502082,0.907544,1.085756,1.483998,0.738066,0.291869
-0.888762,-0.279139,0.326358,0.332970,0.978378,0.673688,-0.052127,-1.190684,-1.700706,0.137811
1.533771,0.243466,1.598921,-0.728790,-1.106604,-1.367860,0.081924,-0.254545,-0.095176,-0.570290
0.543069,1.551082,0.673600,-1.603556,0.060414,-0.883760,-1.073673,-0.067927,0.962587,-0.043805
1.661219,0.670468,-1.023304,0.414836,1.476190,-1.895167,0.921979,0.295978,0.880137,-0.273729
2.283390,0.371528,0.096436,-0.190081,0.488008,-0.237466,-0.868729,-0.326528,1.536391,1.260002
1.672074,-0.708785,-0.315086,0.986438,-1.190508,1.190392,0.224609,-0.231053,-1.401851,-0.119865
-0.007550,-0.795681,-0.220545,-0.404371,1.204917,1.539066,-0.108464,0.875632,-0.139521,-0.076700
0.350250,-0.039442,-1.175793,0.214955,0.417578,-0.272840,0.483256,0.854889,-0.315861,-0.074117
-0.171260,-0.483622,-0.843844,0.009930,0.589809,0.192098,0.588209,0.112919,-0.026969,0.579751
0.386792,1.332891,0.934964,1.364159,1.088500,0.119917,-0.393615,1.068016,1.638973,-0.183789
-1.730144,-1.101527,1.421650,0.608669,-0.060065,0.683390,0.047770,0.623351,1.123030,0.266422
1.284743,0.177077,1.943663,-0.637677,-0.072830,0.162571,-0.542867,0.732668,0.719150,0.130839
-0.752154,0.556189,0.658810,1.048834,1.054016,1.019193,-0.725457,1.137769,0.301760,1.489955
2.417753,-1.436832,0.222678,-0.206372,0.456543,-1.367728,1.316102,0.082450,-0.174516,-0.334221
0.017916,1.278002,2.741972,1.467502,0.168603,-1.557883,0.691231,-0.380773,0.783437,-0.489513
1.408370,1.588105,-1.142182,0.862247,0.120025,0.323196,-0.985721,1.533821,0.816129,-1.615939
1.571386,2.293545,1.623758,-0.788947,-0.604819,-1.218584,-0.314183,0.296599,0.265911,-0.429426
0.324681,0.633582,0.353758,1.735704,-0.260377,0.852364,-0.829574,-1.622371,0.621278,1.274255
1.306564,-0.067664,0.447526,0.161883,1.306015,-0.773997,0.186745,-0.888899,0.530044,-0.502794
-0.468144,0.237780,-0.165542,1.530617,0.752450,1.036382,-0.020128,1.716693,-0.748869,1.565605
0.103690,2.267479,-1.302613,-0.827596,0.020210,1.586181,-0.952184,0.108962,-0.493169,-0.580982
1.555629,-0.419338,1.857095,1.687753,0.300409,-0.101696,0.475061,0.081844,0.077723,1.741947
-0.886162,1.408351,1.021621,2.636171,0.411854,2.924004,1.291515,0.163143,1.479597,0.568554
0.528889,-0.618072,0.169873,1.240380,1.052907,-2.405243,0.233681,2.021703,0.524368,-0.122806
-0.031703,-0.689023,0.054666,-1.028845,2.494038,-0.587532,0.827853,1.683353,1.945841,1.229689
0.965215,-0.313926,1.791058,0.864718,1.706084,1.081388,-1.029149,-1.668143,-0.220160,-1.456734
-0.897949,-0.251803,-1.026489,1.353180,-0.587075,1.719188,-0.571358,-0.604919,-0.852388,-0.176696
1.241742,1.993333,1.027120,2.282890,1.677425,0.004308,-1.439803,0.933613,1.170558,1.028985
-1.075028,-0.442954,0.470913,0.393070,2.311357,0.181575,0.162848,-0.217794,-0.360691,-0.511532
0.984664,1.807759,0.326733,0.152077,-1.107466,2.281324,0.571503,0.738671,0.956190,1.756440
-0.594721,0.165250,0.500742,-1.339750,0.684140,-0.136784,-0.499617,-1.739981,1.827768,1.117341
-0.332652,0.643464,-0.313930,-0.982870,0.633258,0.930030,0.131511,-0.748668,0.700772,-2.646621
1.800647,0.564688,-0.524530,-1.353134,0.479105,2.179074,0.295393,0.199383,-0.361088,-0.434118
-0.371081,-2.235752,-0.493396,2.128074,1.198701,1.155632,0.739635,1.034758,0.991617,-1.552550
2.455132,0.052451,0.416531,0.954884,-0.902014,-0.728106,1.207917,-0.210481,-0.484537,-0.195459
-0.338346,1.526880,-1.067232,2.865594,-0.413475,-0.245810,2.341778,0.330851,0.132223,-0.074598
1.198785,1.730619,0.735881,0.945382,-2.063655,0.836033,1.813349,0.465242,2.000885,-0.506133
1.237633,-0.238791,0.139412,1.840535,1.177008,-1.396082,1.134095,0.702310,-0.208431,-0.141927
0.362649,-1.087534,-0.213190,1.695849,0.204394,-0.144595,0.063173,2.398533,2.924606,0.396301
0.001368,-1.072588,-0.977087,-1.224022,-0.238859,1.153633,0.297482,0.203586,-0.713534,-1.102740
-0.628104,1.101104,0.475029,0.761710,1.065186,-0.000982,0.170056,0.656394,0.457655,0.027886
0.549330,0.087696,0.545844,1.065686,-0.569727,1.194006,1.935891,1.411445,0.263814,2.197810
0.925020,0.762516,0.804714,-0.488275,-0.506761,1.147862,0.459954,0.561999,0.146299,1.174943
1.281745,0.880531,-0.952586,-0.094175,-0.725426,-0.120607,-0.755165,1.598967,-0.673693,1.048943
0.939070,-0.070690,0.763097,0.626085,-0.693426,1.520889,-0.402548,-0.110710,3.315111,-0.781213
0.564412,1.190380,0.347582,0.472308,1.064610,-0.293143,-1.048486,1.064925,-0.977714,-0.639148
0.144333,-0.165726,0.830477,-0.721833,-0.242274,2.144472,0.394778,0.420318,-0.447429,0.201013
0.334317,-0.659763,-0.988094,-1.084562,-0.849790,-1.592851,-0.000373,0.610831,1.638737,0.115114
-0.804114,0.664876,1.371932,-0.436997,1.392151,-0.010664,0.956450,0.629423,-0.626646,0.370838
1.631559,0.499139,1.067946,0.209623,0.377734,0.120484,0.208548,0.178553,-0.404144,2.092101
0.571051,-1.087976,1.339736,0.764081,-0.324632,1.113440,0.120924,1.017380,0.295891,2.224170
0.290415,1.936690,-0.513372,-0.842178,1.257697,-0.485127,0.661893,2.152893,0.299897,-0.405331
0.022023,1.101992,-0.005272,1.905542,0.259908,-1.879865,0.400914,0.803359,1.175652,0.494469
-1.188432,1.057314,-0.789910,3.474473,-1.348192,1.465651,1.800087,0.704416,-0.626070,0.073596
0.177941,1.395985,-1.987142,0.109513,2.311038,0.677614,0.258969,0.021121,0.327152,-0.211284
0.271385,1.436536,1.108121,-0.163498,0.453695,0.184905,-1.885688,-0.331599,1.564391,0.162704
-0.532245,0.703358,1.273949,0.539111,-0.999093,-0.510555,-0.936315,0.582373,-0.095753,-0.635783
-1.945677,1.837986,-0.820806,0.574482,0.153238,0.654659,0.423963,1.251017,2.035640,-0.424091
1.264199,1.009477,0.601363,0.317450,-0.171721,1.242448,0.401635,0.040716,2.045140,0.465534
-0.988950,1.325838,1.708252,-0.659808,-0.227235,1.536034,-0.013734,-0.555177,0.443758,-0.681622
1.477008,2.690490,-0.036739,1.811633,0.366327,-0.626800,-0.321386,-1.250146,0.216374,0.209201
2.030387,1.113117,0.566439,-2.548155,0.125417,1.657682,0.253798,2.061747,1.077337,1.895741
0.125473,0.172773,0.462228,1.092219,-0.182943,-0.312319,-0.413731,0.214436,-0.109289,0.875867
-0.357530,0.218248,-0.988902,-0.594700,-1.730860,2.541148,-1.571784,-0.490277,-1.774894,-0.656055
0.251036,0.188649,0.982433,1.901724,0.079432,1.850324,-0.405848,-0.642129,1.763986,-1.319253
0.538188,0.495197,0.691242,0.567286,2.036629,2.304309,0.512467,0.822608,-1.017118,-0.020061
1.707825,-0.993726,1.627915,1.358430,-0.343149,-0.627074,0.132891,-0.644734,0.556527,-0.148312
0.005625,0.786154,0.363568,-1.286075,0.351092,0.663010,0.723633,-0.289001,-0.806780,0.912012
0.205066,0.050259,0.714180,0.262213,-0.517187,1.742702,0.837499,1.214158,0.616943,0.111202
-0.700617,2.485786,0.623299,-0.582661,-1.223869,1.484064,0.382310,-1.034577,2.295170,-0.720694
1.872233,-0.552999,2.317247,1.172698,0.715931,0.808112,-1.448618,-0.593328,-0.184263,0.305183
-0.753835,0.365610,-1.688896,-0.421928,1.589379,0.057111,-0.646048,-0.616338,-0.808766,0.406943
1.616212,0.406702,0.004993,1.578542,1.789258,1.248255,0.488415,0.187166,0.886529,0.267749
0.388596,0.613638,-1.091425,2.119144,1.475729,-1.537008,0.050309,-0.267699,-0.824421,1.000909
0.210330,-1.698094,-0.261957,0.968145,0.528122,0.710073,-0.755697,-0.005894,-1.395093,0.278416
-0.974506,-0.085580,-0.296822,0.788271,0.241875,-1.278503,1.373940,-0.078134,0.381160,2.234349
1.126929,0.417734,2.098253,-0.345174,-0.811560,0.457601,0.536403,1.696330,2.692039,0.130209
-0.472529,0.535332,0.679424,0.981240,-0.360489,-0.319489,-0.280907,-0.599561,-0.480926,0.850358
-1.520146,-1.826237,0.547895,0.245712,0.883891,0.527664,-1.047538,-1.737134,1.457062,1.474150
1.578631,0.511788,0.847128,1.144055,-1.744053,1.560740,0.565869,1.899153,0.020912,-1.384780
1.272707,1.691697,0.512762,-0.217346,-0.656334,1.332215,-0.250039,0.518353,0.898343,0.007574
1.049033,-0.365238,1.250686,-0.223900,0.351940,1.429926,-0.980529,-2.073734,0.241678,1.875481
-0.645895,-0.366145,0.327271,-0.555131,0.533621,-0.752999,0.942296,-0.744349,-0.630444,1.233141
-0.256753,-0.080339,0.129894,0.388922,1.911366,-1.289804,1.312016,-0.387887,1.197499,0.901355
1.640300,-0.260040,-0.963556,-0.349265,-0.564423,1.014687,1.210245,0.263133,-0.065987,0.859793
0.823882,0.852669,-0.427162,-1.016231,1.322863,-1.027883,-0.604280,-0.933460,0.125290,-0.958381
-0.518523,0.198219,2.151053,1.009573,0.521953,0.492895,0.224457,1.391887,-0.176195,2.312883
-0.102944,1.694016,-0.162808,0.867329,0.232013,1.623443,2.166426,-0.110610,0.134201,-1.193417
2.558281,1.326367,1.203892,-0.472534,1.242158,1.461757,0.573923,0.021737,0.585050,-0.039625
1.644869,1.196203,1.731809,-1.077118,0.516517,0.282949,-0.979006,-0.896241,-0.171227,1.175191
0.855282,0.586730,-0.479186,1.760054,-1.152450,0.711932,-0.240613,0.310490,-0.433042,-0.175600
-0.906646,-1.217992,-0.222301,-0.004959,-1.407717,0.756545,-0.337309,0.143816,-0.019897,-0.833564
0.853684,0.893733,0.834399,-0.060823,-1.165263,0.375434,-0.701406,0.758662,-0.443464,1.213466
-1.385983,0.168827,1.528446,-0.178707,1.114274,0.760859,0.216293,0.112912,0.689389,-1.095822
1.139035,-0.047890,1.482828,-0.198566,-1.649617,0.352056,-0.161550,2.401188,0.790617,0.989677
-0.506559,0.714955,0.677695,-0.660716,0.437010,-0.353177,-1.056101,1.390017,0.219620,1.372379
0.822785,0.583515,-0.153795,0.011690,-0.563523,0.624160,-0.356249,0.495587,-0.271727,0.252664
-0.416123,1.295444,0.085170,1.060573,0.283456,-1.216927,-1.898843,-0.198195,0.159929,-0.650470
-0.715404,0.232104,2.692779,0.197423,-0.150504,1.338231,0.661344,-0.449561,0.432722,-0.665919
0.227471,0.248119,0.606956,0.346521,0.190793,1.713947,1.885882,-0.599330,1.248552,-0.056967
1.189000,-0.720757,1.189245,-0.086667,0.757991,-0.027435,0.761383,0.042544,1.391662,0.343914
0.051010,0.491382,0.682542,-0.905675,1.306036,-0.451371,0.023625,0.085441,-0.182533,-1.024421
1.435782,0.694707,1.275595,-1.402194,0.822297,-0.598157,0.186600,0.323198,-2.113551,1.244504
0.872778,-0.370959,1.974941,-0.484565,-0.293135,0.571009,1.211283,-0.678946,0.251268,-0.469527
-0.651334,-0.406802,1.131998,0.241020,-2.380832,-0.354930,0.630444,-0.216463,0.783545,1.878616
-0.661004,-0.073034,0.039307,0.688423,1.592207,1.827246,-0.307445,0.958061,-0.227149,-0.293465
1.566807,-2.012805,0.992157,-3.357437,0.660304,1.772862,1.388650,1.366086,0.766246,-0.201388
-0.259610,0.775951,0.467974,0.226461,-0.867315,-0.121135,-0.449236,0.813829,1.745157,1.815345
0.312230,0.281323,1.657061,-0.147649,-0.345095,0.840590,0.672219,4.377704,1.027017,-0.114311
2.614385,0.059342,0.430118,-0.117191,2.004059,0.605464,0.960350,-0.129064,1.247320,1.456520
0.323027,-0.796199,-0.196107,-0.395582,1.143703,1.890827,0.355038,2.300014,0.480508,-0.984069
-0.014591,-0.580549,1.749283,0.087174,-1.380230,-0.829714,1.057121,-1.126955,-0.411892,-0.145880
2.477850,-1.073635,1.274894,1.066770,-0.514471,1.621676,-2.301348,1.034021,-0.168463,0.070156
-0.432913,0.453545,-1.335697,0.003543,-0.948082,0.591109,0.415932,1.748980,0.309096,-2.376850
-0.011278,0.187610,2.100567,-0.363113,0.616790,1.527100,-0.587597,0.677758,0.363569,0.352541
0.590055,0.977162,1.446444,-1.683304,0.080106,1.865275,-0.923258,0.381291,2.046200,0.007594
0.788982,-0.586190,2.103087,0.288762,0.738574,0.770121,1.027008,-1.065904,1.872735,-0.088105
2.051183,1.730043,-0.679170,-1.620446,0.959542,1.521969,1.706081,-0.850695,0.677963,-1.948101
0.376168,-0.030498,2.185085,1.580943,-1.099712,-0.266332,-1.285430,2.059208,0.530940,0.312741
-0.611674,-0.244305,-1.614250,-1.141079,0.020574,0.211458,-0.045972,0.995783,1.583525,-2.682638
-1.450191,0.355616,1.531834,-0.437188,-0.446469,-0.923722,-0.903328,0.878986,-0.160126,-0.471636
2.689916,1.295052,0.856820,2.015998,0.822076,1.556908,1.325185,-0.356523,0.952892,0.110316
0.152482,0.439032,0.026166,-0.513469,-0.478411,-0.893566,-0.140197,0.004312,1.343484,-0.076034
2.155641,1.669488,0.339266,1.825954,1.075962,1.223960,1.492221,-0.799564,0.457906,0.490225
-0.027857,-0.705923,0.393485,0.691191,-0.262176,0.035573,0.334408,1.147708,0.899370,-1.000509
-0.951781,0.793270,1.329834,-0.613060,0.626480,0.510591,1.774267,0.082760,1.026907,-1.666373
-0.766299,-1.599540,2.723086,-0.339748,1.619477,0.266425,0.424035,-0.576668,-1.112172,0.111979
2.271790,0.446233,0.737599,-0.757026,-0.102938,-1.083526,0.282629,1.896932,-1.886068,-1.014462
2.394905,-0.725131,-0.119058,1.135236,2.224273,-0.554794,0.748796,-0.588503,-0.471120,0.223362
0.825455,0.162940,1.087378,1.307859,-1.387745,1.363357,2.127672,1.118193,-0.859696,2.051976
0.377759,-0.057299,1.163797,1.672545,0.305175,0.567665,-0.053599,-1.350523,-0.318635,-1.447835
0.036141,0.067596,0.935984,0.036198,-0.178723,-0.574606,0.219861,0.161906,1.001863,0.048256
0.620982,-0.055259,-0.414398,2.134326,1.439113,1.313593,1.691832,-0.760388,-0.758231,0.007801
1.120904,1.113441,-0.139412,1.181998,1.050171,1.954222,0.229998,-0.493559,0.624429,0.063613
1.441310,0.729416,-0.472426,-0.604298,-0.500236,-0.119092,-1.328963,0.152577,-0.625390,0.327282
0.981767,0.288496,0.311311,0.823451,-0.093367,0.889244,-0.905071,0.678957,-0.492240,1.580430
2.038818,-1.731386,1.738328,0.474278,-0.542712,0.081082,1.970836,0.424652,-0.237361,-0.115417
-0.108814,-1.723646,1.458089,-0.241535,0.134543,-1.424971,-0.133501,0.405142,-0.006323,0.970978
0.334141,1.134409,1.020031,1.446178,0.224724,0.741659,-0.217654,-0.530791,-0.741583,-0.540650
0.588594,1.696455,1.444153,1.024776,1.336561,1.348474,-0.621252,1.338659,0.831308,-0.000205
0.672655,0.073396,0.849482,1.712954,0.580652,0.290951,0.576684,-0.916843,0.543699,-1.454539
0.234326,2.528971,1.159583,-0.342301,-0.326184,0.869025,-0.524819,-0.679891,-1.447858,0.311195
1.213258,1.531410,2.340697,-1.558078,-2.085345,1.185170,0.745140,2.217595,0.668498,1.193710
-0.550682,-1.013121,-0.879056,-1.858521,-1.015600,1.298744,0.797917,0.846337,1.346539,-0.806289
0.603794,1.494263,-0.101364,-0.352383,0.128154,-0.736424,0.010869,1.252918,-1.071717,2.133625
-1.629746,1.783320,1.070552,0.958553,-1.137110,-0.216855,-1.443893,1.448093,1.781439,-0.448199
1.698609,0.541223,0.383040,-1.411026,1.730119,1.726475,0.239104,-2.756642,0.321670,0.242121
-0.107120,-0.814266,0.378569,2.317820,0.667409,-0.024398,0.576219,2.962895,1.264899,0.170370
2.471410,2.285874,1.192584,0.049831,0.583034,-0.085374,-0.127619,2.126180,1.852367,0.982877
0.369793,1.176978,0.201406,0.577160,0.377057,0.745063,0.282129,-0.347104,-0.160126,-1.461388
0.792925,0.857187,-0.773823,0.350632,-0.398742,0.785266,-0.754927,0.518419,-1.057527,-1.274660
-1.341589,0.384540,0.231681,-1.402188,-0.074411,1.423854,-0.718401,-0.467612,0.995142,-0.329871
-1.310541,-0.750708,0.898284,-0.752292,-0.255968,0.188732,0.516610,0.497089,0.016746,1.112739
1.608248,0.406384,-0.166461,1.361379,0.265257,1.770296,0.640839,0.116469,-0.642427,0.337048
1.648492,-0.415311,-0.034412,1.035573,1.114341,-0.602922,-0.172749,0.910625,1.498365,-1.059384
0.821333,-0.863847,0.789755,-1.585612,0.763548,1.062191,1.163970,0.701414,-0.686434,-0.258302
0.326824,1.455081,0.310728,0.534264,0.171017,0.541532,-0.451142,2.374615,-0.095242,0.725250
2.198613,1.991493,-0.662147,0.170637,-0.721932,1.641023,-0.541156,0.534268,-1.125832,1.805423
2.578425,-1.045812,-0.329411,2.473947,-0.331448,-1.401881,-0.584579,1.388992,1.789703,0.053479
2.306245,2.162612,-0.258879,0.005279,1.172047,0.468492,0.940434,1.331200,-0.057828,0.217154
0.859120,1.747298,-0.185564,0.793210,1.049671,0.738195,-0.037219,1.056009,-0.793871,-1.220169
-0.727095,-0.274040,0.894435,-0.329140,0.038063,0.264642,-0.151660,-1.526408,-0.191101,0.004380
1.676617,-1.436676,0.721713,-0.118516,0.743135,0.243178,-1.032631,-2.616066,0.372409,-1.577236
1.380900,0.185053,-1.570734,2.340297,-1.004241,0.754098,1.398097,-0.097769,0.857042,0.794553
0.788386,-0.373624,1.008122,-0.054596,-0.800739,0.048496,0.029390,0.313865,-0.001014,1.346218
-0.327776,-0.013470,0.176309,0.298308,-0.018370,-0.595411,0.772841,0.833892,0.116675,-1.061999
-0.856232,0.786519,-0.004856,-1.001219,-0.659863,0.791213,0.121746,-0.256380,-0.246084,0.549378
0.068528,0.687037,-0.797045,0.365077,0.490198,-1.110038,-0.767126,0.696326,0.014650,1.900812
-1.348199,0.842300,2.308784,-0.464583,0.454323,-0.027598,1.243894,0.744899,1.875729,0.960356
0.814642,-0.301274,1.225044,0.198662,-0.661017,-1.419668,-0.036642,0.424960,0.042284,-1.996787
-0.569720,-1.846452,1.283763,0.167404,-0.391131,1.099788,0.883357,-0.476159,0.411564,1.351420
-0.173011,0.964373,0.703853,-0.387747,0.366730,1.169046,-1.215144,1.064243,1.664596,0.581920
0.622737,0.739091,0.126959,1.015218,0.860911,0.855635,1.246040,0.609493,0.927065,-0.201211
-0.067801,1.399248,0.729930,0.877799,0.139439,1.385835,2.406822,-0.723275,-0.598699,0.678952
2.294254,0.716285,0.330714,2.195647,0.240948,0.461704,-1.564772,0.750966,0.037376,-1.624135
0.451607,1.291438,-1.163947,0.110822,1.434328,-0.437485,0.873491,0.202081,0.154740,0.072122
0.585351,1.139855,1.408532,0.211259,-0.934108,-0.093234,-0.347899,-0.322009,2.010947,0.070976
0.644068,-1.101549,0.095026,-1.868904,-0.076640,0.986110,-1.395983,1.054018,-0.396532,-1.234207
0.163899,0.240753,-0.360319,0.781714,0.225741,-0.531506,-0.816408,-0.343402,0.035172,-0.202588
-0.466773,2.629990,0.674164,0.981569,0.868006,1.287731,1.004642,0.736580,0.141598,-0.787927
-0.201951,0.308047,0.567831,0.200014,-0.521817,0.804491,0.259280,1.089618,0.629251,-1.013563
1.834061,0.805787,-0.135897,-0.398551,1.550563,-1.319809,-0.719571,0.344006,-1.206458,1.822449
-0.930550,-1.028165,0.551734,-1.128031,0.096691,0.638136,1.711935,-0.510720,-1.627688,1.530244
2.588574,0.854761,-0.784229,-0.020342,1.182444,-0.584099,-0.764771,0.744254,1.262455,-0.010698
1.138737,-0.276867,-1.154805,0.287284,-0.813407,0.598986,-1.268346,0.041558,1.255821,1.119761
-0.391614,1.381795,-0.087268,1.492265,0.517259,0.757785,0.957248,-0.546832,-1.142817,1.047870
-0.263347,0.001593,0.218607,0.538404,1.389771,-1.127094,-0.381308,0.279290,0.437134,-1.433240
1.223510,-0.567602,0.615354,1.128006,-0.284361,0.267328,-0.333840,-0.136065,0.654600,0.028598
0.233183,0.033263,1.037768,0.225846,0.669550,1.943151,-0.072733,1.064358,-0.073289,0.739540
1.182578,-2.115269,-0.499703,0.278391,0.387979,0.444700,-1.924689,-0.984782,0.296087,0.371605
-0.417535,0.503578,0.643431,0.361667,2.625915,0.480526,-1.439750,1.283124,-0.575797,0.746629
0.660114,-0.834515,-0.344894,-0.574388,0.561516,2.019771,0.582106,1.888899,0.295567,-0.629226
0.801707,-0.500857,1.268222,0.441942,0.496849,0.930702,-0.738392,-0.836778,1.851508,0.719165
-0.035088,0.413961,1.253582,-0.056945,-0.459054,2.591660,0.269537,-0.454512,0.925164,-1.220079
0.262675,-1.637554,-0.275002,0.710268,0.810639,-0.231977,0.114836,-0.543838,1.612943,0.269106
-0.766065,0.500556,0.767877,-0.715710,0.369727,-1.075568,-1.766565,0.463688,0.968282,1.823608
0.437523,-0.245190,0.431698,-0.390715,0.388874,-0.237820,0.830130,0.010189,1.045832,-0.503248
3.269979,0.087301,-1.410381,-0.349698,-2.397446,0.233328,-0.734626,0.605729,0.120327,0.553787
1.581626,-0.409974,-1.267858,-1.876768,0.638736,1.380633,0.045575,0.476462,0.312083,1.223297
-1.157569,-0.113740,0.616177,1.179136,0.165983,-0.631313,-0.908111,1.336290,0.535528,1.035018
0.114832,-0.503092,1.853408,-0.559474,-0.120605,0.508813,-0.250423,-0.759860,-0.265317,-0.260628
0.177604,0.332005,0.476406,0.217872,0.195798,0.644516,-1.706434,1.172495,-1.877375,1.300218
2.211421,2.112753,0.118128,0.075209,0.051955,0.112968,0.183677,0.459162,0.788814,-0.812905
2.327308,0.769518,-0.450950,-1.066714,-0.212869,0.394561,-1.435013,0.590231,0.390594,1.138643
1.314001,-0.086536,1.144015,0.910525,0.531195,-0.333151,-1.441519,-0.502439,0.410657,-0.173057
-0.073423,-0.574911,-0.294703,-1.339743,0.197217,1.038852,0.350468,-0.094248,-1.166262,0.439496
0.242463,-2.135466,-0.018759,-0.789792,-0.104000,-0.236604,1.407889,-0.153730,0.072930,-1.411718
0.715204,1.094664,-0.091557,1.774825,-0.141626,-1.807101,0.812973,-0.923946,1.452279,-0.268356
-1.091313,0.664903,0.549519,-1.582896,-0.467619,2.256545,0.098350,0.402461,-0.129844,0.665963
0.930546,-0.643550,1.875628,-0.951704,1.453298,-1.644931,0.554708,1.399707,0.359605,2.531170
0.894576,1.175339,1.777058,0.769696,-2.201825,0.605072,3.085177,0.906502,-1.543938,0.272961
0.762650,0.398886,0.277702,1.097085,0.667632,0.168475,0.939357,-0.429464,-0.538987,0.275541
0.856117,-0.678009,1.433698,0.510220,0.012599,1.268642,-0.817367,0.556319,-0.384472,-1.283330
1.443054,1.673903,-0.341024,-0.854483,0.150228,0.209736,-0.745406,-0.811037,1.157749,-0.951514
2.173592,-0.271482,-0.254759,0.285250,0.952401,1.127283,-1.059610,1.135304,1.174462,1.023926
0.549051,-0.452541,1.100157,1.078914,0.340310,-1.452726,2.098116,-1.219748,1.620076,-0.680299
0.205208,-0.688882,-0.813530,0.005915,0.351010,-0.105936,1.300498,0.170427,-0.632698,-1.167419
0.642320,0.423336,-0.942920,0.938504,-0.886514,0.318176,1.114196,-0.359496,1.620027,0.176989
-0.259868,0.785187,-1.127486,1.775571,-0.788255,1.258042,-0.342733,-1.681957,1.259476,-1.060516
-0.950987,1.041780,1.360028,0.044584,0.325486,1.069175,-0.380507,-1.505966,0.114236,1.143827
1.540885,0.105729,0.397804,-0.026911,1.341647,1.092260,0.882284,-0.073102,-0.153607,1.989879
1.644936,0.760573,1.255221,0.191972,0.739187,-0.305772,0.163832,0.761317,1.890901,-0.410075
1.858069,0.146097,0.424504,-0.882826,0.297361,2.260036,1.042539,0.129529,1.482003,0.319877
-0.385118,1.758454,0.660384,1.542200,0.549914,1.529771,-1.643963,0.152530,0.274882,-0.919374
1.262269,0.176666,-0.235729,-1.590675,1.147812,1.011776,1.497944,-0.176307,1.599285,1.805115
-1.167100,-0.440624,1.337185,0.910753,0.168286,0.439185,-0.444433,0.222678,2.290433,-0.533513
-0.337326,-0.791865,1.619394,0.179583,1.186227,-0.181928,-0.535903,-0.830323,0.419846,0.837517
1.067285,-0.296331,1.757802,2.169432,-0.016026,2.159112,0.058403,0.111920,0.859482,-0.393120
-0.279710,-1.802006,-0.126575,0.532420,0.705947,-0.798554,-0.831544,-0.210274,-0.370362,1.977946
0.530826,-0.194056,1.573342,0.398168,-0.530292,0.178745,0.025535,-1.470358,1.532156,0.866297
0.442699,1.753751,0.181037,0.498487,0.821937,1.083797,0.026161,-1.210205,1.527159,0.085241
-1.133119,0.826240,2.088550,-0.547768,1.255937,-0.926439,1.226526,0.893880,-0.453642,1.313405
1.113718,-0.145829,-0.741479,0.354899,0.244347,1.164665,0.461716,-0.009967,0.159034,0.375147
1.371502,0.051229,2.429358,1.631314,-0.029156,1.056172,0.989361,2.228479,-0.645569,1.208172
0.639332,0.916290,-0.199324,-0.963779,-0.917212,1.212915,-0.645182,0.352332,1.049859,-2.403984
0.270410,0.118903,1.301231,-0.844822,-2.093383,0.834712,0.159460,-0.412823,-0.545935,0.707432
-0.971301,1.317912,-0.165300,-0.599395,1.754835,-0.081627,1.127349,-0.766560,-1.114292,0.053985
-0.892756,-1.463663,0.376808,1.851253,1.236193,-0.219746,2.632614,-1.631774,0.960109,-1.595505
-1.228654,0.652785,0.495511,0.181411,-0.648407,-0.699579,1.112492,0.033928,2.303666,-0.250542
1.414301,0.417673,0.682451,-0.683172,0.521190,0.708858,0.587009,0.595601,-0.051041,0.971579
-1.439623,0.395965,-0.662580,-0.798735,0.295800,-0.803191,-0.502952,0.678387,0.210655,0.206279
-1.562130,-0.101731,2.316228,2.822623,-0.319881,2.382182,1.538275,1.160969,0.567295,-1.485326
1.346934,0.552398,-0.433771,-1.142348,0.709764,0.546386,1.280191,-0.113304,-1.568661,1.862830
0.689752,-0.574947,0.884880,-0.734777,0.523992,-0.508687,0.967224,-0.137923,1.126195,-1.429741
1.402925,1.431048,1.812184,0.839634,-0.014470,-0.084969,-1.028503,-0.517949,-0.214188,-0.410810
-0.200606,0.440159,0.029299,0.902563,-0.306998,-0.840480,-0.225948,0.448777,2.059928,0.148948
0.326780,0.592948,-0.640940,0.056437,1.395066,0.823937,-0.787668,0.637106,-0.808881,0.179430
1.906135,1.071564,0.552575,-1.326853,0.920544,0.128681,0.550036,0.788383,0.041122,1.058532
0.923607,-1.127675,0.345915,0.147706,-0.222633,0.618801,0.213547,-1.364597,0.377058,-0.016509
0.191745,0.188798,-1.659961,0.414603,0.674883,0.175936,0.594607,-0.742783,0.642625,-0.432701
-0.867737,1.251695,0.989383,1.324919,0.646069,0.095983,-0.540460,0.375419,-0.204160,0.245912
1.598108,2.022104,1.224664,0.931524,-0.429010,-0.323385,-0.513700,1.712091,-1.807911,0.543299
0.461964,-1.545024,0.332521,0.320710,-0.779771,0.816340,0.652363,-1.007170,-0.330887,2.159289
0.194208,0.029382,-1.326715,0.954069,0.184927,-0.252152,-1.016077,0.966224,1.835092,-0.802105
0.574659,-0.910632,-0.812083,0.299872,1.820099,0.336765,1.938772,1.805631,1.137117,0.639597
1.551970,0.818759,0.567885,2.918237,-0.958897,-0.034800,-0.671371,0.923274,-0.452860,2.500057
1.352865,0.206134,-1.872127,-0.642713,-0.325437,-1.543275,-0.404527,1.160847,1.035066,0.225820
0.465546,-0.329741,-0.059374,-0.624116,0.094990,0.623759,0.692412,1.205424,1.581556,-0.855370
-1.815003,0.781948,0.944310,-0.671761,0.524764,0.173814,1.230481,-0.411238,0.217425,1.447337
-0.463349,1.494124,-1.070233,0.756743,0.407794,-0.514061,-0.204513,1.582180,-0.327949,1.253202
0.370025,0.608646,1.399772,-0.532871,-0.932637,1.413400,0.954602,-1.491936,0.137888,1.546900
0.899267,1.640468,-0.538534,0.764122,1.077638,0.894235,0.358371,0.102807,-1.336571,-0.375019
1.454807,0.456236,1.148475,0.215939,2.225432,-1.913486,-0.844850,-0.378564,0.132995,0.589508
-0.622051,0.587235,0.879129,-1.128545,0.734726,0.022184,1.960723,2.218717,1.107736,0.917790
-0.594717,0.674605,-0.768359,-0.083013,1.161137,0.108506,1.445935,-0.171954,0.652535,-1.393599
-0.984191,1.023985,-0.028897,0.522554,0.948077,-0.366122,0.855061,-0.469781,1.459705,-0.360105
-1.513042,-0.039400,-0.696980,0.481367,0.194944,-1.203830,0.193647,-1.335689,0.651096,0.901109
2.231013,2.682075,-0.165707,0.837001,0.268552,0.124231,-1.239997,-0.155408,0.622629,0.920664
0.141690,0.087537,1.796953,1.181713,-0.053702,0.087448,1.522841,0.927561,0.436333,-0.568424
2.263289,2.043123,0.550313,-0.799888,1.285429,-0.531053,-0.041480,0.954939,1.551641,2.016911
1.398298,0.613196,1.183745,0.602861,-0.624702,1.737522,-0.478869,0.328021,-1.047041,0.232357
0.202464,-0.562690,-0.131903,0.533363,-0.306772,1.467302,0.849707,-1.283430,-0.458908,0.330187
0.241099,-0.106584,1.778663,-0.085244,0.276239,2.031626,0.384030,1.541948,-0.261540,-1.321943
-1.502679,0.577516,0.008978,0.331204,0.453129,0.883937,0.266614,0.408627,-0.874317,-0.740694
-1.212598,0.666636,0.995790,-0.466848,-1.177681,0.027411,-1.481979,0.149723,0.379379,0.484972
-1.238893,0.674088,0.157461,1.021363,-1.648200,-0.100791,1.458539,0.403471,0.029471,0.082727
-1.313017,0.284112,2.193827,1.073502,2.267491,0.934732,1.282706,0.996356,0.571298,1.112374
0.430173,-0.394382,-0.642480,0.048196,-0.061238,-0.150272,-0.367766,1.198630,-0.226925,1.017601
0.704714,-0.751516,1.489081,-0.398635,0.093270,-0.588076,-3.371914,1.454792,0.688179,1.344273
-0.490220,0.352459,-0.868563,1.124763,-0.499404,1.322766,1.300706,2.591257,1.567296,0.451976
-0.663378,0.464433,0.458537,1.788683,-0.056022,-1.351296,-0.637639,1.210571,-0.366253,-0.538932
1.026669,1.444305,-0.356140,0.413743,1.563083,-0.165490,0.814329,-0.148275,1.098431,0.490649
-0.253770,-0.719702,0.607346,-0.685304,-1.832928,0.270157,1.917147,-0.253660,-1.604378,1.658102
0.096777,1.704350,1.914422,0.519703,1.928908,-0.408547,1.107158,-0.436940,-2.163641,-0.093507
-0.211264,0.678501,-1.023072,1.242037,-0.454193,-1.361027,2.051448,0.170319,-0.296134,0.032487
1.309954,-0.086502,0.410372,0.470364,0.383202,0.460689,-2.016517,-1.898449,0.700892,-0.726269
-0.490550,1.942651,1.557119,1.199565,1.424489,-0.412184,0.973212,1.123278,1.251977,0.817717
0.589027,0.730383,2.871778,-0.441923,-0.067772,0.106918,0.025620,0.587806,-0.453657,0.808126
-0.499189,1.629711,1.815520,-0.657713,1.248950,-0.134807,-0.784590,0.960151,-0.826246,0.621419
0.841160,-0.107856,0.549007,1.405919,-0.797139,-1.281515,1.030612,0.964085,-0.535491,-1.418926
-0.712555,0.637809,-0.988280,-0.808315,-0.121914,-0.133344,1.166639,0.669725,0.723974,-0.858239
-0.056931,0.785554,-1.223318,-0.725736,1.089289,0.770315,-0.269291,1.406260,-0.425980,-1.547502
1.417673,0.450692,-1.275464,2.266640,-0.009936,0.217526,-0.267620,1.016080,1.402565,-1.835726
-0.745263,1.626628,1.554717,1.934211,0.057724,1.637821,0.230514,0.668047,-1.578357,0.644490
-0.627125,1.067524,1.030837,-0.882019,0.928493,-0.927137,-0.292856,0.103196,0.847712,-0.083705
1.375172,-0.656927,0.024027,1.834165,1.332455,1.167124,-0.163614,-0.012820,1.041403,0.018444
1.627582,0.265930,1.209151,0.813158,1.474695,0.635287,0.626728,-0.166052,-0.099737,-0.280192
-0.418962,-0.768920,1.064649,-0.183392,0.306028,1.199547,-1.338879,0.067714,-0.363689,0.159443
1.429920,0.591483,1.986629,2.135144,0.856512,0.640679,-0.881098,-1.109856,0.103425,-0.750971
-0.090378,-0.233375,0.103605,-0.547093,-0.852733,-0.350125,1.406566,0.393196,1.216296,-0.519707
1.448166,-1.359280,1.277957,0.564684,1.421439,-0.426052,-0.110721,0.762314,1.405720,0.975981
2.617892,0.440667,-0.149983,-0.106846,0.010557,0.885905,1.139016,1.629032,-1.631198,1.055335
1.136847,0.207415,1.646956,-0.810504,-0.202722,0.193332,-0.233752,0.807716,-0.415977,0.845649
0.159369,0.077593,-0.065570,1.691362,1.630469,0.234309,-0.169225,0.999099,0.046460,-0.337623
0.101783,0.677554,-0.250526,0.748973,0.602302,0.341189,-0.646465,0.905876,1.171803,1.780951
-0.104391,2.012524,0.177858,0.886189,-0.408338,0.644689,-0.700785,0.765278,-0.051839,-0.120089
-0.647200,2.190408,-0.645999,-0.062037,-0.007223,0.031601,0.728542,0.771627,0.710419,-0.025535
-0.713345,0.749797,0.531624,-0.087524,0.459843,-0.622742,-0.205762,2.172854,0.736763,1.564725
-0.275694,0.240378,1.369795,0.740483,-2.541601,0.977721,-1.024105,0.656244,1.385027,1.701766
-1.172801,-0.268747,0.973535,-0.708884,1.675113,0.022981,1.605339,2.400406,-0.404227,-2.276983
0.865174,-0.674083,-0.128076,2.477225,1.037696,1.827887,0.042296,-0.528934,0.485594,0.344434
-0.406510,0.762921,0.659720,0.449158,-0.050772,-0.020969,0.193548,0.587821,-1.162804,1.653933
2.208781,0.092469,0.028037,1.050797,2.007475,0.247440,0.622872,0.634949,1.795413,2.149294
0.171748,0.456847,0.754472,0.234022,-0.487438,1.100819,1.470729,1.167524,0.874054,0.565831
0.760079,0.410999,0.971982,0.985670,0.811670,-0.291224,1.767969,-0.824840,0.676909,1.529315
1.622813,-0.750078,0.300636,1.976546,0.267341,0.419500,0.036538,0.534810,-0.387980,0.182956
1.088948,0.397476,-0.704602,-0.220863,-0.600047,0.896807,1.091509,-0.898746,-0.145687,0.086128
0.950371,-0.248741,-1.145622,1.323485,-0.480269,-0.780544,0.648850,0.864738,0.629534,0.048326
-0.168714,0.968529,-0.749798,-0.115970,0.283815,0.095865,0.528405,-0.432037,0.567248,1.241317
0.712792,2.324875,-1.385759,0.549196,-0.205708,1.092456,0.580016,-0.624877,2.740055,-0.884846
0.352439,0.830935,1.075291,0.891310,0.454006,1.057281,0.343345,1.645454,0.471466,2.047960
0.960184,-0.028918,0.246479,-1.038278,2.028626,-0.102253,1.155917,0.410786,1.269291,1.000334
0.583282,-1.081898,1.137875,-0.676237,0.510242,-1.025682,-0.796124,0.360254,0.854601,-0.437931
1.094230,-0.093343,0.127126,0.097930,0.828283,1.318726,0.087685,0.873541,1.253723,0.104263
-0.006042,0.440696,-1.865768,2.200949,-0.790425,-2.295950,-0.832296,-0.530703,0.494339,0.321107
1.359910,0.780817,-0.358406,-0.837983,0.800365,0.959552,1.590752,-0.731536,0.177924,3.068591
0.590222,1.101110,0.291219,1.578360,0.243344,-0.136037,0.079453,1.634858,0.613263,-0.479332
-1.168784,-0.840203,-0.400601,0.095210,0.102269,1.118026,0.311899,-0.634877,-0.082859,1.129053
0.369292,2.802617,-0.184892,-0.542082,1.094562,0.707983,-2.090530,0.625355,0.710788,-0.451535
-0.011892,-0.304798,-0.515777,2.252011,0.446595,-0.192269,-1.108831,1.510488,0.565974,0.021640
-1.285368,-1.251571,-0.547081,0.251027,0.720404,0.478251,-1.123436,0.460684,-0.265485,-1.407802
-0.272744,-0.913624,1.112684,2.061065,-0.632611,2.824261,1.423325,0.343196,-0.016089,0.490392
1.981125,2.072627,-0.189366,0.552159,-0.646041,2.417044,-0.269447,1.012047,0.096862,-0.298630
1.768559,1.874931,-0.969005,0.078078,0.117060,0.522326,-1.022606,-0.071795,0.551387,1.113385
-0.709357,-0.273976,1.082998,1.172185,0.620294,1.028627,0.180553,-0.897359,0.336104,0.091679
0.016165,1.259435,0.057872,0.853105,1.079329,0.091720,-0.400589,1.030706,1.585789,-1.063180
0.934243,-1.131963,0.782155,-2.040045,-0.184599,0.867842,1.416824,-0.557274,1.530094,0.173685
-0.174843,0.305688,1.340188,0.243802,1.602984,-0.381563,0.800139,0.442585,1.240368,1.443492
0.605982,1.731135,0.672906,0.723650,-0.627863,-1.026035,1.831098,-1.383227,1.248282,0.607422
2.203450,0.031687,1.491160,-0.718687,-0.326110,0.414501,-0.848340,1.155056,1.964535,1.269299
-0.321297,-0.230783,-0.064854,1.625405,0.323486,2.295875,-0.253042,-0.533718,-0.115196,1.283527
0.807029,-0.712625,0.603319,1.597379,-0.627693,0.700294,-0.899774,1.304075,0.122186,0.255492
1.440867,0.332978,1.409797,0.986896,-0.981191,2.484131,0.800661,-1.559222,-0.026859,1.972034
-0.876165,0.730200,-0.115441,0.021839,-0.769282,0.066711,-0.239280,-0.050130,1.039031,-0.692085
1.114203,0.946349,2.296538,2.246694,-1.668985,-0.765477,-1.725458,-0.697178,1.303268,0.779579
-0.176834,0.348900,0.292009,0.112781,0.881414,-0.404718,-0.428257,-0.003732,1.093476,-0.064968
0.534811,-0.727085,1.525048,-1.474344,-1.313955,0.206834,0.819562,0.189354,-0.574007,1.175546
-0.485787,1.973089,-0.163581,1.064970,1.346074,-1.976811,0.986411,0.275655,1.136390,0.655968
0.419815,-0.904237,-0.126220,1.388997,0.426968,0.535670,0.695618,1.659831,0.692406,-1.237134
1.211510,0.048912,-1.291160,0.671764,0.728494,0.425208,-0.487581,-0.390401,1.054558,0.419214
-0.683818,0.426669,1.600980,-0.600672,-0.681929,0.804370,0.602699,-0.048920,-0.705193,-0.872059
-1.472097,-0.139127,-1.038356,0.128116,0.881745,0.682474,0.888810,1.233977,0.465736,0.942636
-0.504553,-1.316624,-1.692240,-1.036385,0.030541,-0.378980,-1.489111,0.058136,0.067458,-0.027061
1.463686,0.100233,1.692674,-0.747770,0.443503,1.116842,0.562751,1.301485,-0.162619,0.290129
0.519631,0.273181,1.380495,-0.020469,2.243492,1.004561,0.767313,-0.812356,-0.957485,-0.355755
0.585230,-2.031377,-0.044084,0.064025,0.518570,0.701524,-0.345628,0.952472,-0.103944,1.436291
0.610817,0.910053,0.174585,2.258306,0.860217,-1.022924,0.162004,-1.379892,-0.135855,-1.100909
-0.115450,1.464110,1.569136,2.012891,0.282688,-0.587603,0.139214,-0.606676,-0.381076,-0.384074
1.285710,1.881421,1.363338,-1.374190,-0.273221,-1.034755,-0.134940,0.754979,-0.969272,0.636008
0.491396,0.305599,-0.176073,0.825743,-0.155406,-1.542788,0.401723,0.277813,0.549480,0.669639
-2.952946,-1.735255,1.257981,1.605816,0.210703,-0.188638,0.558217,-0.631866,1.500963,0.283412
-0.759511,1.044353,-0.651295,1.696933,1.595753,-0.187431,-0.723345,0.854576,-0.426137,0.345940
0.574674,-0.199595,1.457679,-0.032130,0.185145,-0.352592,0.772333,0.118284,0.004508,-0.491746
1.959673,1.993677,-0.274367,-0.157903,0.454161,0.273120,-1.136071,2.084971,1.605246,0.633528
-0.382454,-0.039663,-0.118393,0.749614,-0.376975,0.799892,0.588780,-0.945747,1.012282,-0.287173
0.995329,-1.751805,1.491859,-1.158027,1.231308,0.796872,-1.000607,0.692193,0.583656,0.342504
0.298482,1.714769,0.540729,-0.327214,0.294984,1.273498,1.529333,0.921431,2.230537,-0.931755
0.671967,1.296958,1.339631,-1.147053,1.027094,-0.921399,0.250428,0.823702,0.855374,0.422386
-1.729114,2.073539,-0.307175,2.222765,2.293163,-1.090327,0.657889,1.759196,-0.221831,-0.331421
1.601621,1.709654,-0.832507,0.114334,-1.164934,-0.873263,0.201182,-0.130703,1.043635,0.030335
0.497795,1.037181,-0.432688,-0.242529,-0.508582,0.832874,-0.065427,-0.513456,1.320278,0.770608
0.142085,0.232042,0.408623,1.128462,-0.266865,-0.104457,0.193278,0.473353,0.627400,0.218341
-0.557495,1.137599,2.646740,0.669345,-0.395030,1.728972,0.211341,0.015374,-0.496511,0.449554
1.445823,-1.165623,0.687020,-0.281395,-0.129197,0.213476,-0.375991,0.433598,0.435658,-0.308900
-1.080820,-1.055768,0.722924,-2.124364,-0.054801,-0.414086,-0.231879,0.504617,0.020848,0.999219
0.491466,0.778246,1.361900,0.887817,0.082100,-0.504614,0.073070,0.740488,0.115634,-0.478666
-0.601169,-2.125526,0.684746,1.176795,-0.151365,-0.278216,-0.040952,1.233066,0.256767,0.111571
1.124255,2.605222,-0.438691,-0.501186,-1.835749,-1.496708,-1.205994,0.419720,-0.248615,-0.568771
-1.426665,1.153463,-2.266425,0.276144,1.802831,-0.824924,0.633829,0.908963,0.492060,0.332856
-0.405970,0.750264,-1.355530,0.028566,-0.602731,-0.611806,0.913729,1.118792,-0.019939,2.635200
2.463855,1.331426,0.571260,0.100057,0.719655,1.339071,-0.341330,0.264066,0.663072,2.413380
-0.371979,-1.440342,0.378558,0.209693,0.790945,0.050841,1.511068,-0.049761,-1.123290,2.013719
-1.356109,0.190418,0.337881,-1.466858,0.110705,1.381582,1.717581,-0.297546,1.177095,-0.191594
0.804235,0.835114,2.044504,0.196172,1.081656,1.517411,0.367857,-1.868189,-0.124337,0.073627
1.348435,1.231047,0.764902,-1.269308,0.495678,0.277735,0.966366,-0.214992,-0.432982,0.679862
1.008199,-1.796136,1.052141,-1.049348,-0.157802,-0.678820,0.692203,-0.349527,0.417047,-1.349788
0.794417,-1.364652,0.785751,0.561289,-0.412810,-0.808992,0.335893,1.483340,1.543586,2.021428
1.077878,-2.592525,1.611203,0.114929,0.844813,1.643355,0.698948,0.618909,0.690783,-0.261738
2.459456,-0.396477,0.507040,1.136425,1.365897,-1.395878,-0.715258,0.414062,-0.118504,1.429231
1.372411,0.265630,-1.874701,-0.657876,0.070310,-0.093350,0.209603,0.488348,0.381323,0.459105
0.191867,-0.897125,-0.659425,0.593410,1.597177,-0.881475,2.286743,0.469767,-1.687024,1.042425
-1.084233,1.230418,0.042730,0.568677,-0.543778,0.761528,0.063217,-1.424169,-1.772241,0.683767
1.170813,1.977306,1.603450,1.700302,-0.859427,-0.064357,0.743578,-1.299980,1.107661,0.519033
0.793925,1.116810,0.204809,1.864659,2.157611,1.658628,-0.120178,-0.490330,2.369670,0.826653
0.467430,-0.980318,2.161094,0.497702,-1.690625,0.983821,-0.642564,-0.310916,1.917582,-1.172826
-0.501210,0.719991,1.808589,1.416268,-0.563970,-0.230360,0.213835,1.480662,1.360706,0.250723
0.966633,0.918924,-0.800823,1.014502,0.861124,-0.387913,-0.204331,-0.459282,0.703232,-0.264038
0.026468,1.080313,-0.125428,-0.269426,1.880219,-0.104773,0.112615,-0.287436,-1.558563,-0.441235
-0.711720,-1.040309,0.338574,2.812486,0.716603,0.229901,0.810199,0.752957,1.428374,0.370446
0.295261,0.594276,-0.099943,-0.258221,0.979248,1.730341,-0.470677,-0.749257,0.925765,-0.586624
0.553416,3.048701,0.709556,1.725006,0.966952,0.127023,0.417389,0.168911,2.166750,0.519097
-0.119770,0.520465,0.557745,0.089917,0.978912,-0.226962,1.261688,-0.011764,-0.288925,-1.060739
0.820709,1.529134,-0.522459,1.637255,0.845137,0.809074,1.543265,0.241466,1.142081,-0.998097
1.366792,-0.244704,0.487173,0.341083,0.792287,-0.044668,-1.583734,-0.286474,0.377823,-0.035125
1.612227,-0.797765,-0.717425,-0.003749,0.300607,0.594522,0.881085,1.570687,1.099248,0.261530
-0.325222,-0.245532,0.994701,1.965974,0.934267,1.072562,-1.009752,0.064392,-0.608453,1.743329
-0.428692,0.400601,1.095441,0.978553,-0.342270,-0.168693,-0.022527,0.254892,1.210058,-2.178014
0.878635,-0.526698,-0.680154,1.323798,-1.584327,1.812654,-0.469530,0.872070,1.153721,0.520430
-0.463379,0.294723,-1.051192,0.944112,-0.474208,-0.493432,0.365399,0.503156,0.073185,-0.451818
-0.311616,1.176399,0.632983,-0.241542,-1.910038,0.020913,-0.259717,-0.145400,-1.009595,0.700300
-1.084004,0.345587,-0.488337,-1.323264,0.135757,0.015085,0.530972,0.596828,0.310371,1.108498
0.678838,-1.649747,1.544643,0.529305,1.391340,1.344965,0.651713,1.234907,-1.775996,0.778360
1.070275,0.217135,0.441042,0.354027,-1.756641,0.715909,0.996660,-1.262220,1.060150,0.781967
0.411707,0.139102,-0.074529,0.635137,-0.258443,1.231657,-0.284006,-0.899551,2.798097,-0.130171
0.724328,0.506664,0.450534,-1.504396,-0.616111,1.007088,0.036892,-0.059025,0.933996,1.083078
-0.608449,-1.099554,-0.346178,0.722529,-0.034730,-0.024389,-1.610438,1.600291,-1.912564,-0.603345
-0.024135,1.027388,-0.643485,0.704008,0.043047,-1.630912,0.178965,1.037930,0.983575,0.532979
0.020415,-1.881901,0.527600,2.030210,1.193003,0.814830,1.856078,0.733498,2.126808,1.155111
0.383046,0.934382,0.326522,-1.422358,1.221142,0.558131,-0.050275,1.090859,0.725750,-0.001076
0.390194,2.650769,1.269187,-0.076757,-0.536116,-0.881994,2.552753,0.466037,0.110847,-1.284020
-0.319965,-1.729979,-0.855073,-0.775387,0.346820,-0.716274,1.354795,1.265825,0.384132,1.869206
1.084037,1.827521,-0.490443,-0.287494,-0.753734,1.841318,-1.980204,-0.737600,1.759987,-0.894908
0.232289,0.671328,2.007589,0.976863,0.988074,0.217851,-0.376377,-0.392240,-0.362814,1.595278
0.736700,1.708562,-0.357566,1.412313,0.528517,0.072029,1.344120,0.219084,-0.234645,1.217902
0.469029,0.268897,1.533994,0.378337,1.114123,-0.412426,0.636083,0.057889,1.253835,-0.508229
0.888589,0.131273,1.976830,1.156874,-0.602217,-0.410838,0.268363,0.518030,1.216899,-0.164383
1.570530,-0.900458,-0.454460,0.555438,-0.709941,1.881535,-0.883418,0.546296,2.022522,-0.297307
1.010293,-0.630859,1.431885,1.713491,0.874291,0.768695,0.623138,0.898022,2.130638,0.301077
-1.321386,0.246150,1.096805,0.505386,0.709115,-1.146420,-0.087428,0.014159,0.950405,0.517795
-0.334214,1.437489,0.329398,2.436443,0.062394,0.848210,1.235550,0.717777,0.163315,0.502464
1.041787,2.042253,-0.103977,0.028227,0.022790,-1.180114,-0.590984,-0.789361,0.759617,0.893064
1.387523,0.276545,1.715618,0.847922,-0.160805,-0.262684,1.870544,-0.501044,-0.482479,0.350356
1.866707,0.233355,0.496859,0.933591,0.084918,1.139201,-1.237475,-0.681423,-0.579298,0.921815
1.383842,0.858502,0.728801,0.797133,0.808593,-0.109888,-1.311185,1.481485,0.984478,0.816404
-0.553140,2.155295,0.020379,0.364830,-1.107229,-0.543263,-1.919479,0.490186,0.142405,0.401512
0.945516,-0.999064,0.468813,-1.151603,1.971138,0.454381,0.959558,1.914070,1.338230,2.008769
1.137415,1.249716,1.654280,-0.414707,1.178241,-0.445219,0.776142,1.319500,-0.127453,0.204613
2.145559,0.243383,1.565114,-0.987509,-1.458490,-1.235958,0.468890,3.620228,-1.107406,0.513311
0.927250,0.297450,0.776931,-0.963716,-0.300041,1.642851,0.447790,-0.289519,0.075511,-1.123599
0.235769,0.512990,0.637230,-0.613580,0.898757,-0.414682,1.475209,0.862612,0.299292,-1.113168
-0.199789,-0.366828,1.176940,-0.151094,1.110558,1.026598,0.732811,1.411063,-2.057368,0.813655
1.058027,2.173576,0.940144,-0.020702,2.471863,1.188533,0.598141,0.844162,0.035779,0.836279
-0.109473,1.971575,-0.938613,1.023059,-0.547643,1.619245,-0.679242,-0.050882,0.342820,-1.375220
-0.271803,0.546028,-0.341920,0.313244,0.982155,-0.646989,-0.029878,1.685029,-0.237831,0.742888
-1.259200,0.126251,0.911410,-0.562247,-1.818502,0.348655,0.760767,1.173905,-0.471233,0.499223
-0.905627,-1.517558,2.046268,1.439615,1.975149,-1.019278,1.182493,0.728796,-0.305693,1.219242
-0.472681,-0.147736,0.814520,-0.299521,-0.567560,1.874681,0.942665,0.690553,0.368700,1.714161
0.269003,-0.415103,-0.906907,-1.122815,-0.037139,1.141666,-0.013814,-0.613462,-1.705956,0.416109
0.629160,0.651216,1.180071,1.653457,-0.268090,-0.331165,-0.055691,1.658918,0.038750,0.679452
1.155079,1.193541,-1.346953,1.257028,-1.056049,0.314609,-0.723720,0.057974,1.126071,0.576327
0.797876,1.741821,0.494283,-1.121036,0.511694,1.323485,-1.530862,1.868167,0.002282,0.690731
0.915244,1.056283,1.848804,0.625451,0.867912,0.672540,1.564770,0.347069,-0.358260,1.326484
2.814021,0.291831,0.717021,2.648072,-0.839528,0.314265,0.102151,1.573069,1.142878,-1.607728
0.103328,-0.224990,-0.623442,1.267408,0.493428,0.330167,-0.215112,1.716605,-0.397753,-0.081394
-1.520902,-1.092608,0.010889,-0.574852,-0.072332,1.034287,-0.437243,0.858579,0.625430,-0.351077
0.127997,0.034483,-1.114035,-0.321208,-0.192071,0.281467,-0.605137,0.953755,0.766291,-0.368604
-0.358259,-1.547754,2.119555,1.239201,0.439423,0.566238,1.890120,-0.097493,1.006245,2.579061
-0.000054,-0.071372,-0.577472,-0.927406,-0.639580,0.033565,0.502332,2.301779,0.973724,1.354276
0.472463,1.931772,0.767406,2.021649,-1.651365,-0.192720,1.067174,-0.801971,-0.173985,1.529178
-0.112452,0.111138,0.116511,0.373625,2.007475,2.537779,0.406104,1.523229,0.367263,-0.938358
1.740693,0.768210,-0.509076,1.532770,0.131555,1.342646,0.036284,-0.385520,-1.145124,-0.823501
0.473847,0.457065,1.035148,3.029114,1.088125,-0.689103,0.833572,-0.399125,-0.398503,-0.822581
1.339722,1.354130,-0.114809,1.848050,0.009127,0.470590,0.033781,0.324196,-0.126335,0.369624
-0.611548,-0.665927,2.370844,0.164379,0.493775,0.469817,-1.222422,0.151254,-0.168986,-0.399148
0.528347,-1.077311,-1.055961,1.391540,1.245189,-0.289388,-0.147524,-0.080713,0.558390,-1.549565
-1.473334,-0.758676,0.164800,0.587061,0.371083,-0.556622,-0.646576,-0.280812,1.367775,-2.205926
-1.492287,1.349098,1.253186,1.624498,-1.236958,-2.061048,1.436625,-1.054292,0.513987,1.999460
-0.555272,-1.257144,0.104433,1.118915,-0.096448,-0.135714,1.378748,-0.405203,1.972432,0.617166
0.811565,-0.303607,0.956290,0.368681,-1.206505,1.446190,-2.079630,-0.262458,-0.621886,0.166232
-0.382037,-0.994525,0.394843,-0.569375,-0.485339,-0.779877,0.731588,1.428185,0.461722,0.693191
-0.618656,-0.186713,1.197223,-1.082949,-0.080303,-0.122135,-0.071318,2.912491,0.217170,-0.096881
-0.776216,-0.511149,-1.415006,0.041456,0.794954,-1.347097,-0.112880,-0.162522,0.181495,0.187175
-0.183143,-0.496860,0.452329,-0.121783,-0.338171,-0.100034,0.293821,0.624907,0.971546,-0.566586
1.201955,-0.260495,0.457375,-0.972131,2.174199,-0.967701,-0.055196,0.830333,0.454593,0.553361
-1.169916,0.295394,1.019164,-0.545888,1.487504,0.330321,1.576438,0.433409,-1.473109,0.819772
0.112392,1.574088,1.060057,-0.415111,-0.998467,1.674271,0.041318,-0.337681,-1.315795,0.187974
1.350207,0.278337,2.152894,0.012645,2.051262,0.748992,0.474301,0.498847,0.763627,0.264651
-0.095830,-0.690830,1.377786,-0.431125,0.094090,0.826316,-0.916176,-0.409805,0.566012,0.909600
0.676702,0.992142,0.238771,-0.186899,1.355686,-0.309437,1.324056,2.519557,-0.598666,-0.507620
0.983758,0.422361,0.088967,0.282648,0.296903,2.239863,1.461777,-0.575037,-1.394661,-0.978365
1.268063,-0.322903,0.934662,-0.583875,0.202953,-0.749905,0.437362,0.167797,1.681560,-0.713633
0.642562,2.180176,0.967434,-2.031580,0.538530,-0.856435,0.401492,1.215523,-1.177045,-0.389826
1.884337,-0.148608,-0.425293,0.819877,0.319597,0.557633,1.272095,1.538666,1.212902,0.004223
2.715206,0.958280,-0.165439,0.817087,-0.041483,0.596869,2.047127,0.778644,0.266897,0.355029
0.693461,-0.361781,0.736538,1.605513,0.956851,0.305576,0.334855,0.497160,-0.283397,0.694732
-0.463475,0.262258,-0.618937,0.533455,0.894433,-0.382985,1.284077,0.276272,-0.316168,1.200187
-0.238493,-0.597833,1.963530,-0.145509,-0.620470,-0.760476,1.000241,-0.029107,0.584487,0.569536
-0.721586,-0.890079,-0.260442,0.232748,2.320953,0.676272,-1.070606,1.383174,0.393682,0.283059
-0.643285,1.227170,1.414924,0.189365,1.544419,-0.171546,0.961599,1.907112,0.948670,0.540681
0.057905,-0.214406,1.321765,0.530498,1.350065,0.550563,-0.782940,1.448441,0.918416,1.378632
0.923771,0.895313,-0.249835,1.030185,-0.753522,1.162406,0.901306,1.240935,0.101922,-1.098575
-0.483653,1.108993,0.313079,0.921066,0.362837,0.744852,-1.195836,0.924122,1.214613,0.667553
1.185903,0.795083,0.747374,0.384423,0.529206,1.538175,-0.098901,0.481644,-0.109643,-0.453126
-0.668097,1.546311,1.699510,0.889417,-0.283912,-0.880989,-0.169458,-1.278155,0.750105,1.256062
1.323801,0.344479,0.293604,1.345082,-0.121231,-1.388541,0.344734,0.051743,0.393322,1.404166
-0.859096,1.053132,0.328713,0.460045,1.222548,1.409770,-1.102279,1.280057,-0.830353,0.166334
2.273633,-1.123940,0.326634,0.599079,-1.080557,1.827453,1.826257,-2.303099,0.890766,0.524621
3.274784,0.960029,-0.960582,-0.776768,-0.616951,-0.511108,0.624798,0.737198,0.280619,1.700576
0.393118,0.440750,-0.479100,-0.159377,2.400392,-0.977816,1.768347,2.458185,-1.478190,-0.939521
2.077268,1.662966,0.588039,0.196778,-0.256077,1.121539,-0.051323,0.708007,-1.092592,-0.523793
-0.567403,-0.496687,0.779532,-0.006338,0.913381,1.650279,0.041220,1.733501,0.033586,0.075167
-0.173202,1.064941,0.584426,0.804629,1.123309,-0.753071,0.973917,-0.547333,1.090450,-1.856928
1.053712,0.128553,-0.116966,-0.587850,-0.205600,1.188266,1.183845,0.071998,0.734254,0.458132
-0.750169,-0.922029,0.967655,-0.366283,0.154876,-0.210972,-1.452755,-0.526404,0.130766,-0.644216
-0.143785,-0.125680,-0.150644,0.413013,0.257139,0.745940,-1.049465,0.328450,0.216775,0.129624
1.587792,1.999028,-0.199262,-1.108792,0.747508,-0.550508,-0.049934,1.173011,1.348521,0.705905
1.677616,0.995242,0.590330,0.585193,1.868914,1.477271,-0.517573,1.576426,0.348689,-0.473440
0.098292,1.313300,-0.142875,1.041272,1.951318,-0.273055,-0.556438,-0.140416,0.039736,-0.899230
1.007143,1.750753,-1.286826,-1.045147,0.793890,1.964304,1.812516,2.346182,-0.635840,0.400882
0.105462,-1.367915,0.933335,0.271251,-0.126238,0.665127,1.395653,-0.604339,0.442811,1.021493
-0.175715,2.161036,0.758684,0.538231,-0.660546,1.102630,-1.656891,-1.243345,2.653360,0.647692
1.435461,0.761504,0.046675,-0.539695,-0.887536,0.176510,0.176080,0.283718,0.915853,-0.243287
0.715286,-0.142292,0.193407,-0.365265,0.590561,0.727877,0.796440,0.702484,0.881341,0.791896
0.225928,0.869521,-0.046145,1.478274,0.616871,1.332110,-0.416281,0.001733,0.167113,0.648293
0.859704,1.009794,-0.137327,-1.924152,0.099432,1.443346,0.846452,0.796967,-0.507023,0.832874
0.889292,1.466763,0.844437,1.574134,0.168076,-0.877474,2.186949,-0.341599,-0.410951,0.844199
-0.803075,-0.717523,0.932315,1.194412,0.017772,0.864385,2.181252,0.875144,-1.012447,-1.111527
0.521749,0.986411,0.006902,1.304049,-0.742677,0.969892,0.146140,-0.069745,-0.829911,0.889575
0.275397,-0.573632,0.245259,0.978486,-0.519772,1.143690,0.338149,1.079937,-1.265126,-1.183031
-1.030854,1.558835,1.467003,1.976563,0.411945,0.413672,0.498538,-0.094104,1.095532,-0.211836
-0.606703,0.821132,0.929457,-0.134938,-0.027597,0.170600,2.294425,1.719814,0.392245,0.997387
1.349553,0.631391,1.184742,0.084666,0.050702,-1.095098,0.872122,2.000470,-0.866124,0.212018
-0.129567,0.421309,0.275737,0.027204,1.816038,0.202048,1.575311,-1.093780,-0.930097,-0.821253
-0.052637,0.963991,0.469789,0.247487,-1.042353,0.677952,-1.043814,2.514944,-1.142817,0.631669
-1.284994,0.283831,1.565383,0.211070,-0.218621,1.568438,-0.220066,0.542051,-2.740078,0.454244
0.746953,0.970890,-0.128815,1.698125,0.866269,1.971904,0.816100,1.058300,2.511762,1.377450
1.994818,-1.058630,2.078816,0.812910,1.110152,-0.902499,-0.421647,-0.314611,2.272087,0.751392
0.191994,-0.218286,0.067499,-0.716750,-0.791740,0.338755,-1.703488,0.472580,0.400938,0.064161
0.729640,2.267345,-0.472094,1.758144,0.290028,-0.468655,0.232946,1.403464,1.535955,1.611220
0.702532,1.197555,-2.357374,-0.831728,-0.307993,-0.030799,-0.280810,1.594071,1.594890,0.038686
-0.475759,-0.462940,-0.494295,-1.062823,-0.378967,-0.191229,-0.608056,-0.620653,1.012708,0.834670
-0.035380,1.506964,-1.931466,0.118649,-1.182827,1.017067,0.932759,0.629727,-0.244506,1.490506
-0.555139,1.655706,1.556332,-1.576687,-0.932924,-0.711180,-0.754086,0.701942,2.367121,0.675082
1.393303,0.233632,-0.441354,0.969603,0.431928,-0.215473,1.123058,1.919914,0.189378,2.181793
1.100439,-1.477561,0.968118,1.268280,0.355509,1.207256,-1.052150,0.889752,0.320309,-0.509073
0.757546,0.619544,-0.396502,0.439802,2.098091,1.141972,0.272340,0.027431,0.419400,-0.552219
0.818660,0.656587,0.450501,0.737702,-1.205443,1.232595,0.787985,1.076426,0.908180,1.475361
0.182182,0.732136,0.880983,0.572368,0.745915,2.404842,0.060910,-0.497616,-0.898051,-0.551393
0.236597,1.880057,0.859089,-0.966728,1.341782,-1.302644,0.302550,-2.086060,2.851221,0.059277
2.354344,-0.273109,0.614286,-1.774604,0.371798,1.462760,-0.300136,0.120112,0.877150,0.581009
-1.306667,0.042958,0.316886,-0.469208,0.068849,-0.718150,-1.122567,0.034393,0.517306,1.591934
0.715700,1.426976,0.609269,-2.595331,0.067574,2.097075,0.878968,0.618147,-0.398565,0.527969
0.364923,1.302000,-1.724255,0.397650,-0.811413,-0.566190,0.269365,-0.205034,2.227370,-0.628350
0.310798,1.091792,0.678042,1.382395,-0.053316,0.605325,0.265597,-0.512307,1.745086,-1.227126
-1.234368,0.280731,0.085330,-0.464140,-1.652286,1.431298,-1.437329,-0.482018,0.113519,-0.125421
0.088137,1.228200,-0.277646,-0.596937,-1.197735,1.175082,1.245938,-0.533399,2.873331,0.614520
0.647382,-0.711214,2.596383,-0.120767,-0.585407,-0.255093,1.301749,0.517072,1.570149,1.758196
1.105093,0.557003,-0.950946,0.422947,-0.260213,1.914031,-0.233294,0.219239,2.104413,1.571212
0.765026,-0.139854,-0.432384,0.451419,1.769424,0.181640,-0.071457,0.861655,0.138455,0.624777
-0.632023,1.416433,1.020566,-0.116820,1.103180,-0.026459,-0.389751,-0.056859,1.393052,0.268668
-1.486520,2.051007,1.167959,0.529079,0.236411,0.406729,0.885117,-0.997505,0.079510,0.334839
1.979020,1.057512,-0.753249,-0.338299,-0.212739,0.202884,0.105686,-0.846224,0.165728,1.417498
0.780876,1.336037,1.226049,-0.652550,1.213313,-1.609843,0.479738,0.545641,-0.228435,-0.256140
-1.257076,0.514299,0.605933,-0.148727,-0.689050,1.504752,-0.886739,1.174023,-0.604028,-0.779176
0.686272,1.359124,-0.308465,0.493231,1.880963,1.308013,-1.212283,1.778152,0.799004,-0.883469
1.393498,0.792898,-0.693305,0.068016,-0.540434,0.713003,-0.441470,0.766256,0.521141,2.453744
0.214472,1.970668,-0.214992,-0.898818,-0.224436,0.145077,-0.747222,-0.771037,0.946586,0.995792
0.652613,0.344782,0.042657,0.009155,-0.964268,0.522248,-0.980732,1.933004,-1.083193,1.262286
-0.608094,2.382984,-0.103887,1.067428,0.687768,0.855298,-0.115967,-0.216165,0.032766,0.838632
0.242487,0.218413,0.335502,0.601792,-0.101178,1.085741,-0.385467,0.792167,-0.103461,0.984244
-0.475444,-0.335559,0.098286,1.498136,0.724822,1.811166,-0.669512,0.612208,0.369200,1.143624
-0.015548,2.026064,-0.020362,-0.156965,-0.028163,-0.828749,-0.344203,0.728231,-0.743311,0.354842
0.063624,0.531709,0.986070,-0.608290,-0.202483,3.253935,1.263059,-0.143286,1.344439,-0.093884
-1.367495,0.996970,1.149341,0.929777,1.327443,0.550025,-0.130383,1.209158,1.130476,2.160329
0.652224,0.816157,0.023881,0.680797,-0.369279,-1.174738,-0.112008,1.103772,0.867961,1.421836
0.412411,0.653606,1.952860,-0.361533,0.399516,2.270266,1.093107,-0.250510,-0.191823,-1.056472
-0.154346,-0.679818,-0.241660,1.292124,-1.877951,0.148470,-0.541194,-0.146552,-0.694365,0.661696
-0.472701,-0.157137,1.087406,0.478568,-0.068640,1.710451,1.226608,0.475060,-0.731368,-0.758839
0.494976,-0.585658,1.716920,0.068679,0.048686,0.896700,0.099715,0.753789,2.557583,1.334598
-0.088498,-0.101888,1.149093,0.671566,0.466844,-0.504961,1.299324,1.587726,0.417486,1.550457
0.861488,1.469031,0.354121,0.739363,-0.268299,-0.954577,1.839605,0.907190,1.935721,-0.825704
-0.034027,-0.036737,-1.702957,0.101059,0.565668,0.979488,2.562401,1.563284,-0.261043,-0.319499
0.852274,1.111951,-1.640342,2.033272,-0.032015,2.558145,-0.683966,0.963162,-0.659380,0.902744
1.787223,-1.176440,0.416131,1.223496,-0.848700,0.707464,2.013540,1.142367,-0.585770,0.633285
1.454966,-0.196851,-0.200352,-0.371804,0.961799,0.363182,-0.446747,-0.298808,0.723538,0.623397
-1.103032,1.571296,0.665912,-0.127350,-1.375706,-0.748955,1.654824,-1.418392,1.107348,-0.413680
-0.602073,2.287923,-0.393690,0.214826,-0.182151,1.921620,1.027460,2.452140,0.388271,-1.832044
0.199314,0.649136,-0.879365,0.346460,-1.277177,-0.136503,-0.409127,3.052889,-1.020189,1.472540
-0.111873,-0.069516,0.526225,0.676693,-2.774551,0.523963,0.637993,-1.830160,1.597613,-1.513136
2.046858,0.243502,0.553369,0.607170,0.791304,-0.327919,0.365179,0.907789,0.845589,0.150229
0.468135,2.274594,1.820374,1.132352,-1.363555,0.586022,0.695206,1.732126,1.479207,0.080211
-0.053794,0.435412,0.676439,0.912387,1.295331,0.080868,-1.169222,1.280493,1.078329,0.569661
-2.037071,0.111064,-0.132856,0.049715,1.607647,-0.125010,-2.525156,-0.318670,-0.443537,0.208060
0.336163,0.892207,0.246221,-1.565101,0.986876,-1.263338,-1.215670,-0.911299,1.251653,0.779343
0.225161,1.103170,0.341792,0.590998,-0.262979,-0.194368,0.419526,1.142386,0.366265,-0.584752
0.241848,0.334792,0.699365,1.339473,-0.553780,-1.091136,-0.023102,0.802256,0.560364,-0.739224
1.397132,0.398065,1.086759,-0.280084,0.034933,-0.987937,0.722700,-0.511374,-0.269336,1.387469
0.336478,-0.574929,0.000859,1.571201,0.097292,1.077802,2.746034,-0.773344,-0.552827,1.596612
0.136601,0.533588,0.641857,0.683841,1.537128,0.967127,-0.095895,0.420304,0.199185,1.619493
0.171494,0.766951,0.976877,0.198779,0.271744,0.489107,0.192087,-0.235465,1.095817,0.877119
0.622160,1.599301,0.070038,0.852105,-0.155990,-0.363328,1.655660,-1.263486,0.565724,-1.665001
1.189009,0.652191,0.473664,1.757882,-0.726968,-0.794468,0.220254,1.025098,1.339052,0.049811
0.107427,1.538427,-1.312112,0.942433,0.355488,2.773429,-0.742637,-0.038111,-0.464286,0.488689
-0.312928,-0.821807,0.522234,-0.307507,-0.945447,0.457005,-2.003377,-0.000884,-0.151262,-0.362392
0.284985,-0.224308,0.242020,0.658915,0.540124,2.587173,1.204020,0.894882,0.367173,0.233673
2.484046,-1.280111,0.136064,0.963048,0.233137,-1.674748,-1.155131,-0.029066,-1.116048,-3.488743
0.197434,-0.084101,0.471126,0.569413,-0.334280,0.798124,1.686880,0.619037,-0.229948,1.647816
-0.375372,0.092755,0.222318,-0.698445,1.215640,1.107988,-1.414159,1.402185,1.172502,-0.738368
1.256353,-0.205083,0.973143,-1.140655,-0.829250,0.708702,0.146204,-0.497151,0.090899,-0.756733
0.114786,0.258449,-0.586625,0.281757,1.099617,-0.015513,0.732205,-1.549504,1.105879,1.832475
-1.425046,-0.799762,2.217969,0.119294,0.410114,0.449080,-0.790188,1.492855,0.964902,-0.667641
0.455151,1.197944,0.865903,0.359189,2.349823,-0.870571,-0.132970,0.191329,-1.787160,-0.277508
1.069133,0.494074,-0.575766,1.957943,0.768227,-0.233213,0.157818,-0.295096,0.837171,-1.081952
-0.865070,-1.161853,-0.158076,-0.229468,1.141712,2.503182,0.700560,0.128844,-0.022481,0.197744
0.379938,0.200647,0.396035,0.041329,0.332342,0.354145,0.823283,-1.283875,-0.438985,-1.407690
0.379521,-0.306956,0.075375,-0.185731,-0.861334,-0.436324,-1.075719,0.581559,2.125966,-1.049547
2.887942,1.101865,0.756572,-1.342655,1.825884,-0.575341,1.559065,1.028258,1.132983,0.753969
1.286824,-0.118158,-0.588100,-0.396448,1.441838,-0.054095,0.853881,0.861532,1.424268,-0.193482
-0.299891,0.610418,1.041085,0.399691,-0.215421,2.026055,0.332170,1.178036,0.396391,0.373289
0.801314,-0.360675,-0.096042,0.323205,0.459329,-0.376042,1.363829,-0.520932,1.509062,0.694536
2.184646,1.500108,0.649182,0.122294,0.849218,-1.657418,1.913933,0.734357,2.914225,-0.303348
-1.466890,0.120339,-0.135280,0.204064,0.601585,-0.565330,-0.243842,0.047273,2.244436,-1.001317
1.175143,1.169679,0.320908,-0.483356,0.464607,2.062620,0.813070,1.052258,-0.332682,-0.223661
0.027384,0.213184,-0.387077,0.089631,1.024826,-1.966420,-0.828414,-0.254385,-0.673901,0.973833
0.122699,0.703429,-0.454151,2.436570,0.543436,0.813653,0.950922,0.382619,0.887027,2.483499
-0.369382,-0.335488,0.071735,-0.791026,-1.007299,0.871094,0.778011,0.478485,-0.915721,-0.818443
-1.809203,0.932352,-0.159214,0.242360,-1.320284,1.789047,-0.715118,0.956934,0.359250,1.560582
-1.775173,1.713677,-0.401320,-1.387438,1.134331,0.836269,1.422752,0.656972,0.067954,2.348455
0.103345,-1.587245,-0.571778,0.586046,-0.136499,-0.776660,1.698163,1.911977,2.611302,0.380880
0.831586,-0.190887,0.648397,0.805011,1.641521,0.231674,-1.488297,-0.144089,0.043598,0.889217
-0.724173,0.748907,0.149436,-1.124166,0.176052,2.263608,0.287666,0.720038,0.408036,-0.710931
-1.712109,0.920178,-0.289849,0.548002,0.004944,-0.765900,1.216299,0.108352,0.676739,0.993575
-0.612793,1.344231,-0.809627,1.044847,0.776029,0.606273,0.023391,0.825304,2.075993,0.585594
1.527533,-1.095140,1.400776,1.353182,1.664898,-0.409135,-0.369918,-1.229419,1.304433,0.689788
-0.313703,-0.429210,-1.115339,1.776882,1.221109,-0.121142,-0.345046,-0.956501,0.089273,1.021144
-1.436704,-0.873567,-1.135455,0.380529,0.630451,1.270355,-1.023171,0.991984,0.809962,1.224018
-1.219243,-1.238667,0.453291,-0.502899,1.725664,-0.103051,-0.639483,0.352856,-0.511882,0.868782
-0.222900,-0.801115,0.249111,-0.414769,-0.802333,-0.002280,0.031826,1.355786,-1.082243,-0.566372
0.526259,-1.851665,0.046478,0.602875,0.028704,-0.444431,0.547876,0.643485,-0.102550,0.340305
0.353858,2.323216,-0.642113,0.004847,1.591321,-0.788909,0.560799,0.264849,0.722419,-1.543932
-0.445828,-0.637214,1.716611,0.669591,0.760641,0.496236,0.817148,-0.792046,-0.360482,-0.253442
0.046805,-0.731594,-1.947561,-1.413029,0.264157,-0.228644,0.731624,-1.517993,0.026304,-0.195955
-0.534117,-1.431822,1.578445,0.177771,-1.156363,1.466591,0.101471,2.553012,0.814508,0.872042
0.148419,2.190899,2.462605,1.335930,1.681286,0.043369,0.809250,-0.525159,-0.561936,0.140075
2.170987,1.551267,1.230467,1.268061,1.345155,-0.977436,-0.238757,0.770793,0.198767,1.775327
1.221214,-2.424416,-0.405413,0.425587,1.426417,2.019601,3.052300,-0.573256,0.179689,1.095337
1.206152,-0.900230,0.065861,0.615249,-0.460582,-1.674007,-1.890365,2.084408,-1.648626,-0.911006
-0.511697,0.716729,-0.311652,-0.120114,-0.199330,-0.368365,1.088761,1.320675,1.055323,-1.008658
-1.039613,1.252335,0.557973,0.823364,0.408167,0.715951,-0.093876,0.801147,1.570909,-0.149387
-0.017163,1.682151,1.965308,1.459027,1.580341,1.951848,0.451663,0.331829,-2.003995,-0.398654
1.569486,0.363093,0.244903,0.728170,0.153988,-0.837281,0.558124,-0.862063,1.715097,0.090231
0.441362,0.513963,-0.196727,-0.459044,1.126970,0.697076,-0.061387,-1.489184,0.639315,-0.497740
0.344127,0.508997,0.613923,0.306250,0.525265,0.711460,-0.695133,0.008549,-0.069479,0.282087
-0.878348,1.313040,1.276115,-0.903093,1.383674,-0.370802,0.205415,1.136960,1.067728,1.761210
1.025840,-0.219840,0.851286,0.336792,1.295548,0.788060,-1.760655,1.116907,-0.116317,-1.122561
0.482857,1.103013,-0.125243,0.635384,2.019288,-0.016729,-1.014326,0.712422,1.256034,-0.155685
0.949580,1.688191,1.902957,-2.869853,-1.313458,0.826898,0.168719,0.517701,-0.332142,1.126122
1.416319,0.387789,-1.024830,-1.082735,-1.279100,1.094234,-0.276635,1.612507,-1.805404,-1.289721
0.638830,-0.413429,1.649661,-0.285025,1.291471,1.040570,-0.123581,2.490204,0.739259,0.097462
1.404656,3.035333,-0.302359,0.780760,-0.260818,1.281720,1.126672,0.406652,-0.097575,-0.275839
1.568417,0.168564,-0.267764,0.286023,0.758724,1.244131,1.359018,2.088030,0.561202,-0.515048
0.475859,-1.441618,2.336973,0.569605,-0.675602,-0.185036,0.091902,0.253692,1.041488,1.930788
3.183446,0.773907,0.751545,1.347597,0.708650,0.026261,1.135437,-0.607282,0.833810,0.104722
-0.341231,-0.602103,-1.230014,-1.044765,0.427937,-0.316967,-0.885853,0.742764,1.671363,1.362243
-0.268686,0.295210,0.503389,-0.917013,-0.171601,1.113444,-0.439735,-0.006062,0.673997,0.331642
-0.383305,-0.047971,1.504607,2.057251,0.201336,0.635519,0.818503,-0.967579,-0.655532,-0.422575
0.067277,0.037453,0.145533,-0.733466,1.397572,-1.353928,-1.605495,-0.504748,-0.576700,-1.617327
-0.173363,1.347114,0.953117,-0.505417,0.311528,0.119398,-0.457501,0.716087,1.799708,1.120091
0.509937,1.006994,-0.742687,-0.176316,-0.191657,0.481538,-1.348144,-0.035307,-0.224836,-0.187114
1.405006,0.331750,1.271779,0.728328,0.502847,1.520612,-1.066102,-0.287242,0.643330,-0.065677
0.254886,-0.946100,1.591779,0.155144,-1.968113,0.188611,1.804168,-0.568349,-0.881109,0.079037
3.140955,-0.257153,0.003958,0.297231,1.212121,0.276033,-0.570089,2.116183,-0.774164,-0.016977
0.681525,0.825491,-1.326704,-1.124515,0.749963,-0.353559,-0.024278,-1.449586,0.201027,-0.070614
1.469275,0.355015,0.452114,-0.625631,-0.243822,-1.115889,-0.404450,-1.150722,-0.231765,-0.959026
2.107395,-0.284630,0.278064,0.150786,0.394871,1.392052,-0.297047,-1.005939,0.604908,1.118669
-0.441796,-0.762104,-1.450460,-0.324421,0.385934,0.704258,-0.313137,1.930398,3.408357,0.887398
-0.096770,-0.555608,0.008634,-0.692673,0.177328,-0.100871,-0.912833,-1.113241,-0.687680,0.167253
-0.479570,-0.193420,1.104605,-1.531430,0.888319,2.529952,-1.677917,0.595258,1.331733,0.132558
-0.291310,-0.579463,1.332772,1.521454,-2.159447,0.168498,-0.509002,-0.085562,0.124569,0.084974
1.719879,-0.931627,1.280594,0.720586,0.303792,-0.410565,0.915512,1.902867,-0.647726,-0.921576
-1.765533,-0.025676,0.392844,-2.212139,-1.257657,-0.661213,1.444824,-0.276536,-0.829632,0.055805
1.232159,0.723890,-0.474909,0.428172,-0.107682,-0.614875,-0.213401,-0.708922,-0.164652,0.252667
-0.810649,-0.523338,0.793477,0.032882,-0.746135,-0.797620,0.361740,-0.117657,1.484151,0.606033
0.797895,0.074564,-1.659520,-0.807290,-0.951648,-1.586828,0.629694,1.937692,0.469266,0.358663
2.167381,-1.551474,1.137735,1.343505,1.087443,0.081072,1.419570,1.808669,1.154530,1.848255
1.093565,1.301335,0.136355,1.212033,-0.502456,1.300021,1.052278,1.116677,-0.555611,-1.073383
1.251894,-0.792766,1.002794,0.069213,-0.490373,1.904473,-0.548494,-0.164849,0.281120,0.237399
1.129504,-0.786002,-0.331593,-0.623279,-1.287204,2.254574,0.448117,2.139070,0.329309,-0.397027
0.380088,0.642440,-0.332386,0.682535,-1.548379,-0.056763,0.628128,-2.378253,-0.545975,-0.121070
0.817130,1.806467,1.315207,0.674913,0.839062,1.134919,-0.043267,0.273785,0.393709,-1.114451
1.870918,2.097788,0.483840,0.091373,1.198869,1.484864,-1.637875,0.225640,0.022412,-0.579520
0.795568,-0.746712,1.704676,0.196059,0.574574,1.864372,1.421352,1.048841,0.425816,0.801361
0.950495,-1.473672,-0.009273,0.284289,1.233754,-0.492332,-0.631762,0.697069,-1.366280,-0.072676
1.701278,-1.281906,2.912962,-0.792825,1.549091,0.612364,0.233477,-1.364110,-0.959893,0.310767
2.328581,-0.028704,-1.118243,-0.170917,0.564517,0.479897,-1.738305,-0.275953,1.335558,0.670727
1.480953,2.071210,0.154532,-0.003151,0.149553,-1.494986,0.431693,-1.300772,0.802295,-0.347248
0.629603,-2.752286,-1.376411,1.317796,0.413523,0.213005,0.782011,-1.692757,-1.097931,0.088772
1.164325,2.052999,0.734378,0.154915,3.424665,1.112456,1.004526,-0.217318,0.702011,0.198157
1.109523,0.233240,-1.777854,1.281592,-0.583396,0.950766,-0.587303,-1.091798,0.645529,0.548883
0.344106,1.196886,0.784620,0.023607,2.064399,0.618185,2.079218,0.389551,0.163413,-1.757723
1.650593,-0.260619,0.798814,-0.680147,0.385803,0.426994,0.877329,0.861525,0.789291,0.251341
2.582014,0.107502,-0.912734,0.332946,0.624221,0.886969,0.815446,2.348826,2.896187,1.303662
1.467688,0.169480,1.027428,-0.469096,-0.950504,0.165163,-0.730403,1.323121,0.647172,-0.023020
0.076426,1.603139,1.493534,0.813775,1.078854,0.388340,0.718342,-0.818795,-0.551823,-0.042763
1.357497,0.921970,0.466735,-0.226735,-0.506752,-1.796529,-0.930460,0.410539,-0.725547,0.631406
0.023705,-0.837030,-1.078535,0.955137,-1.394284,0.620823,0.217032,-1.339744,-0.874228,1.187852
-0.567838,2.729130,0.995448,-0.589192,0.750235,-0.291943,0.930131,1.141693,-1.397345,-0.238290
1.540778,-1.564706,1.075631,-0.401407,-0.173054,-0.037609,0.605725,0.043634,1.551469,-1.024481
1.138880,-0.692765,0.210021,1.279825,-0.800830,0.251293,0.401101,-0.889700,0.335369,2.317685
-0.831228,0.700471,0.868785,0.877871,0.148855,0.084047,-0.225154,1.883807,1.456643,-0.144387
0.839494,-0.405966,1.328331,0.123447,0.027192,1.088907,-0.948851,1.637756,1.247020,-1.219275
0.020535,0.084529,0.864555,1.092410,1.142145,-0.767909,-0.095754,0.096431,0.003849,2.500680
0.172682,0.485403,0.803045,1.237959,-0.231443,0.549604,1.164989,-0.272071,0.255528,0.959827
1.046239,0.292367,-0.814371,-0.894720,1.508509,-0.869135,-1.786834,0.842525,0.317519,-0.158449
-0.770318,1.043879,1.280432,1.599847,1.348965,0.214016,0.699969,1.303125,0.627770,-0.982939
0.577689,-1.431107,1.313163,-0.062165,-1.106643,1.443646,-0.915335,0.641134,-0.355532,0.530901
0.425251,-0.395369,0.777073,-0.381330,-0.536754,0.435021,1.658941,-0.437152,-0.041814,0.389824
0.816906,-0.724764,-0.391117,-0.068684,0.113062,1.098107,0.107756,-0.854857,0.086471,1.274442
0.851397,-0.019083,-0.400616,-1.076125,-1.282453,0.343551,0.798873,1.342000,0.156423,-0.864011
1.031318,-1.956998,-1.146259,-0.478045,-1.171567,-0.832365,-0.555133,-1.248049,-0.807960,1.748858
1.837468,0.922593,1.385407,-0.086721,-0.958693,1.813341,-1.348399,0.449460,0.771437,-1.170330
-0.431078,0.081463,1.073407,-0.241185,-1.273162,2.018837,2.140223,0.325348,-0.257383,-0.567098
-0.812104,-0.747918,1.956446,-0.907638,0.566029,-0.629310,-0.939197,0.983739,1.331385,-0.682417
1.139109,0.838118,0.899070,0.675746,0.049340,1.099689,0.414047,0.826554,0.740031,0.049063
-1.456908,0.405326,0.167300,0.743616,0.407837,0.423678,-1.055759,0.236801,-0.383600,1.407918
0.514787,-1.852746,0.532809,0.603872,0.688645,0.336572,-0.178155,1.000332,0.861940,-0.482085
0.554743,-0.544888,3.001148,1.467402,2.433069,0.441472,0.416263,0.499988,1.760689,1.161384
0.417412,2.120107,0.551208,2.593308,-0.537779,0.403420,-0.183853,0.353609,-0.776551,3.214549
0.788523,0.131013,0.053797,0.218142,-0.093409,0.690747,-0.154233,2.312454,-2.769265,0.399281
0.090294,0.973038,-0.855153,-0.633816,1.061147,-1.109288,0.985976,0.685804,0.729439,0.659254
0.200246,-1.414438,-0.730846,-1.396312,0.892584,-0.496875,-1.531269,1.524755,1.598399,1.504500
0.215347,-1.184644,0.866113,1.437000,1.763319,-0.560765,0.151541,1.025273,0.851202,-2.744594
1.071015,0.813112,0.920409,0.522189,0.625301,0.689533,0.138246,1.406113,2.272616,1.353515
1.355808,-1.579603,1.566201,1.775537,0.800816,0.662033,-1.631618,0.917586,0.607841,-0.000060
0.731942,-0.190783,0.695708,0.992013,0.148522,0.401996,-0.264920,0.449895,1.479850,-1.174681
-1.968703,0.841840,-0.349670,0.013933,-0.585867,0.682306,-1.008201,-0.203699,-0.628089,0.397429
-1.265546,-0.747029,2.095727,-0.101278,0.647104,1.576751,0.455113,0.684415,-0.186847,-0.102788
-0.421739,-0.061862,-1.455626,-0.483744,0.104976,0.708683,1.375625,-1.455644,-1.924587,1.969886
1.824415,0.999899,-0.324577,1.764303,-0.928108,1.506635,0.128826,-0.850039,-0.527430,0.623983
-0.291306,0.962118,2.206784,1.061129,0.930408,0.043088,1.101142,0.484913,-0.630904,-0.039096
0.343821,0.979549,-0.373182,0.146576,1.833578,1.367426,-0.908086,1.019913,1.836739,0.546092
0.478299,0.035389,-1.364865,-0.657946,0.572537,1.395908,-0.997784,-0.452442,0.759441,-1.370583
0.579080,0.273290,0.442699,-0.857666,0.320413,0.591331,2.619679,-0.157996,0.951538,-1.144779
1.006534,-1.231602,1.688540,-2.454934,-0.966947,-0.282261,1.551122,2.168317,3.072651,0.389579
2.053723,1.505020,0.232968,0.504540,-0.584410,-1.177369,0.538959,0.863293,-1.767048,-0.459687
0.262022,-0.231513,0.196324,0.156753,0.994892,0.070360,0.016844,-0.155750,0.137205,-0.536565
0.710129,0.330501,-1.303322,1.629210,1.210015,1.602599,-0.752321,0.947737,-1.018977,1.142812
0.129973,1.190895,0.558483,1.627903,-0.112271,-0.412420,-1.204599,0.788518,-0.281269,-0.925282
2.028772,-0.403793,1.254596,0.330139,1.023642,0.444322,-0.929876,0.535141,0.309299,1.060892
-0.336008,-0.581542,0.822255,1.862657,-0.428300,0.356215,1.629083,0.456995,0.052494,0.275873
0.764395,-0.672817,-0.242871,0.312702,1.348938,1.417277,0.349779,0.962998,-0.647515,0.099407
0.799589,-0.173025,1.206851,-0.615604,-0.707883,0.712926,-0.229544,0.567491,-0.449304,-0.962176
0.943462,2.022456,1.281972,0.529737,0.103064,-1.737131,-0.274166,0.421079,0.231906,0.376332
1.452758,-0.611840,1.228367,1.278241,0.559859,0.823736,0.747297,0.386463,0.931244,0.045311
-1.719507,-0.755044,-1.471649,0.847561,-0.585648,1.256359,0.052214,0.239763,-0.127797,-0.996717
0.077066,1.047745,-0.785302,1.287003,-0.202901,-0.203535,-0.831348,-1.104983,-0.072788,0.165663
-0.612745,-0.190081,0.352275,1.592939,1.419974,1.862211,0.394499,-0.593079,0.876210,-0.288222
-0.570283,1.333570,0.144007,2.075742,1.141861,0.816280,-0.639303,0.739174,-0.416718,-1.562589
0.981572,-0.747541,1.180806,-0.012870,-1.097937,2.177616,0.434131,-0.843497,0.208354,0.249892
0.624750,1.802890,1.658331,0.493893,-0.007021,0.819495,0.715309,-0.556100,-0.644926,0.620824
-0.071714,2.244663,0.831243,1.655107,1.493123,1.145096,1.424682,0.378680,0.457961,-0.125827
1.063503,-0.591938,2.800111,0.767443,0.761421,0.525295,1.274261,0.072677,0.606027,1.169976
1.422247,0.546715,1.473867,1.096393,0.174734,0.029894,0.064154,0.693229,-0.222416,-0.175030
1.827289,-0.088523,1.180873,-0.241229,0.746795,-0.428800,-0.754648,-1.139351,0.520699,-0.070689
-0.437044,-0.251058,1.706473,-0.517279,1.569968,-0.362529,-0.000409,-0.121775,1.238525,-0.221150
0.685538,-0.417347,-0.885441,0.735329,-0.362469,1.222795,-0.092705,-1.030226,0.805355,0.071127
0.212219,-2.088596,-0.661373,1.984442,-1.044004,-0.106431,1.916492,0.694570,1.052728,-1.374462
0.663650,-0.570414,0.559130,-0.332419,-0.721555,1.748212,-1.022075,0.202176,1.915055,-0.303852
-0.875810,0.636344,0.270755,1.697211,-0.681880,0.814913,0.964236,-1.997536,0.124550,-0.787030
0.808870,-2.619314,0.797663,1.260240,0.126064,1.128626,0.812836,0.328369,-0.661805,1.118265
-0.374054,0.605664,-1.683915,2.060672,1.189772,0.793512,1.100727,1.487005,-1.227521,-1.168786
-1.017628,0.720027,-0.729205,1.828171,-2.230846,-0.482839,-0.361899,1.871649,0.240433,1.025967
0.530168,0.724763,-0.491868,-0.226715,-1.506781,-0.238269,-0.592696,-1.540509,1.904140,0.167195
-0.188360,0.869986,-0.134479,0.190426,-0.043573,1.228660,2.222366,-0.796048,-1.313954,0.273945
0.980921,1.657870,-0.791263,-0.020296,1.927294,1.729785,1.085998,1.638102,0.711785,-0.662340
0.605307,0.659145,0.112291,0.524141,0.465252,1.049364,0.691364,0.459501,2.065701,0.124099
0.492826,0.535586,1.168167,-2.976903,0.418160,2.237384,-0.672931,-0.737719,-0.849981,0.292250
1.275825,-1.158134,-0.159817,1.182913,0.861266,-1.657876,0.619275,0.408326,0.782757,1.641639
-0.660612,-0.454021,-0.193385,0.615614,0.442457,0.099916,1.062539,0.381591,-1.253281,0.396369
0.512311,1.784677,3.095095,0.038656,1.102214,-0.155886,0.424981,1.133100,1.090443,-0.668369
1.569885,0.954427,0.723985,-0.533259,0.664216,0.366657,-1.966272,-0.043431,-1.114954,2.551695
-0.130907,-0.087167,-0.556692,1.764433,-0.447374,0.312879,0.213782,0.178360,0.833260,1.198682
-0.868077,1.272651,-0.412889,2.624946,0.826638,0.982388,0.578406,-0.366121,-1.257602,0.450331
0.848318,2.082282,0.735025,0.488611,1.545250,2.335735,0.035825,-0.566367,0.156105,0.253856
-0.727663,-1.000323,1.366415,0.255769,-0.523743,0.234822,0.051423,-2.177640,-0.363435,-0.099883
2.300185,0.263517,0.475565,-0.567420,0.785110,-0.062733,0.823161,1.102814,-2.559764,0.753957
-1.155871,1.330498,-1.124616,0.654602,0.618444,1.056859,-0.751909,2.021335,0.085897,0.390940
1.480567,0.716124,-0.569897,0.893223,-0.317586,0.938572,0.965799,0.652224,-0.152200,-1.104085
-0.146636,0.442240,0.623378,1.139688,-0.365393,0.428709,-0.195963,0.747236,-0.482991,0.739363
-1.457060,-1.210342,0.983526,0.291626,0.014329,0.264395,-0.477157,-1.138684,-1.809206,0.153053
0.508146,1.972051,-0.358148,-0.355981,0.496728,1.015454,-0.508442,0.657410,2.058558,0.535306
1.623883,-1.360660,-0.347289,0.495029,0.178580,2.145365,-0.433822,1.031085,0.796386,0.256519
-0.324741,1.060782,-0.466147,-1.398221,1.285674,0.185972,0.790542,0.992766,0.891853,-0.394279
1.752281,0.873763,0.772335,0.813445,0.412612,1.866495,-0.638512,0.596059,0.654867,0.287435
-0.524071,1.518332,1.219246,0.751984,1.616244,0.223984,0.312739,1.667692,1.985320,2.251046
-0.451470,0.816102,-2.042500,-1.650218,-0.207445,-0.890801,0.528408,0.891472,1.083782,-1.182558
0.423284,0.604803,-0.526577,0.973162,1.031840,1.114011,-0.273017,0.618838,0.027102,0.500407
1.538573,1.097216,0.114077,0.210407,0.147851,-0.330318,0.568388,-1.404727,1.063147,0.238923
0.587513,-0.162574,0.959619,0.170161,0.020833,-0.040683,-0.241107,-0.002788,2.770139,-0.456041
0.240866,-2.657889,0.776827,-1.409846,1.014958,0.555476,-0.075465,1.257811,0.196522,1.410558
-1.141405,-0.440147,1.235190,-0.256828,0.108982,0.048185,-0.720935,1.292640,0.348680,0.599210
-0.256098,0.528506,-0.031159,0.312843,0.396755,0.563368,0.796789,-0.528600,-0.010043,-0.959337
2.434401,0.883334,-0.792962,0.696598,-1.180976,0.192427,0.359042,0.289542,1.441796,1.132761
-0.463460,0.246373,-0.978436,0.476514,-1.251053,-0.215905,0.735605,1.291933,0.214243,-0.663258
0.369344,-0.108747,0.537570,0.403762,-1.380087,0.686009,-0.650666,-0.369513,0.310998,0.700236
1.528008,-0.752666,-1.234268,0.075835,1.162254,0.158690,0.358046,0.001046,-0.405639,0.973322
0.849811,-0.484363,1.447903,1.765172,0.133015,-0.250331,1.050852,-0.313762,1.818868,0.981817
0.733512,1.522480,-0.067799,-0.378340,-0.638773,-0.173331,0.650501,0.162794,1.189281,0.932350
-0.791747,-1.409226,0.879159,0.143926,-0.122866,-0.480533,1.717926,0.142351,1.143242,1.869354
1.732200,-0.749187,0.516444,-0.119150,-0.279167,-1.041782,-0.643212,2.125121,1.750095,1.229409
0.826771,-0.112962,0.018811,0.828307,1.109276,1.434250,-0.174420,0.840426,-1.595825,-0.625673
0.975240,1.791984,-0.084580,0.061263,-1.116714,0.091940,-0.896631,0.194433,1.659026,0.786764
0.410888,0.960294,-1.650502,-0.218476,0.386625,2.610224,-0.330193,-0.524983,1.188742,-0.720924
-0.762694,0.494258,1.184973,0.136941,0.958112,1.849344,-0.497989,0.024591,1.120034,-1.062284
1.355639,-0.364527,-0.575731,-0.231257,-1.059782,0.099672,0.708580,-0.664584,0.344769,1.166858
0.329693,0.086337,1.228741,-0.534262,0.242695,-0.104098,-0.870303,-0.367446,-0.260842,1.169882
0.048557,0.901613,0.729122,-0.825922,0.162030,-0.108317,-2.250749,0.843710,-0.245934,0.280269
0.216421,-0.227536,0.484832,0.939911,0.491648,1.422894,-0.802746,0.591814,-0.698306,1.371003
0.798158,-0.443936,-0.138234,0.021511,0.231519,-1.866617,-0.570868,0.436211,0.979497,3.090923
-0.825764,0.143654,-0.975407,-0.370255,0.350142,1.196673,-0.372409,1.415051,1.303145,-0.213680
0.666186,-0.111528,1.963125,-0.631333,-0.394048,0.681021,0.302199,-0.862109,1.118228,-0.205760
-0.790682,-0.163002,-0.463417,0.960445,-0.210898,-0.415092,-1.270415,1.069302,-0.121801,0.051344
-0.461283,0.542870,1.039281,2.075874,0.685877,0.309737,-0.272411,0.187294,-0.402376,0.608952
0.249746,1.516479,-0.125331,-1.980737,-0.068358,0.862374,1.028280,-0.221441,-0.241309,0.938480
-0.612512,-0.614617,0.723330,0.676450,-0.307172,-0.320601,2.353293,1.451400,0.834955,0.716890
-0.250846,-0.035512,0.316967,-0.170901,-0.074223,-0.740146,-0.199765,1.705316,0.467547,-0.345347
0.415019,0.356295,2.247638,-0.673290,0.451081,0.517364,0.251631,-1.212527,1.347666,-0.804652
3.547731,0.744523,-0.867850,-0.525446,-1.016537,-0.724062,-0.156451,2.000205,1.077698,1.684489
1.104607,0.977195,0.016972,-0.467348,0.033810,1.840602,-1.191038,1.464560,-0.405617,1.007969
-1.374639,1.189140,0.017873,-0.553273,0.044509,-0.572210,-0.879144,0.600543,-0.723275,0.587691
-0.722911,1.064440,-0.363864,-0.440199,0.420879,-0.455048,-0.967351,1.180319,-0.530842,-0.958167
0.851106,-1.334925,-1.231024,-1.625420,0.503972,1.305704,1.055749,1.788321,2.400715,-0.982747
-0.430022,0.226462,0.676658,0.119821,1.151479,-1.989130,-1.055455,0.676006,-0.430421,-0.393553
1.012178,1.396293,1.021187,0.120717,-1.108150,-0.885524,-0.325091,1.399352,-0.473932,0.678603
0.177645,-0.944100,0.744804,1.235196,-1.128273,-0.311678,-1.620993,0.160551,0.699684,-0.628506
-0.110680,1.692868,-1.615684,-0.254329,1.314622,1.126649,-0.944209,-1.155652,-0.288577,1.969071
1.390511,-0.210022,-0.005510,-0.925531,-1.016773,-1.757791,0.438906,-0.808444,-1.143740,-0.419830
0.883357,-0.258812,1.193163,-1.927302,1.568446,1.069748,-0.276131,0.210766,0.922090,0.786706
0.215683,-0.385814,2.595867,0.747711,-0.025070,1.337000,-0.916688,2.222235,-0.099759,0.002937
1.478189,0.800440,0.838102,-0.051398,1.104093,0.426697,1.425502,1.967934,-1.151641,-0.368417
1.518791,1.472554,1.672298,0.652045,-0.399399,1.616702,1.151432,1.871844,0.750886,0.941091
-1.026562,0.320728,-1.507229,1.107281,-1.025198,-0.088344,-0.688436,0.021807,0.952630,0.053620
-0.258258,1.450863,0.017115,0.083486,0.498282,-0.992599,0.073425,-0.721688,-1.380510,-1.559971
0.771442,0.862153,-0.628927,0.829506,-0.975656,-1.619363,1.455931,0.427973,0.082048,-0.748582
1.154568,-0.279021,1.377261,0.895050,-0.914549,-1.610998,-0.010980,-0.496214,-1.436650,-1.143036
-0.469257,1.184886,0.142255,0.712807,-0.694922,-3.601968,-0.306242,0.716230,0.223867,-0.360569
-1.081540,1.377184,1.066762,0.624960,0.722811,0.923748,0.408357,-0.047939,-0.765315,-0.773263
0.960469,-1.413354,2.136946,0.507981,-0.721756,0.569741,0.558712,0.781292,0.158134,0.659490
-0.343599,-0.658129,2.210855,2.306411,0.944315,0.642220,1.614273,0.562858,2.965973,0.159743
-0.486838,-0.858777,1.474972,0.639330,2.812160,1.031545,-0.194337,-1.247335,0.306297,-0.006139
0.620057,-0.769869,-1.409363,-0.774979,0.457941,0.305040,0.885242,1.014739,0.191028,1.155853
0.003327,2.316941,-0.541320,0.489852,0.944396,0.631634,0.228463,0.080965,1.235056,0.819160
0.029539,-0.340844,0.730772,0.151053,-1.683913,1.540957,0.435651,-0.047386,0.241564,0.782236
1.058282,0.853693,1.958639,-1.675407,1.202322,1.672353,0.334692,1.041758,0.032977,1.789196
0.022958,0.774473,-1.408709,1.483622,0.024087,0.440868,0.515677,0.408964,-1.038131,1.940064
0.220533,0.873591,-0.838868,-1.143342,-1.159649,0.866300,-0.057758,0.340400,-0.232201,0.452096
-1.916584,-0.995456,-0.097364,0.107298,0.642515,1.879418,-0.717794,1.398381,-0.081312,2.674357
2.921721,0.569126,0.141632,0.178676,0.711758,0.801927,0.547567,1.200493,0.334205,-1.667437
-0.172767,0.557576,-0.585073,0.760505,-1.455215,-0.018006,-0.721009,-0.442627,-1.842878,0.360591
0.129719,-0.234661,1.086877,0.047568,-0.230826,0.551080,-0.663176,-0.600545,-0.508559,0.045123
0.881591,-1.073198,0.022285,-1.945162,-0.935625,0.613730,-0.153040,0.452147,-1.967676,1.280949
1.494594,1.200983,1.213568,0.376526,0.577205,0.032081,1.256476,1.214902,-0.222165,-0.865256
-0.275998,-0.747015,-1.432551,-0.030427,-3.306773,-0.794240,-0.096116,0.294262,-0.711605,0.796594
1.226591,1.351313,0.949373,-0.703903,0.021108,0.662298,0.843247,0.357917,1.277937,0.655107
0.930539,1.502423,0.737205,-0.406919,1.868948,-1.587042,-0.370148,-0.150604,0.529105,0.130133
0.031035,-0.215497,0.668484,0.196436,-0.317156,-0.942326,0.948101,-1.072837,0.077776,0.223652
-0.219886,1.724449,-0.829685,0.725777,-0.395120,1.808153,0.422955,0.152495,-0.466394,-0.600960
0.039033,-0.510609,0.214031,1.012943,1.105233,-1.304798,1.094334,-0.494172,2.240286,0.889713
-1.766125,1.902734,1.381036,0.803788,-0.291544,0.147559,-0.687467,0.858867,-0.704078,-0.447133
-1.198166,-1.220036,0.360763,0.197446,-0.380508,1.064768,0.541955,-0.657523,-1.197611,1.128869
0.342055,0.927153,-0.377494,1.037863,0.199965,1.655496,-1.072614,-0.344813,0.775552,2.142849
0.825239,0.033859,-0.392105,0.120807,1.186448,0.323955,-0.532697,0.883112,1.190676,-0.042690
-0.576977,1.044519,-2.313742,0.892317,-0.054191,2.248993,0.327243,0.180311,-0.423357,0.617324
1.009463,1.116696,0.052530,0.937071,-0.052635,-0.222941,0.263795,0.161658,0.783291,0.857042
0.198021,-2.057727,0.427752,0.231874,-0.190825,1.367701,0.389475,0.376817,-0.247731,-0.832737
0.536848,0.493780,0.613242,-1.158571,-0.908001,1.943094,-0.876987,-1.325183,-0.638333,2.225134
0.647610,0.501862,0.145860,0.237568,-0.243356,1.246190,0.547304,1.242842,-0.650588,0.971875
-0.714096,1.910710,0.278471,0.904298,0.270411,0.835303,0.742201,0.762930,-0.060709,-1.095594
0.211740,1.398502,-0.141130,1.700834,1.279459,0.432762,0.788065,-1.421351,1.171335,-0.372026
-0.187755,0.950435,0.579555,1.157330,-1.000768,1.021465,0.739638,0.424270,-0.414085,-0.121833
-0.643089,0.408465,-0.092538,-0.830435,1.283793,-0.685727,-0.390716,0.737573,-0.410045,2.238589
0.503873,-0.116773,1.383042,-0.385943,-0.742723,-0.146846,1.223624,1.594012,0.165056,0.947040
-1.495637,0.361864,0.313901,0.150464,-0.033845,0.098309,-1.569245,0.347578,-0.138440,-0.330200
1.769257,0.627728,-1.241038,1.987309,-0.720426,-0.293130,0.514929,0.467958,-0.857984,2.917996
-1.130667,0.398187,1.257470,0.361371,-0.953404,-0.895979,-0.736182,0.889180,0.471802,-0.498072
-0.609322,0.380763,-0.689096,-0.246601,-0.850961,1.052837,-1.763295,2.496466,-0.994690,0.411962
-0.092550,0.254219,0.501664,0.108198,-1.009533,-0.441460,0.573461,0.667126,0.494496,-0.641084
0.241412,0.374344,-0.442461,1.939328,1.651271,0.600707,0.659279,0.679709,0.772707,-0.073312
1.259763,-0.929163,-0.362475,0.402695,-0.248676,-0.200194,0.454702,-1.161104,0.919047,-0.234175
0.227535,0.412116,-0.833160,-1.051041,0.748600,0.738885,-0.125446,1.027834,0.277470,-2.044116
0.420172,-0.235656,0.756231,0.910412,-1.207951,1.445485,-0.394055,0.222208,0.502607,-1.110926
1.598264,0.009672,0.817023,-0.721735,0.230720,-1.020431,0.934755,-0.270005,0.774394,-0.264547
-0.346875,-1.367327,0.204945,0.174090,-1.238496,-0.888514,-0.280202,2.199155,1.382882,0.210683
-1.097061,0.963540,-0.518388,0.022379,-1.219864,-0.426399,2.507783,-1.568968,0.423658,0.053406
0.733488,-0.012628,-0.054648,0.223195,0.793626,0.489204,0.615658,1.397583,1.046114,1.162918
0.096806,1.289127,2.043279,1.143076,0.538223,-0.549471,0.323596,1.686623,1.197399,0.569050
-0.334506,0.249967,2.638932,1.118759,0.796532,0.048411,-1.329526,0.277138,3.333745,0.396355
-1.367414,1.208780,1.994196,-0.960737,0.608471,-1.026371,-0.032678,0.288353,0.889676,0.863981
-0.572975,-1.251997,-0.435289,-0.033244,1.081110,1.251411,0.766886,0.757259,0.445155,-0.344671
0.983777,0.547799,-0.027757,2.200412,1.529352,0.331214,-1.737878,-0.650572,0.579993,-0.610024
-0.223782,0.641647,1.108160,-0.183322,0.228987,0.273641,-1.677626,-0.149349,1.199605,-0.792220
0.334435,-1.295978,0.443090,-1.513051,-1.185643,1.227868,-0.107373,-1.392517,-0.112840,-1.006272
