0.348054,0.379182,0.231601,0.305758,0.200669
0.457517,1.663242,0.908475,-1.750984,0.642893
0.801543,-0.064664,0.331712,-0.701831,1.928912
-0.079563,0.607086,2.330971,0.227770,0.996723
1.174695,0.765696,-1.285243,-0.833325,0.391758
0.146079,0.889287,-0.611455,-0.107318,0.792410
1.791588,-0.047198,0.034996,1.389648,1.327350
0.079696,-0.005461,0.083979,0.825448,0.198218
0.639338,0.408046,0.566125,-0.958111,-0.647673
1.201630,1.510488,-1.230816,-2.162872,0.808193
-0.766898,1.795784,0.985026,0.782835,-0.551837
-1.671176,0.349215,1.198898,1.579139,0.355833
0.126970,-0.409228,-0.355338,1.250011,1.049222
-0.777245,-0.104346,0.406923,-1.004489,-0.776098
-0.589357,-0.482817,-0.112378,-0.864839,0.218286
0.385328,0.508759,1.511550,1.213589,1.297309
1.869806,0.935015,-0.640365,-0.983520,-0.257688
0.725739,0.604419,1.552983,0.622790,0.049620
-0.111674,-0.967183,0.790080,0.689299,0.967387
-0.633553,1.020957,0.223649,0.891446,-0.878914
-0.914046,0.420131,-0.172898,-0.548926,-0.184469
1.836138,-1.840153,0.772978,0.694814,0.423471
0.167639,0.856432,0.575285,-0.648408,0.806729
1.050757,-0.476375,-0.198566,-0.176187,0.831545
0.185553,0.095315,-2.454442,0.276703,-1.114348
-0.167312,-0.964940,1.016945,0.520238,-1.696150
-0.883662,0.959722,1.236830,0.115359,-0.045534
1.215379,0.443024,0.184193,-0.197026,-0.875498
-0.013841,1.208962,-0.539976,-0.165931,1.452211
-0.416764,-2.334812,2.008248,-0.732292,-0.070908
0.896622,-0.821101,-0.534933,-0.025936,0.108899
0.094217,-1.163544,-0.335873,0.318777,1.239816
-1.723841,-0.351191,-0.055692,1.156148,0.989519
1.080849,-0.027805,-0.489168,0.701227,0.163971
0.945548,-0.072737,0.287865,0.064962,0.614530
0.501531,2.819998,-0.069842,1.337689,0.062599
2.030843,0.015850,0.539526,-0.445434,1.911534
-0.890251,-0.095921,2.154593,1.534815,-0.207485
0.187250,-0.557831,0.256120,-1.395050,0.337146
0.504780,2.130670,-0.009087,2.319977,-0.326040
-1.315862,-0.105776,0.358708,-1.330287,0.811761
1.798212,0.508856,-0.974779,1.713033,0.635139
-0.991675,1.038874,-0.270470,1.698941,-1.404168
-1.565293,0.402349,0.483250,1.357432,1.575277
-0.464123,0.729979,-0.272631,-0.753530,-0.042618
0.610882,2.100339,1.179069,-1.678747,0.228758
-0.796076,-0.166153,0.770737,0.917443,0.734959
2.775051,0.143964,0.237330,0.319260,0.687007
1.016709,1.819887,0.791864,0.499065,0.459274
0.302936,1.725442,1.137202,1.161184,-2.231326
1.137359,0.418728,2.197810,1.801595,0.810621
0.045669,0.134913,0.768717,0.143259,1.246528
0.296034,0.135470,0.833382,1.140002,0.891120
0.738102,0.507096,0.522975,0.315234,0.793365
1.253719,0.445783,0.249625,0.160929,-0.663053
0.298472,1.529469,0.760272,2.803693,-0.399706
0.430757,2.557773,0.995598,-0.275039,0.085259
-0.595431,0.238296,-1.128760,-0.708067,0.871284
0.599063,0.609020,1.567175,0.137023,0.567003
2.845674,0.964081,-0.017673,1.481501,0.813119
0.410542,0.624336,-0.864798,-0.271186,-0.164699
0.272558,-0.902088,-1.045991,-0.250717,1.508361
1.304538,1.188914,-0.755330,0.288777,1.634186
-0.902032,-0.711155,-0.238071,0.944800,1.037062
-1.820312,-2.035401,0.286594,-0.847047,0.620462
0.335091,0.874059,2.351359,0.283834,-0.252962
0.903675,-0.481254,-0.603449,-0.576038,-0.680302
0.159956,-1.168038,1.968710,0.150371,1.493674
0.375090,0.648860,-0.590969,1.170342,0.193109
1.092805,0.002300,1.569003,-1.889095,-0.368940
-1.345174,-0.087216,-2.609481,0.712817,-1.017323
0.390019,-1.327541,1.680297,0.775093,0.719256
2.194194,2.747930,-0.341106,1.711857,1.401997
2.214986,-0.883006,0.666590,-0.212715,-0.142482
-0.170872,-0.367675,0.231547,1.231356,0.748348
0.171330,1.895190,2.083935,0.575378,2.474528
-0.893898,0.026329,0.718504,1.415175,2.536840
0.947359,0.464374,0.237923,0.867505,-0.157732
2.631872,0.580068,-1.695922,1.528084,-1.035688
0.729959,1.365364,-0.252640,-0.763637,-0.408251
0.348819,-0.901168,1.560961,-1.035117,-0.133001
-1.019953,0.162429,-0.245729,0.221866,0.894373
0.555674,-0.006260,-1.084469,0.283105,-0.125883
0.867537,-0.237909,-0.872422,1.495641,0.764023
-0.547381,0.464049,0.198729,-0.759716,-0.702782
0.552162,0.311759,0.476308,-0.818197,1.006034
-1.470151,0.265397,1.075385,1.233033,0.648827
-0.073667,0.386755,0.967457,0.294484,1.378654
0.486155,1.056876,1.339823,-2.404911,1.506773
2.297417,-0.816623,1.017225,-0.658694,0.423244
0.969806,-0.942240,1.252897,0.565518,0.381618
1.626991,0.350548,-0.976771,0.847164,-0.979480
0.782166,1.277904,0.083185,-0.363453,-2.095071
0.913785,-0.832013,0.928621,-0.209536,-0.303779
0.082752,1.574383,-0.594005,1.039720,0.699121
-0.646126,-0.724389,0.471842,1.620375,0.315060
0.205896,1.008173,2.230214,0.562830,1.201881
-0.912071,0.096920,-0.050665,1.787447,0.173612
0.908471,-0.118153,1.370335,3.039656,2.157881
0.183498,-0.200748,-0.801873,1.403790,2.784271
-0.564815,-0.079337,1.395426,-1.531729,1.017896
0.158980,1.126517,-1.147996,-0.539032,-0.441180
-0.096912,-1.615872,-1.458798,-1.032721,0.490102
-0.069788,1.386647,0.323805,0.623199,0.787277
-0.569821,-0.371237,1.312016,-1.073776,1.130671
0.157083,0.369058,0.736747,-1.405869,0.098255
-0.068448,-1.488492,0.603970,-0.652339,0.170268
1.461462,2.631995,1.363241,2.349857,0.113836
3.225527,1.483998,1.242741,-0.039787,0.291869
-0.888762,-1.190684,0.332970,-0.279139,0.137811
1.533771,-0.254545,-0.728790,0.243466,-0.570290
0.543069,-0.067927,-1.603556,1.551082,-0.043805
1.661219,0.295978,0.414836,0.670468,-0.273729
2.283390,-0.326528,-0.190081,0.371528,1.260002
1.672074,-0.231053,0.986438,-0.708785,-0.119865
-0.007550,0.875632,-0.404371,-0.795681,-0.076700
0.350250,0.854889,0.214955,-0.039442,-0.074117
-0.171260,0.112919,0.009930,-0.483622,0.579751
0.386792,1.068016,1.364159,1.332891,-0.183789
-1.730144,0.623351,0.608669,-1.101527,0.266422
1.284743,0.732668,-0.637677,0.177077,0.130839
-0.752154,1.137769,1.048834,0.556189,1.489955
2.417753,0.082450,-0.206372,-1.436832,-0.334221
0.017916,-0.380773,1.467502,1.278002,-0.489513
1.408370,1.533821,0.862247,1.588105,-1.615939
1.571386,0.296599,-0.788947,2.293545,-0.429426
0.324681,-1.622371,1.735704,0.633582,1.274255
1.306564,-0.888899,0.161883,-0.067664,-0.502794
-0.468144,1.716693,1.530617,0.237780,1.565605
0.103690,0.108962,-0.827596,2.267479,-0.580982
1.555629,0.081844,1.687753,-0.419338,1.741947
-0.886162,0.163143,2.636171,1.408351,0.568554
0.528889,2.021703,1.240380,-0.618072,-0.122806
-0.031703,1.683353,-1.028845,-0.689023,1.229689
0.965215,-1.668143,0.864718,-0.313926,-1.456734
-0.897949,-0.604919,1.353180,-0.251803,-0.176696
1.241742,0.933613,2.282890,1.993333,1.028985
-1.075028,-0.217794,0.393070,-0.442954,-0.511532
0.984664,0.738671,0.152077,1.807759,1.756440
-0.594721,-1.739981,-1.339750,0.165250,1.117341
-0.332652,-0.748668,-0.982870,0.643464,-2.646621
1.800647,0.199383,-1.353134,0.564688,-0.434118
-0.371081,1.034758,2.128074,-2.235752,-1.552550
2.455132,-0.210481,0.954884,0.052451,-0.195459
-0.338346,0.330851,2.865594,1.526880,-0.074598
1.198785,0.465242,0.945382,1.730619,-0.506133
1.237633,0.702310,1.840535,-0.238791,-0.141927
0.362649,2.398533,1.695849,-1.087534,0.396301
0.001368,0.203586,-1.224022,-1.072588,-1.102740
-0.628104,0.656394,0.761710,1.101104,0.027886
0.549330,1.411445,1.065686,0.087696,2.197810
0.925020,0.561999,-0.488275,0.762516,1.174943
1.281745,1.598967,-0.094175,0.880531,1.048943
0.939070,-0.110710,0.626085,-0.070690,-0.781213
0.564412,1.064925,0.472308,1.190380,-0.639148
0.144333,0.420318,-0.721833,-0.165726,0.201013
0.334317,0.610831,-1.084562,-0.659763,0.115114
-0.804114,0.629423,-0.436997,0.664876,0.370838
1.631559,0.178553,0.209623,0.499139,2.092101
0.571051,1.017380,0.764081,-1.087976,2.224170
0.290415,2.152893,-0.842178,1.936690,-0.405331
0.022023,0.803359,1.905542,1.101992,0.494469
-1.188432,0.704416,3.474473,1.057314,0.073596
0.177941,0.021121,0.109513,1.395985,-0.211284
0.271385,-0.331599,-0.163498,1.436536,0.162704
-0.532245,0.582373,0.539111,0.703358,-0.635783
-1.945677,1.251017,0.574482,1.837986,-0.424091
1.264199,0.040716,0.317450,1.009477,0.465534
-0.988950,-0.555177,-0.659808,1.325838,-0.681622
1.477008,-1.250146,1.811633,2.690490,0.209201
2.030387,2.061747,-2.548155,1.113117,1.895741
0.125473,0.214436,1.092219,0.172773,0.875867
-0.357530,-0.490277,-0.594700,0.218248,-0.656055
0.251036,-0.642129,1.901724,0.188649,-1.319253
0.538188,0.822608,0.567286,0.495197,-0.020061
1.707825,-0.644734,1.358430,-0.993726,-0.148312
0.005625,-0.289001,-1.286075,0.786154,0.912012
0.205066,1.214158,0.262213,0.050259,0.111202
-0.700617,-1.034577,-0.582661,2.485786,-0.720694
1.872233,-0.593328,1.172698,-0.552999,0.305183
-0.753835,-0.616338,-0.421928,0.365610,0.406943
1.616212,0.187166,1.578542,0.406702,0.267749
0.388596,-0.267699,2.119144,0.613638,1.000909
0.210330,-0.005894,0.968145,-1.698094,0.278416
-0.974506,-0.078134,0.788271,-0.085580,2.234349
1.126929,1.696330,-0.345174,0.417734,0.130209
-0.472529,-0.599561,0.981240,0.535332,0.850358
-1.520146,-1.737134,0.245712,-1.826237,1.474150
1.578631,1.899153,1.144055,0.511788,-1.384780
1.272707,0.518353,-0.217346,1.691697,0.007574
1.049033,-2.073734,-0.223900,-0.365238,1.875481
-0.645895,-0.744349,-0.555131,-0.366145,1.233141
-0.256753,-0.387887,0.388922,-0.080339,0.901355
1.640300,0.263133,-0.349265,-0.260040,0.859793
0.823882,-0.933460,-1.016231,0.852669,-0.958381
-0.518523,1.391887,1.009573,0.198219,2.312883
-0.102944,-0.110610,0.867329,1.694016,-1.193417
2.558281,0.021737,-0.472534,1.326367,-0.039625
1.644869,-0.896241,-1.077118,1.196203,1.175191
0.855282,0.310490,1.760054,0.586730,-0.175600
-0.906646,0.143816,-0.004959,-1.217992,-0.833564
0.853684,0.758662,-0.060823,0.893733,1.213466
-1.385983,0.112912,-0.178707,0.168827,-1.095822
1.139035,2.401188,-0.198566,-0.047890,0.989677
-0.506559,1.390017,-0.660716,0.714955,1.372379
0.822785,0.495587,0.011690,0.583515,0.252664
-0.416123,-0.198195,1.060573,1.295444,-0.650470
-0.715404,-0.449561,0.197423,0.232104,-0.665919
0.227471,-0.599330,0.346521,0.248119,-0.056967
1.189000,0.042544,-0.086667,-0.720757,0.343914
0.051010,0.085441,-0.905675,0.491382,-1.024421
1.435782,0.323198,-1.402194,0.694707,1.244504
0.872778,-0.678946,-0.484565,-0.370959,-0.469527
-0.651334,-0.216463,0.241020,-0.406802,1.878616
-0.661004,0.958061,0.688423,-0.073034,-0.293465
1.566807,1.366086,-3.357437,-2.012805,-0.201388
-0.259610,0.813829,0.226461,0.775951,1.815345
0.312230,4.377704,-0.147649,0.281323,-0.114311
2.614385,-0.129064,-0.117191,0.059342,1.456520
0.323027,2.300014,-0.395582,-0.796199,-0.984069
-0.014591,-1.126955,0.087174,-0.580549,-0.145880
2.477850,1.034021,1.066770,-1.073635,0.070156
-0.432913,1.748980,0.003543,0.453545,-2.376850
-0.011278,0.677758,-0.363113,0.187610,0.352541
0.590055,0.381291,-1.683304,0.977162,0.007594
0.788982,-1.065904,0.288762,-0.586190,-0.088105
2.051183,-0.850695,-1.620446,1.730043,-1.948101
0.376168,2.059208,1.580943,-0.030498,0.312741
-0.611674,0.995783,-1.141079,-0.244305,-2.682638
-1.450191,0.878986,-0.437188,0.355616,-0.471636
2.689916,-0.356523,2.015998,1.295052,0.110316
0.152482,0.004312,-0.513469,0.439032,-0.076034
2.155641,-0.799564,1.825954,1.669488,0.490225
-0.027857,1.147708,0.691191,-0.705923,-1.000509
-0.951781,0.082760,-0.613060,0.793270,-1.666373
-0.766299,-0.576668,-0.339748,-1.599540,0.111979
2.271790,1.896932,-0.757026,0.446233,-1.014462
2.394905,-0.588503,1.135236,-0.725131,0.223362
0.825455,1.118193,1.307859,0.162940,2.051976
0.377759,-1.350523,1.672545,-0.057299,-1.447835
0.036141,0.161906,0.036198,0.067596,0.048256
0.620982,-0.760388,2.134326,-0.055259,0.007801
1.120904,-0.493559,1.181998,1.113441,0.063613
1.441310,0.152577,-0.604298,0.729416,0.327282
0.981767,0.678957,0.823451,0.288496,1.580430
2.038818,0.424652,0.474278,-1.731386,-0.115417
-0.108814,0.405142,-0.241535,-1.723646,0.970978
0.334141,-0.530791,1.446178,1.134409,-0.540650
0.588594,1.338659,1.024776,1.696455,-0.000205
0.672655,-0.916843,1.712954,0.073396,-1.454539
0.234326,-0.679891,-0.342301,2.528971,0.311195
1.213258,2.217595,-1.558078,1.531410,1.193710
-0.550682,0.846337,-1.858521,-1.013121,-0.806289
0.603794,1.252918,-0.352383,1.494263,2.133625
-1.629746,1.448093,0.958553,1.783320,-0.448199
1.698609,-2.756642,-1.411026,0.541223,0.242121
-0.107120,2.962895,2.317820,-0.814266,0.170370
2.471410,2.126180,0.049831,2.285874,0.982877
0.369793,-0.347104,0.577160,1.176978,-1.461388
0.792925,0.518419,0.350632,0.857187,-1.274660
-1.341589,-0.467612,-1.402188,0.384540,-0.329871
-1.310541,0.497089,-0.752292,-0.750708,1.112739
1.608248,0.116469,1.361379,0.406384,0.337048
1.648492,0.910625,1.035573,-0.415311,-1.059384
0.821333,0.701414,-1.585612,-0.863847,-0.258302
0.326824,2.374615,0.534264,1.455081,0.725250
2.198613,0.534268,0.170637,1.991493,1.805423
2.578425,1.388992,2.473947,-1.045812,0.053479
2.306245,1.331200,0.005279,2.162612,0.217154
0.859120,1.056009,0.793210,1.747298,-1.220169
-0.727095,-1.526408,-0.329140,-0.274040,0.004380
1.676617,-2.616066,-0.118516,-1.436676,-1.577236
1.380900,-0.097769,2.340297,0.185053,0.794553
0.788386,0.313865,-0.054596,-0.373624,1.346218
-0.327776,0.833892,0.298308,-0.013470,-1.061999
-0.856232,-0.256380,-1.001219,0.786519,0.549378
0.068528,0.696326,0.365077,0.687037,1.900812
-1.348199,0.744899,-0.464583,0.842300,0.960356
0.814642,0.424960,0.198662,-0.301274,-1.996787
-0.569720,-0.476159,0.167404,-1.846452,1.351420
-0.173011,1.064243,-0.387747,0.964373,0.581920
0.622737,0.609493,1.015218,0.739091,-0.201211
-0.067801,-0.723275,0.877799,1.399248,0.678952
2.294254,0.750966,2.195647,0.716285,-1.624135
0.451607,0.202081,0.110822,1.291438,0.072122
0.585351,-0.322009,0.211259,1.139855,0.070976
0.644068,1.054018,-1.868904,-1.101549,-1.234207
0.163899,-0.343402,0.781714,0.240753,-0.202588
-0.466773,0.736580,0.981569,2.629990,-0.787927
-0.201951,1.089618,0.200014,0.308047,-1.013563
1.834061,0.344006,-0.398551,0.805787,1.822449
-0.930550,-0.510720,-1.128031,-1.028165,1.530244
2.588574,0.744254,-0.020342,0.854761,-0.010698
1.138737,0.041558,0.287284,-0.276867,1.119761
-0.391614,-0.546832,1.492265,1.381795,1.047870
-0.263347,0.279290,0.538404,0.001593,-1.433240
1.223510,-0.136065,1.128006,-0.567602,0.028598
0.233183,1.064358,0.225846,0.033263,0.739540
1.182578,-0.984782,0.278391,-2.115269,0.371605
-0.417535,1.283124,0.361667,0.503578,0.746629
0.660114,1.888899,-0.574388,-0.834515,-0.629226
0.801707,-0.836778,0.441942,-0.500857,0.719165
-0.035088,-0.454512,-0.056945,0.413961,-1.220079
0.262675,-0.543838,0.710268,-1.637554,0.269106
-0.766065,0.463688,-0.715710,0.500556,1.823608
0.437523,0.010189,-0.390715,-0.245190,-0.503248
3.269979,0.605729,-0.349698,0.087301,0.553787
1.581626,0.476462,-1.876768,-0.409974,1.223297
-1.157569,1.336290,1.179136,-0.113740,1.035018
0.114832,-0.759860,-0.559474,-0.503092,-0.260628
0.177604,1.172495,0.217872,0.332005,1.300218
2.211421,0.459162,0.075209,2.112753,-0.812905
2.327308,0.590231,-1.066714,0.769518,1.138643
1.314001,-0.502439,0.910525,-0.086536,-0.173057
-0.073423,-0.094248,-1.339743,-0.574911,0.439496
0.242463,-0.153730,-0.789792,-2.135466,-1.411718
0.715204,-0.923946,1.774825,1.094664,-0.268356
-1.091313,0.402461,-1.582896,0.664903,0.665963
0.930546,1.399707,-0.951704,-0.643550,2.531170
0.894576,0.906502,0.769696,1.175339,0.272961
0.762650,-0.429464,1.097085,0.398886,0.275541
0.856117,0.556319,0.510220,-0.678009,-1.283330
1.443054,-0.811037,-0.854483,1.673903,-0.951514
2.173592,1.135304,0.285250,-0.271482,1.023926
0.549051,-1.219748,1.078914,-0.452541,-0.680299
0.205208,0.170427,0.005915,-0.688882,-1.167419
0.642320,-0.359496,0.938504,0.423336,0.176989
-0.259868,-1.681957,1.775571,0.785187,-1.060516
-0.950987,-1.505966,0.044584,1.041780,1.143827
1.540885,-0.073102,-0.026911,0.105729,1.989879
1.644936,0.761317,0.191972,0.760573,-0.410075
1.858069,0.129529,-0.882826,0.146097,0.319877
-0.385118,0.152530,1.542200,1.758454,-0.919374
1.262269,-0.176307,-1.590675,0.176666,1.805115
-1.167100,0.222678,0.910753,-0.440624,-0.533513
-0.337326,-0.830323,0.179583,-0.791865,0.837517
1.067285,0.111920,2.169432,-0.296331,-0.393120
-0.279710,-0.210274,0.532420,-1.802006,1.977946
0.530826,-1.470358,0.398168,-0.194056,0.866297
0.442699,-1.210205,0.498487,1.753751,0.085241
-1.133119,0.893880,-0.547768,0.826240,1.313405
1.113718,-0.009967,0.354899,-0.145829,0.375147
1.371502,2.228479,1.631314,0.051229,1.208172
0.639332,0.352332,-0.963779,0.916290,-2.403984
0.270410,-0.412823,-0.844822,0.118903,0.707432
-0.971301,-0.766560,-0.599395,1.317912,0.053985
-0.892756,-1.631774,1.851253,-1.463663,-1.595505
-1.228654,0.033928,0.181411,0.652785,-0.250542
1.414301,0.595601,-0.683172,0.417673,0.971579
-1.439623,0.678387,-0.798735,0.395965,0.206279
-1.562130,1.160969,2.822623,-0.101731,-1.485326
1.346934,-0.113304,-1.142348,0.552398,1.862830
0.689752,-0.137923,-0.734777,-0.574947,-1.429741
1.402925,-0.517949,0.839634,1.431048,-0.410810
-0.200606,0.448777,0.902563,0.440159,0.148948
0.326780,0.637106,0.056437,0.592948,0.179430
1.906135,0.788383,-1.326853,1.071564,1.058532
0.923607,-1.364597,0.147706,-1.127675,-0.016509
0.191745,-0.742783,0.414603,0.188798,-0.432701
-0.867737,0.375419,1.324919,1.251695,0.245912
1.598108,1.712091,0.931524,2.022104,0.543299
0.461964,-1.007170,0.320710,-1.545024,2.159289
0.194208,0.966224,0.954069,0.029382,-0.802105
0.574659,1.805631,0.299872,-0.910632,0.639597
1.551970,0.923274,2.918237,0.818759,2.500057
1.352865,1.160847,-0.642713,0.206134,0.225820
0.465546,1.205424,-0.624116,-0.329741,-0.855370
-1.815003,-0.411238,-0.671761,0.781948,1.447337
-0.463349,1.582180,0.756743,1.494124,1.253202
0.370025,-1.491936,-0.532871,0.608646,1.546900
0.899267,0.102807,0.764122,1.640468,-0.375019
1.454807,-0.378564,0.215939,0.456236,0.589508
-0.622051,2.218717,-1.128545,0.587235,0.917790
-0.594717,-0.171954,-0.083013,0.674605,-1.393599
-0.984191,-0.469781,0.522554,1.023985,-0.360105
-1.513042,-1.335689,0.481367,-0.039400,0.901109
2.231013,-0.155408,0.837001,2.682075,0.920664
0.141690,0.927561,1.181713,0.087537,-0.568424
2.263289,0.954939,-0.799888,2.043123,2.016911
1.398298,0.328021,0.602861,0.613196,0.232357
0.202464,-1.283430,0.533363,-0.562690,0.330187
0.241099,1.541948,-0.085244,-0.106584,-1.321943
-1.502679,0.408627,0.331204,0.577516,-0.740694
-1.212598,0.149723,-0.466848,0.666636,0.484972
-1.238893,0.403471,1.021363,0.674088,0.082727
-1.313017,0.996356,1.073502,0.284112,1.112374
0.430173,1.198630,0.048196,-0.394382,1.017601
0.704714,1.454792,-0.398635,-0.751516,1.344273
-0.490220,2.591257,1.124763,0.352459,0.451976
-0.663378,1.210571,1.788683,0.464433,-0.538932
1.026669,-0.148275,0.413743,1.444305,0.490649
-0.253770,-0.253660,-0.685304,-0.719702,1.658102
0.096777,-0.436940,0.519703,1.704350,-0.093507
-0.211264,0.170319,1.242037,0.678501,0.032487
1.309954,-1.898449,0.470364,-0.086502,-0.726269
-0.490550,1.123278,1.199565,1.942651,0.817717
0.589027,0.587806,-0.441923,0.730383,0.808126
-0.499189,0.960151,-0.657713,1.629711,0.621419
0.841160,0.964085,1.405919,-0.107856,-1.418926
-0.712555,0.669725,-0.808315,0.637809,-0.858239
-0.056931,1.406260,-0.725736,0.785554,-1.547502
1.417673,1.016080,2.266640,0.450692,-1.835726
-0.745263,0.668047,1.934211,1.626628,0.644490
-0.627125,0.103196,-0.882019,1.067524,-0.083705
1.375172,-0.012820,1.834165,-0.656927,0.018444
1.627582,-0.166052,0.813158,0.265930,-0.280192
-0.418962,0.067714,-0.183392,-0.768920,0.159443
1.429920,-1.109856,2.135144,0.591483,-0.750971
-0.090378,0.393196,-0.547093,-0.233375,-0.519707
1.448166,0.762314,0.564684,-1.359280,0.975981
2.617892,1.629032,-0.106846,0.440667,1.055335
1.136847,0.807716,-0.810504,0.207415,0.845649
0.159369,0.999099,1.691362,0.077593,-0.337623
0.101783,0.905876,0.748973,0.677554,1.780951
-0.104391,0.765278,0.886189,2.012524,-0.120089
-0.647200,0.771627,-0.062037,2.190408,-0.025535
-0.713345,2.172854,-0.087524,0.749797,1.564725
-0.275694,0.656244,0.740483,0.240378,1.701766
-1.172801,2.400406,-0.708884,-0.268747,-2.276983
0.865174,-0.528934,2.477225,-0.674083,0.344434
-0.406510,0.587821,0.449158,0.762921,1.653933
2.208781,0.634949,1.050797,0.092469,2.149294
0.171748,1.167524,0.234022,0.456847,0.565831
0.760079,-0.824840,0.985670,0.410999,1.529315
1.622813,0.534810,1.976546,-0.750078,0.182956
1.088948,-0.898746,-0.220863,0.397476,0.086128
0.950371,0.864738,1.323485,-0.248741,0.048326
-0.168714,-0.432037,-0.115970,0.968529,1.241317
0.712792,-0.624877,0.549196,2.324875,-0.884846
0.352439,1.645454,0.891310,0.830935,2.047960
0.960184,0.410786,-1.038278,-0.028918,1.000334
0.583282,0.360254,-0.676237,-1.081898,-0.437931
1.094230,0.873541,0.097930,-0.093343,0.104263
-0.006042,-0.530703,2.200949,0.440696,0.321107
1.359910,-0.731536,-0.837983,0.780817,3.068591
0.590222,1.634858,1.578360,1.101110,-0.479332
-1.168784,-0.634877,0.095210,-0.840203,1.129053
0.369292,0.625355,-0.542082,2.802617,-0.451535
-0.011892,1.510488,2.252011,-0.304798,0.021640
-1.285368,0.460684,0.251027,-1.251571,-1.407802
-0.272744,0.343196,2.061065,-0.913624,0.490392
1.981125,1.012047,0.552159,2.072627,-0.298630
1.768559,-0.071795,0.078078,1.874931,1.113385
-0.709357,-0.897359,1.172185,-0.273976,0.091679
0.016165,1.030706,0.853105,1.259435,-1.063180
0.934243,-0.557274,-2.040045,-1.131963,0.173685
-0.174843,0.442585,0.243802,0.305688,1.443492
0.605982,-1.383227,0.723650,1.731135,0.607422
2.203450,1.155056,-0.718687,0.031687,1.269299
-0.321297,-0.533718,1.625405,-0.230783,1.283527
0.807029,1.304075,1.597379,-0.712625,0.255492
1.440867,-1.559222,0.986896,0.332978,1.972034
-0.876165,-0.050130,0.021839,0.730200,-0.692085
1.114203,-0.697178,2.246694,0.946349,0.779579
-0.176834,-0.003732,0.112781,0.348900,-0.064968
0.534811,0.189354,-1.474344,-0.727085,1.175546
-0.485787,0.275655,1.064970,1.973089,0.655968
0.419815,1.659831,1.388997,-0.904237,-1.237134
1.211510,-0.390401,0.671764,0.048912,0.419214
-0.683818,-0.048920,-0.600672,0.426669,-0.872059
-1.472097,1.233977,0.128116,-0.139127,0.942636
-0.504553,0.058136,-1.036385,-1.316624,-0.027061
1.463686,1.301485,-0.747770,0.100233,0.290129
0.519631,-0.812356,-0.020469,0.273181,-0.355755
0.585230,0.952472,0.064025,-2.031377,1.436291
0.610817,-1.379892,2.258306,0.910053,-1.100909
-0.115450,-0.606676,2.012891,1.464110,-0.384074
1.285710,0.754979,-1.374190,1.881421,0.636008
0.491396,0.277813,0.825743,0.305599,0.669639
-2.952946,-0.631866,1.605816,-1.735255,0.283412
-0.759511,0.854576,1.696933,1.044353,0.345940
0.574674,0.118284,-0.032130,-0.199595,-0.491746
1.959673,2.084971,-0.157903,1.993677,0.633528
-0.382454,-0.945747,0.749614,-0.039663,-0.287173
0.995329,0.692193,-1.158027,-1.751805,0.342504
0.298482,0.921431,-0.327214,1.714769,-0.931755
0.671967,0.823702,-1.147053,1.296958,0.422386
-1.729114,1.759196,2.222765,2.073539,-0.331421
1.601621,-0.130703,0.114334,1.709654,0.030335
0.497795,-0.513456,-0.242529,1.037181,0.770608
0.142085,0.473353,1.128462,0.232042,0.218341
-0.557495,0.015374,0.669345,1.137599,0.449554
1.445823,0.433598,-0.281395,-1.165623,-0.308900
-1.080820,0.504617,-2.124364,-1.055768,0.999219
0.491466,0.740488,0.887817,0.778246,-0.478666
-0.601169,1.233066,1.176795,-2.125526,0.111571
1.124255,0.419720,-0.501186,2.605222,-0.568771
-1.426665,0.908963,0.276144,1.153463,0.332856
-0.405970,1.118792,0.028566,0.750264,2.635200
2.463855,0.264066,0.100057,1.331426,2.413380
-0.371979,-0.049761,0.209693,-1.440342,2.013719
-1.356109,-0.297546,-1.466858,0.190418,-0.191594
0.804235,-1.868189,0.196172,0.835114,0.073627
1.348435,-0.214992,-1.269308,1.231047,0.679862
1.008199,-0.349527,-1.049348,-1.796136,-1.349788
0.794417,1.483340,0.561289,-1.364652,2.021428
1.077878,0.618909,0.114929,-2.592525,-0.261738
2.459456,0.414062,1.136425,-0.396477,1.429231
1.372411,0.488348,-0.657876,0.265630,0.459105
0.191867,0.469767,0.593410,-0.897125,1.042425
-1.084233,-1.424169,0.568677,1.230418,0.683767
1.170813,-1.299980,1.700302,1.977306,0.519033
0.793925,-0.490330,1.864659,1.116810,0.826653
0.467430,-0.310916,0.497702,-0.980318,-1.172826
-0.501210,1.480662,1.416268,0.719991,0.250723
0.966633,-0.459282,1.014502,0.918924,-0.264038
0.026468,-0.287436,-0.269426,1.080313,-0.441235
-0.711720,0.752957,2.812486,-1.040309,0.370446
0.295261,-0.749257,-0.258221,0.594276,-0.586624
0.553416,0.168911,1.725006,3.048701,0.519097
-0.119770,-0.011764,0.089917,0.520465,-1.060739
0.820709,0.241466,1.637255,1.529134,-0.998097
1.366792,-0.286474,0.341083,-0.244704,-0.035125
1.612227,1.570687,-0.003749,-0.797765,0.261530
-0.325222,0.064392,1.965974,-0.245532,1.743329
-0.428692,0.254892,0.978553,0.400601,-2.178014
0.878635,0.872070,1.323798,-0.526698,0.520430
-0.463379,0.503156,0.944112,0.294723,-0.451818
-0.311616,-0.145400,-0.241542,1.176399,0.700300
-1.084004,0.596828,-1.323264,0.345587,1.108498
0.678838,1.234907,0.529305,-1.649747,0.778360
1.070275,-1.262220,0.354027,0.217135,0.781967
0.411707,-0.899551,0.635137,0.139102,-0.130171
0.724328,-0.059025,-1.504396,0.506664,1.083078
-0.608449,1.600291,0.722529,-1.099554,-0.603345
-0.024135,1.037930,0.704008,1.027388,0.532979
0.020415,0.733498,2.030210,-1.881901,1.155111
0.383046,1.090859,-1.422358,0.934382,-0.001076
0.390194,0.466037,-0.076757,2.650769,-1.284020
-0.319965,1.265825,-0.775387,-1.729979,1.869206
1.084037,-0.737600,-0.287494,1.827521,-0.894908
0.232289,-0.392240,0.976863,0.671328,1.595278
0.736700,0.219084,1.412313,1.708562,1.217902
0.469029,0.057889,0.378337,0.268897,-0.508229
0.888589,0.518030,1.156874,0.131273,-0.164383
1.570530,0.546296,0.555438,-0.900458,-0.297307
1.010293,0.898022,1.713491,-0.630859,0.301077
-1.321386,0.014159,0.505386,0.246150,0.517795
-0.334214,0.717777,2.436443,1.437489,0.502464
1.041787,-0.789361,0.028227,2.042253,0.893064
1.387523,-0.501044,0.847922,0.276545,0.350356
1.866707,-0.681423,0.933591,0.233355,0.921815
1.383842,1.481485,0.797133,0.858502,0.816404
-0.553140,0.490186,0.364830,2.155295,0.401512
0.945516,1.914070,-1.151603,-0.999064,2.008769
1.137415,1.319500,-0.414707,1.249716,0.204613
2.145559,3.620228,-0.987509,0.243383,0.513311
0.927250,-0.289519,-0.963716,0.297450,-1.123599
0.235769,0.862612,-0.613580,0.512990,-1.113168
-0.199789,1.411063,-0.151094,-0.366828,0.813655
1.058027,0.844162,-0.020702,2.173576,0.836279
-0.109473,-0.050882,1.023059,1.971575,-1.375220
-0.271803,1.685029,0.313244,0.546028,0.742888
-1.259200,1.173905,-0.562247,0.126251,0.499223
-0.905627,0.728796,1.439615,-1.517558,1.219242
-0.472681,0.690553,-0.299521,-0.147736,1.714161
0.269003,-0.613462,-1.122815,-0.415103,0.416109
0.629160,1.658918,1.653457,0.651216,0.679452
1.155079,0.057974,1.257028,1.193541,0.576327
0.797876,1.868167,-1.121036,1.741821,0.690731
0.915244,0.347069,0.625451,1.056283,1.326484
2.814021,1.573069,2.648072,0.291831,-1.607728
0.103328,1.716605,1.267408,-0.224990,-0.081394
-1.520902,0.858579,-0.574852,-1.092608,-0.351077
0.127997,0.953755,-0.321208,0.034483,-0.368604
-0.358259,-0.097493,1.239201,-1.547754,2.579061
-0.000054,2.301779,-0.927406,-0.071372,1.354276
0.472463,-0.801971,2.021649,1.931772,1.529178
-0.112452,1.523229,0.373625,0.111138,-0.938358
1.740693,-0.385520,1.532770,0.768210,-0.823501
0.473847,-0.399125,3.029114,0.457065,-0.822581
1.339722,0.324196,1.848050,1.354130,0.369624
-0.611548,0.151254,0.164379,-0.665927,-0.399148
0.528347,-0.080713,1.391540,-1.077311,-1.549565
-1.473334,-0.280812,0.587061,-0.758676,-2.205926
-1.492287,-1.054292,1.624498,1.349098,1.999460
-0.555272,-0.405203,1.118915,-1.257144,0.617166
0.811565,-0.262458,0.368681,-0.303607,0.166232
-0.382037,1.428185,-0.569375,-0.994525,0.693191
-0.618656,2.912491,-1.082949,-0.186713,-0.096881
-0.776216,-0.162522,0.041456,-0.511149,0.187175
-0.183143,0.624907,-0.121783,-0.496860,-0.566586
1.201955,0.830333,-0.972131,-0.260495,0.553361
-1.169916,0.433409,-0.545888,0.295394,0.819772
0.112392,-0.337681,-0.415111,1.574088,0.187974
1.350207,0.498847,0.012645,0.278337,0.264651
-0.095830,-0.409805,-0.431125,-0.690830,0.909600
0.676702,2.519557,-0.186899,0.992142,-0.507620
0.983758,-0.575037,0.282648,0.422361,-0.978365
1.268063,0.167797,-0.583875,-0.322903,-0.713633
0.642562,1.215523,-2.031580,2.180176,-0.389826
1.884337,1.538666,0.819877,-0.148608,0.004223
2.715206,0.778644,0.817087,0.958280,0.355029
0.693461,0.497160,1.605513,-0.361781,0.694732
-0.463475,0.276272,0.533455,0.262258,1.200187
-0.238493,-0.029107,-0.145509,-0.597833,0.569536
-0.721586,1.383174,0.232748,-0.890079,0.283059
-0.643285,1.907112,0.189365,1.227170,0.540681
0.057905,1.448441,0.530498,-0.214406,1.378632
0.923771,1.240935,1.030185,0.895313,-1.098575
-0.483653,0.924122,0.921066,1.108993,0.667553
1.185903,0.481644,0.384423,0.795083,-0.453126
-0.668097,-1.278155,0.889417,1.546311,1.256062
1.323801,0.051743,1.345082,0.344479,1.404166
-0.859096,1.280057,0.460045,1.053132,0.166334
2.273633,-2.303099,0.599079,-1.123940,0.524621
3.274784,0.737198,-0.776768,0.960029,1.700576
0.393118,2.458185,-0.159377,0.440750,-0.939521
2.077268,0.708007,0.196778,1.662966,-0.523793
-0.567403,1.733501,-0.006338,-0.496687,0.075167
-0.173202,-0.547333,0.804629,1.064941,-1.856928
1.053712,0.071998,-0.587850,0.128553,0.458132
-0.750169,-0.526404,-0.366283,-0.922029,-0.644216
-0.143785,0.328450,0.413013,-0.125680,0.129624
1.587792,1.173011,-1.108792,1.999028,0.705905
1.677616,1.576426,0.585193,0.995242,-0.473440
0.098292,-0.140416,1.041272,1.313300,-0.899230
1.007143,2.346182,-1.045147,1.750753,0.400882
0.105462,-0.604339,0.271251,-1.367915,1.021493
-0.175715,-1.243345,0.538231,2.161036,0.647692
1.435461,0.283718,-0.539695,0.761504,-0.243287
0.715286,0.702484,-0.365265,-0.142292,0.791896
0.225928,0.001733,1.478274,0.869521,0.648293
0.859704,0.796967,-1.924152,1.009794,0.832874
0.889292,-0.341599,1.574134,1.466763,0.844199
-0.803075,0.875144,1.194412,-0.717523,-1.111527
0.521749,-0.069745,1.304049,0.986411,0.889575
0.275397,1.079937,0.978486,-0.573632,-1.183031
-1.030854,-0.094104,1.976563,1.558835,-0.211836
-0.606703,1.719814,-0.134938,0.821132,0.997387
1.349553,2.000470,0.084666,0.631391,0.212018
-0.129567,-1.093780,0.027204,0.421309,-0.821253
-0.052637,2.514944,0.247487,0.963991,0.631669
-1.284994,0.542051,0.211070,0.283831,0.454244
0.746953,1.058300,1.698125,0.970890,1.377450
1.994818,-0.314611,0.812910,-1.058630,0.751392
0.191994,0.472580,-0.716750,-0.218286,0.064161
0.729640,1.403464,1.758144,2.267345,1.611220
0.702532,1.594071,-0.831728,1.197555,0.038686
-0.475759,-0.620653,-1.062823,-0.462940,0.834670
-0.035380,0.629727,0.118649,1.506964,1.490506
-0.555139,0.701942,-1.576687,1.655706,0.675082
1.393303,1.919914,0.969603,0.233632,2.181793
1.100439,0.889752,1.268280,-1.477561,-0.509073
0.757546,0.027431,0.439802,0.619544,-0.552219
0.818660,1.076426,0.737702,0.656587,1.475361
0.182182,-0.497616,0.572368,0.732136,-0.551393
0.236597,-2.086060,-0.966728,1.880057,0.059277
2.354344,0.120112,-1.774604,-0.273109,0.581009
-1.306667,0.034393,-0.469208,0.042958,1.591934
0.715700,0.618147,-2.595331,1.426976,0.527969
0.364923,-0.205034,0.397650,1.302000,-0.628350
0.310798,-0.512307,1.382395,1.091792,-1.227126
-1.234368,-0.482018,-0.464140,0.280731,-0.125421
0.088137,-0.533399,-0.596937,1.228200,0.614520
0.647382,0.517072,-0.120767,-0.711214,1.758196
1.105093,0.219239,0.422947,0.557003,1.571212
0.765026,0.861655,0.451419,-0.139854,0.624777
-0.632023,-0.056859,-0.116820,1.416433,0.268668
-1.486520,-0.997505,0.529079,2.051007,0.334839
1.979020,-0.846224,-0.338299,1.057512,1.417498
0.780876,0.545641,-0.652550,1.336037,-0.256140
-1.257076,1.174023,-0.148727,0.514299,-0.779176
0.686272,1.778152,0.493231,1.359124,-0.883469
1.393498,0.766256,0.068016,0.792898,2.453744
0.214472,-0.771037,-0.898818,1.970668,0.995792
0.652613,1.933004,0.009155,0.344782,1.262286
-0.608094,-0.216165,1.067428,2.382984,0.838632
0.242487,0.792167,0.601792,0.218413,0.984244
-0.475444,0.612208,1.498136,-0.335559,1.143624
-0.015548,0.728231,-0.156965,2.026064,0.354842
0.063624,-0.143286,-0.608290,0.531709,-0.093884
-1.367495,1.209158,0.929777,0.996970,2.160329
0.652224,1.103772,0.680797,0.816157,1.421836
0.412411,-0.250510,-0.361533,0.653606,-1.056472
-0.154346,-0.146552,1.292124,-0.679818,0.661696
-0.472701,0.475060,0.478568,-0.157137,-0.758839
0.494976,0.753789,0.068679,-0.585658,1.334598
-0.088498,1.587726,0.671566,-0.101888,1.550457
0.861488,0.907190,0.739363,1.469031,-0.825704
-0.034027,1.563284,0.101059,-0.036737,-0.319499
0.852274,0.963162,2.033272,1.111951,0.902744
1.787223,1.142367,1.223496,-1.176440,0.633285
1.454966,-0.298808,-0.371804,-0.196851,0.623397
-1.103032,-1.418392,-0.127350,1.571296,-0.413680
-0.602073,2.452140,0.214826,2.287923,-1.832044
0.199314,3.052889,0.346460,0.649136,1.472540
-0.111873,-1.830160,0.676693,-0.069516,-1.513136
2.046858,0.907789,0.607170,0.243502,0.150229
0.468135,1.732126,1.132352,2.274594,0.080211
-0.053794,1.280493,0.912387,0.435412,0.569661
-2.037071,-0.318670,0.049715,0.111064,0.208060
0.336163,-0.911299,-1.565101,0.892207,0.779343
0.225161,1.142386,0.590998,1.103170,-0.584752
0.241848,0.802256,1.339473,0.334792,-0.739224
1.397132,-0.511374,-0.280084,0.398065,1.387469
0.336478,-0.773344,1.571201,-0.574929,1.596612
0.136601,0.420304,0.683841,0.533588,1.619493
0.171494,-0.235465,0.198779,0.766951,0.877119
0.622160,-1.263486,0.852105,1.599301,-1.665001
1.189009,1.025098,1.757882,0.652191,0.049811
0.107427,-0.038111,0.942433,1.538427,0.488689
-0.312928,-0.000884,-0.307507,-0.821807,-0.362392
0.284985,0.894882,0.658915,-0.224308,0.233673
2.484046,-0.029066,0.963048,-1.280111,-3.488743
0.197434,0.619037,0.569413,-0.084101,1.647816
-0.375372,1.402185,-0.698445,0.092755,-0.738368
1.256353,-0.497151,-1.140655,-0.205083,-0.756733
0.114786,-1.549504,0.281757,0.258449,1.832475
-1.425046,1.492855,0.119294,-0.799762,-0.667641
0.455151,0.191329,0.359189,1.197944,-0.277508
1.069133,-0.295096,1.957943,0.494074,-1.081952
-0.865070,0.128844,-0.229468,-1.161853,0.197744
0.379938,-1.283875,0.041329,0.200647,-1.407690
0.379521,0.581559,-0.185731,-0.306956,-1.049547
2.887942,1.028258,-1.342655,1.101865,0.753969
1.286824,0.861532,-0.396448,-0.118158,-0.193482
-0.299891,1.178036,0.399691,0.610418,0.373289
0.801314,-0.520932,0.323205,-0.360675,0.694536
2.184646,0.734357,0.122294,1.500108,-0.303348
-1.466890,0.047273,0.204064,0.120339,-1.001317
1.175143,1.052258,-0.483356,1.169679,-0.223661
0.027384,-0.254385,0.089631,0.213184,0.973833
0.122699,0.382619,2.436570,0.703429,2.483499
-0.369382,0.478485,-0.791026,-0.335488,-0.818443
-1.809203,0.956934,0.242360,0.932352,1.560582
-1.775173,0.656972,-1.387438,1.713677,2.348455
0.103345,1.911977,0.586046,-1.587245,0.380880
0.831586,-0.144089,0.805011,-0.190887,0.889217
-0.724173,0.720038,-1.124166,0.748907,-0.710931
-1.712109,0.108352,0.548002,0.920178,0.993575
-0.612793,0.825304,1.044847,1.344231,0.585594
1.527533,-1.229419,1.353182,-1.095140,0.689788
-0.313703,-0.956501,1.776882,-0.429210,1.021144
-1.436704,0.991984,0.380529,-0.873567,1.224018
-1.219243,0.352856,-0.502899,-1.238667,0.868782
-0.222900,1.355786,-0.414769,-0.801115,-0.566372
0.526259,0.643485,0.602875,-1.851665,0.340305
0.353858,0.264849,0.004847,2.323216,-1.543932
-0.445828,-0.792046,0.669591,-0.637214,-0.253442
0.046805,-1.517993,-1.413029,-0.731594,-0.195955
-0.534117,2.553012,0.177771,-1.431822,0.872042
0.148419,-0.525159,1.335930,2.190899,0.140075
2.170987,0.770793,1.268061,1.551267,1.775327
1.221214,-0.573256,0.425587,-2.424416,1.095337
1.206152,2.084408,0.615249,-0.900230,-0.911006
-0.511697,1.320675,-0.120114,0.716729,-1.008658
-1.039613,0.801147,0.823364,1.252335,-0.149387
-0.017163,0.331829,1.459027,1.682151,-0.398654
1.569486,-0.862063,0.728170,0.363093,0.090231
0.441362,-1.489184,-0.459044,0.513963,-0.497740
0.344127,0.008549,0.306250,0.508997,0.282087
-0.878348,1.136960,-0.903093,1.313040,1.761210
1.025840,1.116907,0.336792,-0.219840,-1.122561
0.482857,0.712422,0.635384,1.103013,-0.155685
0.949580,0.517701,-2.869853,1.688191,1.126122
1.416319,1.612507,-1.082735,0.387789,-1.289721
0.638830,2.490204,-0.285025,-0.413429,0.097462
1.404656,0.406652,0.780760,3.035333,-0.275839
1.568417,2.088030,0.286023,0.168564,-0.515048
0.475859,0.253692,0.569605,-1.441618,1.930788
3.183446,-0.607282,1.347597,0.773907,0.104722
-0.341231,0.742764,-1.044765,-0.602103,1.362243
-0.268686,-0.006062,-0.917013,0.295210,0.331642
-0.383305,-0.967579,2.057251,-0.047971,-0.422575
0.067277,-0.504748,-0.733466,0.037453,-1.617327
-0.173363,0.716087,-0.505417,1.347114,1.120091
0.509937,-0.035307,-0.176316,1.006994,-0.187114
1.405006,-0.287242,0.728328,0.331750,-0.065677
0.254886,-0.568349,0.155144,-0.946100,0.079037
3.140955,2.116183,0.297231,-0.257153,-0.016977
0.681525,-1.449586,-1.124515,0.825491,-0.070614
1.469275,-1.150722,-0.625631,0.355015,-0.959026
2.107395,-1.005939,0.150786,-0.284630,1.118669
-0.441796,1.930398,-0.324421,-0.762104,0.887398
-0.096770,-1.113241,-0.692673,-0.555608,0.167253
-0.479570,0.595258,-1.531430,-0.193420,0.132558
-0.291310,-0.085562,1.521454,-0.579463,0.084974
1.719879,1.902867,0.720586,-0.931627,-0.921576
-1.765533,-0.276536,-2.212139,-0.025676,0.055805
1.232159,-0.708922,0.428172,0.723890,0.252667
-0.810649,-0.117657,0.032882,-0.523338,0.606033
0.797895,1.937692,-0.807290,0.074564,0.358663
2.167381,1.808669,1.343505,-1.551474,1.848255
1.093565,1.116677,1.212033,1.301335,-1.073383
1.251894,-0.164849,0.069213,-0.792766,0.237399
1.129504,2.139070,-0.623279,-0.786002,-0.397027
0.380088,-2.378253,0.682535,0.642440,-0.121070
0.817130,0.273785,0.674913,1.806467,-1.114451
1.870918,0.225640,0.091373,2.097788,-0.579520
0.795568,1.048841,0.196059,-0.746712,0.801361
0.950495,0.697069,0.284289,-1.473672,-0.072676
1.701278,-1.364110,-0.792825,-1.281906,0.310767
2.328581,-0.275953,-0.170917,-0.028704,0.670727
1.480953,-1.300772,-0.003151,2.071210,-0.347248
0.629603,-1.692757,1.317796,-2.752286,0.088772
1.164325,-0.217318,0.154915,2.052999,0.198157
1.109523,-1.091798,1.281592,0.233240,0.548883
0.344106,0.389551,0.023607,1.196886,-1.757723
1.650593,0.861525,-0.680147,-0.260619,0.251341
2.582014,2.348826,0.332946,0.107502,1.303662
1.467688,1.323121,-0.469096,0.169480,-0.023020
0.076426,-0.818795,0.813775,1.603139,-0.042763
1.357497,0.410539,-0.226735,0.921970,0.631406
0.023705,-1.339744,0.955137,-0.837030,1.187852
-0.567838,1.141693,-0.589192,2.729130,-0.238290
1.540778,0.043634,-0.401407,-1.564706,-1.024481
1.138880,-0.889700,1.279825,-0.692765,2.317685
-0.831228,1.883807,0.877871,0.700471,-0.144387
0.839494,1.637756,0.123447,-0.405966,-1.219275
0.020535,0.096431,1.092410,0.084529,2.500680
0.172682,-0.272071,1.237959,0.485403,0.959827
1.046239,0.842525,-0.894720,0.292367,-0.158449
-0.770318,1.303125,1.599847,1.043879,-0.982939
0.577689,0.641134,-0.062165,-1.431107,0.530901
0.425251,-0.437152,-0.381330,-0.395369,0.389824
0.816906,-0.854857,-0.068684,-0.724764,1.274442
0.851397,1.342000,-1.076125,-0.019083,-0.864011
1.031318,-1.248049,-0.478045,-1.956998,1.748858
1.837468,0.449460,-0.086721,0.922593,-1.170330
-0.431078,0.325348,-0.241185,0.081463,-0.567098
-0.812104,0.983739,-0.907638,-0.747918,-0.682417
1.139109,0.826554,0.675746,0.838118,0.049063
-1.456908,0.236801,0.743616,0.405326,1.407918
0.514787,1.000332,0.603872,-1.852746,-0.482085
0.554743,0.499988,1.467402,-0.544888,1.161384
0.417412,0.353609,2.593308,2.120107,3.214549
0.788523,2.312454,0.218142,0.131013,0.399281
0.090294,0.685804,-0.633816,0.973038,0.659254
0.200246,1.524755,-1.396312,-1.414438,1.504500
0.215347,1.025273,1.437000,-1.184644,-2.744594
1.071015,1.406113,0.522189,0.813112,1.353515
1.355808,0.917586,1.775537,-1.579603,-0.000060
0.731942,0.449895,0.992013,-0.190783,-1.174681
-1.968703,-0.203699,0.013933,0.841840,0.397429
-1.265546,0.684415,-0.101278,-0.747029,-0.102788
-0.421739,-1.455644,-0.483744,-0.061862,1.969886
1.824415,-0.850039,1.764303,0.999899,0.623983
-0.291306,0.484913,1.061129,0.962118,-0.039096
0.343821,1.019913,0.146576,0.979549,0.546092
0.478299,-0.452442,-0.657946,0.035389,-1.370583
0.579080,-0.157996,-0.857666,0.273290,-1.144779
1.006534,2.168317,-2.454934,-1.231602,0.389579
2.053723,0.863293,0.504540,1.505020,-0.459687
0.262022,-0.155750,0.156753,-0.231513,-0.536565
0.710129,0.947737,1.629210,0.330501,1.142812
0.129973,0.788518,1.627903,1.190895,-0.925282
2.028772,0.535141,0.330139,-0.403793,1.060892
-0.336008,0.456995,1.862657,-0.581542,0.275873
0.764395,0.962998,0.312702,-0.672817,0.099407
0.799589,0.567491,-0.615604,-0.173025,-0.962176
0.943462,0.421079,0.529737,2.022456,0.376332
1.452758,0.386463,1.278241,-0.611840,0.045311
-1.719507,0.239763,0.847561,-0.755044,-0.996717
0.077066,-1.104983,1.287003,1.047745,0.165663
-0.612745,-0.593079,1.592939,-0.190081,-0.288222
-0.570283,0.739174,2.075742,1.333570,-1.562589
0.981572,-0.843497,-0.012870,-0.747541,0.249892
0.624750,-0.556100,0.493893,1.802890,0.620824
-0.071714,0.378680,1.655107,2.244663,-0.125827
1.063503,0.072677,0.767443,-0.591938,1.169976
1.422247,0.693229,1.096393,0.546715,-0.175030
1.827289,-1.139351,-0.241229,-0.088523,-0.070689
-0.437044,-0.121775,-0.517279,-0.251058,-0.221150
0.685538,-1.030226,0.735329,-0.417347,0.071127
0.212219,0.694570,1.984442,-2.088596,-1.374462
0.663650,0.202176,-0.332419,-0.570414,-0.303852
-0.875810,-1.997536,1.697211,0.636344,-0.787030
0.808870,0.328369,1.260240,-2.619314,1.118265
-0.374054,1.487005,2.060672,0.605664,-1.168786
-1.017628,1.871649,1.828171,0.720027,1.025967
0.530168,-1.540509,-0.226715,0.724763,0.167195
-0.188360,-0.796048,0.190426,0.869986,0.273945
0.980921,1.638102,-0.020296,1.657870,-0.662340
0.605307,0.459501,0.524141,0.659145,0.124099
0.492826,-0.737719,-2.976903,0.535586,0.292250
1.275825,0.408326,1.182913,-1.158134,1.641639
-0.660612,0.381591,0.615614,-0.454021,0.396369
0.512311,1.133100,0.038656,1.784677,-0.668369
1.569885,-0.043431,-0.533259,0.954427,2.551695
-0.130907,0.178360,1.764433,-0.087167,1.198682
-0.868077,-0.366121,2.624946,1.272651,0.450331
0.848318,-0.566367,0.488611,2.082282,0.253856
-0.727663,-2.177640,0.255769,-1.000323,-0.099883
2.300185,1.102814,-0.567420,0.263517,0.753957
-1.155871,2.021335,0.654602,1.330498,0.390940
1.480567,0.652224,0.893223,0.716124,-1.104085
-0.146636,0.747236,1.139688,0.442240,0.739363
-1.457060,-1.138684,0.291626,-1.210342,0.153053
0.508146,0.657410,-0.355981,1.972051,0.535306
1.623883,1.031085,0.495029,-1.360660,0.256519
-0.324741,0.992766,-1.398221,1.060782,-0.394279
1.752281,0.596059,0.813445,0.873763,0.287435
-0.524071,1.667692,0.751984,1.518332,2.251046
-0.451470,0.891472,-1.650218,0.816102,-1.182558
0.423284,0.618838,0.973162,0.604803,0.500407
1.538573,-1.404727,0.210407,1.097216,0.238923
0.587513,-0.002788,0.170161,-0.162574,-0.456041
0.240866,1.257811,-1.409846,-2.657889,1.410558
-1.141405,1.292640,-0.256828,-0.440147,0.599210
-0.256098,-0.528600,0.312843,0.528506,-0.959337
2.434401,0.289542,0.696598,0.883334,1.132761
-0.463460,1.291933,0.476514,0.246373,-0.663258
0.369344,-0.369513,0.403762,-0.108747,0.700236
1.528008,0.001046,0.075835,-0.752666,0.973322
0.849811,-0.313762,1.765172,-0.484363,0.981817
0.733512,0.162794,-0.378340,1.522480,0.932350
-0.791747,0.142351,0.143926,-1.409226,1.869354
1.732200,2.125121,-0.119150,-0.749187,1.229409
0.826771,0.840426,0.828307,-0.112962,-0.625673
0.975240,0.194433,0.061263,1.791984,0.786764
0.410888,-0.524983,-0.218476,0.960294,-0.720924
-0.762694,0.024591,0.136941,0.494258,-1.062284
1.355639,-0.664584,-0.231257,-0.364527,1.166858
0.329693,-0.367446,-0.534262,0.086337,1.169882
0.048557,0.843710,-0.825922,0.901613,0.280269
0.216421,0.591814,0.939911,-0.227536,1.371003
0.798158,0.436211,0.021511,-0.443936,3.090923
-0.825764,1.415051,-0.370255,0.143654,-0.213680
0.666186,-0.862109,-0.631333,-0.111528,-0.205760
-0.790682,1.069302,0.960445,-0.163002,0.051344
-0.461283,0.187294,2.075874,0.542870,0.608952
0.249746,-0.221441,-1.980737,1.516479,0.938480
-0.612512,1.451400,0.676450,-0.614617,0.716890
-0.250846,1.705316,-0.170901,-0.035512,-0.345347
0.415019,-1.212527,-0.673290,0.356295,-0.804652
3.547731,2.000205,-0.525446,0.744523,1.684489
1.104607,1.464560,-0.467348,0.977195,1.007969
-1.374639,0.600543,-0.553273,1.189140,0.587691
-0.722911,1.180319,-0.440199,1.064440,-0.958167
0.851106,1.788321,-1.625420,-1.334925,-0.982747
-0.430022,0.676006,0.119821,0.226462,-0.393553
1.012178,1.399352,0.120717,1.396293,0.678603
0.177645,0.160551,1.235196,-0.944100,-0.628506
-0.110680,-1.155652,-0.254329,1.692868,1.969071
1.390511,-0.808444,-0.925531,-0.210022,-0.419830
0.883357,0.210766,-1.927302,-0.258812,0.786706
0.215683,2.222235,0.747711,-0.385814,0.002937
1.478189,1.967934,-0.051398,0.800440,-0.368417
1.518791,1.871844,0.652045,1.472554,0.941091
-1.026562,0.021807,1.107281,0.320728,0.053620
-0.258258,-0.721688,0.083486,1.450863,-1.559971
0.771442,0.427973,0.829506,0.862153,-0.748582
1.154568,-0.496214,0.895050,-0.279021,-1.143036
-0.469257,0.716230,0.712807,1.184886,-0.360569
-1.081540,-0.047939,0.624960,1.377184,-0.773263
0.960469,0.781292,0.507981,-1.413354,0.659490
-0.343599,0.562858,2.306411,-0.658129,0.159743
-0.486838,-1.247335,0.639330,-0.858777,-0.006139
0.620057,1.014739,-0.774979,-0.769869,1.155853
0.003327,0.080965,0.489852,2.316941,0.819160
0.029539,-0.047386,0.151053,-0.340844,0.782236
1.058282,1.041758,-1.675407,0.853693,1.789196
0.022958,0.408964,1.483622,0.774473,1.940064
0.220533,0.340400,-1.143342,0.873591,0.452096
-1.916584,1.398381,0.107298,-0.995456,2.674357
2.921721,1.200493,0.178676,0.569126,-1.667437
-0.172767,-0.442627,0.760505,0.557576,0.360591
0.129719,-0.600545,0.047568,-0.234661,0.045123
0.881591,0.452147,-1.945162,-1.073198,1.280949
1.494594,1.214902,0.376526,1.200983,-0.865256
-0.275998,0.294262,-0.030427,-0.747015,0.796594
1.226591,0.357917,-0.703903,1.351313,0.655107
0.930539,-0.150604,-0.406919,1.502423,0.130133
0.031035,-1.072837,0.196436,-0.215497,0.223652
-0.219886,0.152495,0.725777,1.724449,-0.600960
0.039033,-0.494172,1.012943,-0.510609,0.889713
-1.766125,0.858867,0.803788,1.902734,-0.447133
-1.198166,-0.657523,0.197446,-1.220036,1.128869
0.342055,-0.344813,1.037863,0.927153,2.142849
0.825239,0.883112,0.120807,0.033859,-0.042690
-0.576977,0.180311,0.892317,1.044519,0.617324
1.009463,0.161658,0.937071,1.116696,0.857042
0.198021,0.376817,0.231874,-2.057727,-0.832737
0.536848,-1.325183,-1.158571,0.493780,2.225134
0.647610,1.242842,0.237568,0.501862,0.971875
-0.714096,0.762930,0.904298,1.910710,-1.095594
0.211740,-1.421351,1.700834,1.398502,-0.372026
-0.187755,0.424270,1.157330,0.950435,-0.121833
-0.643089,0.737573,-0.830435,0.408465,2.238589
0.503873,1.594012,-0.385943,-0.116773,0.947040
-1.495637,0.347578,0.150464,0.361864,-0.330200
1.769257,0.467958,1.987309,0.627728,2.917996
-1.130667,0.889180,0.361371,0.398187,-0.498072
-0.609322,2.496466,-0.246601,0.380763,0.411962
-0.092550,0.667126,0.108198,0.254219,-0.641084
0.241412,0.679709,1.939328,0.374344,-0.073312
1.259763,-1.161104,0.402695,-0.929163,-0.234175
0.227535,1.027834,-1.051041,0.412116,-2.044116
0.420172,0.222208,0.910412,-0.235656,-1.110926
1.598264,-0.270005,-0.721735,0.009672,-0.264547
-0.346875,2.199155,0.174090,-1.367327,0.210683
-1.097061,-1.568968,0.022379,0.963540,0.053406
0.733488,1.397583,0.223195,-0.012628,1.162918
0.096806,1.686623,1.143076,1.289127,0.569050
-0.334506,0.277138,1.118759,0.249967,0.396355
-1.367414,0.288353,-0.960737,1.208780,0.863981
-0.572975,0.757259,-0.033244,-1.251997,-0.344671
0.983777,-0.650572,2.200412,0.547799,-0.610024
-0.223782,-0.149349,-0.183322,0.641647,-0.792220
0.334435,-1.392517,-1.513051,-1.295978,-1.006272
