1.000000,0.500250,1.000000,0.052711,0.333356
0.001000,1.000000,1.000000,0.162174,0.349967
1.000000,1.000000,1.000000,0.636179,0.775580
0.001000,0.600361,0.001000,0.506200,0.001000
0.526528,0.254212,0.556154,0.414221,1.000000
0.922012,1.000000,0.564347,0.001000,1.000000
0.372255,1.000000,1.000000,0.001000,1.000000
0.001000,0.001000,0.586551,0.879352,0.001000
1.000000,0.578167,1.000000,1.000000,0.524445
0.586924,0.001000,0.501796,0.001000,0.539680
0.094005,0.001000,1.000000,0.032670,0.925097
1.000000,0.303645,1.000000,1.000000,0.052162
0.803963,0.001000,0.573620,0.001000,1.000000
1.000000,0.352628,0.454258,0.001000,0.874488
1.000000,1.000000,0.615357,0.001000,0.330905
0.001000,0.834774,0.001000,0.343995,1.000000
0.001000,0.602198,1.000000,1.000000,0.001000
0.001000,0.001000,0.001000,0.906287,0.001000
1.000000,0.011221,1.000000,0.001000,0.940880
1.000000,1.000000,1.000000,0.001000,0.001000
0.001000,0.209540,1.000000,0.001000,0.001000
1.000000,1.000000,0.156363,0.001000,0.001000
1.000000,0.668419,0.970033,0.204765,0.488520
1.000000,0.001000,1.000000,0.001000,1.000000
0.001000,0.850000,0.211590,0.503980,1.000000
0.001000,0.675572,0.166209,0.001000,0.001000
1.000000,1.000000,0.516472,1.000000,0.001000
0.001000,0.156271,1.000000,0.001000,1.000000
0.001000,0.001000,0.138001,0.872984,0.350973
1.000000,1.000000,1.000000,0.089985,1.000000
0.001000,0.001000,1.000000,0.519840,1.000000
0.001000,0.001000,1.000000,1.000000,0.001000
1.000000,0.001000,1.000000,0.827787,0.001000
1.000000,1.000000,1.000000,0.430396,1.000000
1.000000,0.749364,1.000000,0.001000,0.182307
1.000000,1.000000,0.608315,0.001000,0.994385
0.914200,0.001000,0.001000,0.001000,1.000000
1.000000,0.492298,0.813876,0.001000,0.001000
1.000000,0.622731,1.000000,1.000000,0.001000
0.145316,0.095751,1.000000,0.001000,0.001000
1.000000,1.000000,1.000000,0.151288,0.001000
1.000000,1.000000,1.000000,1.000000,0.638083
1.000000,0.049463,0.001000,0.953538,0.556158
0.045834,0.843934,0.416408,0.001000,0.953546
1.000000,0.903731,1.000000,0.851067,0.939416
0.518055,0.070083,0.981683,0.755414,1.000000
0.236053,0.001000,0.144443,1.000000,0.964232
0.970945,0.001000,0.001000,0.001000,0.001000
1.000000,0.952636,0.716133,0.152212,0.001000
1.000000,1.000000,0.955064,0.001000,0.001000
1.000000,1.000000,0.001000,1.000000,0.001000
0.809601,1.000000,1.000000,0.001000,0.001000
1.000000,0.001000,1.000000,0.001000,0.087153
0.497216,0.452842,0.785806,0.920036,1.000000
1.000000,1.000000,1.000000,0.588510,0.001000
0.528311,0.001000,1.000000,0.001000,0.001000
1.000000,0.001000,1.000000,0.001000,1.000000
0.001000,1.000000,1.000000,0.001000,0.880923
0.001000,1.000000,0.001000,1.000000,0.061779
0.668306,0.001000,1.000000,0.601279,0.757602
0.237961,0.001000,0.001000,0.001000,0.241586
1.000000,0.001000,1.000000,0.001000,0.001000
1.000000,0.001000,0.001000,0.001000,1.000000
1.000000,0.212957,0.001000,0.001000,0.664033
0.692643,1.000000,0.269627,0.001000,1.000000
1.000000,0.001000,1.000000,0.785506,1.000000
1.000000,0.344403,0.593013,0.114478,0.296658
0.759204,0.556514,1.000000,0.650205,0.872091
0.336689,1.000000,0.548081,1.000000,0.747217
1.000000,0.198807,0.001000,0.206188,0.338753
0.001000,1.000000,1.000000,0.001000,0.195286
0.248808,0.808175,1.000000,1.000000,0.028084
0.866741,1.000000,0.636668,0.001000,1.000000
1.000000,1.000000,1.000000,0.001000,0.173758
0.651620,0.200161,0.524897,0.001000,0.001000
0.001000,0.524769,1.000000,0.001000,0.610723
0.001000,1.000000,0.062987,0.001000,0.469833
1.000000,0.259562,1.000000,0.209437,1.000000
0.995324,1.000000,1.000000,0.771959,0.001000
0.001000,0.627357,1.000000,0.001000,0.421663
0.722285,1.000000,0.515042,0.001000,0.944448
1.000000,0.001000,1.000000,1.000000,0.650522
0.439447,0.172313,1.000000,1.000000,0.767826
1.000000,0.001000,0.001000,0.001000,1.000000
1.000000,1.000000,1.000000,0.547354,0.001000
1.000000,0.751899,1.000000,0.001000,0.001000
0.813167,0.001000,1.000000,0.001000,1.000000
0.001000,0.001000,0.508626,0.001000,1.000000
1.000000,0.001000,1.000000,0.001000,0.090069
0.001000,1.000000,1.000000,0.315539,0.819503
0.628759,0.001000,1.000000,0.001000,0.361445
1.000000,1.000000,0.900804,0.001000,1.000000
0.346272,1.000000,0.454665,0.001000,0.867646
1.000000,0.505979,1.000000,1.000000,0.001000
0.818577,1.000000,0.764782,0.001000,0.819694
1.000000,1.000000,0.533280,0.721366,0.569931
1.000000,0.001000,1.000000,0.001000,0.591961
1.000000,1.000000,1.000000,0.007593,0.804363
0.407528,1.000000,1.000000,0.001000,0.001000
1.000000,1.000000,1.000000,0.842016,0.001000
1.000000,1.000000,1.000000,0.001000,0.943308
0.837501,1.000000,0.983048,0.001000,1.000000
0.293755,0.111863,0.755731,0.001000,1.000000
1.000000,1.000000,1.000000,0.000691,0.844744
1.000000,1.000000,0.756288,1.000000,1.000000
1.000000,0.791624,1.000000,0.442759,1.000000
1.000000,0.001000,1.000000,1.000000,0.926052
0.855171,0.518274,0.471611,0.958376,1.000000
1.000000,1.000000,1.000000,0.001000,0.001000
1.000000,1.000000,0.458294,0.003129,1.000000
0.001000,0.001000,1.000000,0.199784,0.001000
0.419203,1.000000,1.000000,0.135414,0.523499
1.000000,1.000000,1.000000,1.000000,0.217946
0.001000,0.001000,1.000000,0.001000,0.001000
1.000000,1.000000,0.859114,0.001000,1.000000
0.831265,1.000000,1.000000,0.303720,1.000000
0.001000,0.135379,1.000000,0.223936,0.699690
1.000000,0.250976,1.000000,1.000000,1.000000
1.000000,0.001000,1.000000,0.634699,0.945806
0.423056,0.001000,1.000000,0.115199,0.239823
0.001000,0.493248,1.000000,0.473904,0.001000
0.443525,0.001000,1.000000,0.001000,0.083151
1.000000,0.126728,0.001000,0.001000,1.000000
0.983019,0.001000,0.927677,1.000000,0.001000
0.222179,1.000000,1.000000,0.001000,1.000000
1.000000,0.030578,0.516284,0.001000,1.000000
1.000000,0.001000,0.001000,0.001000,1.000000
0.001000,0.555243,1.000000,0.001000,0.612622
1.000000,1.000000,0.001000,0.001000,0.753149
0.978076,1.000000,1.000000,0.039748,0.001000
0.001000,0.744088,1.000000,0.708104,0.001000
0.118204,0.001000,0.211131,0.608332,0.975213
1.000000,0.952491,0.139564,0.001000,0.001000
0.844613,1.000000,0.445892,0.001000,1.000000
1.000000,0.001000,0.001000,0.001000,1.000000
1.000000,0.001000,1.000000,0.079747,0.001000
1.000000,0.001000,1.000000,1.000000,0.325796
0.001000,1.000000,0.750151,0.797462,0.756049
1.000000,0.001000,0.623118,0.001000,0.001000
1.000000,0.001000,1.000000,0.001000,0.037919
0.809975,0.594367,0.533602,0.130582,0.001000
1.000000,1.000000,0.635810,0.094676,0.359995
1.000000,0.159320,0.001000,0.001000,0.851943
1.000000,0.001000,0.005391,1.000000,1.000000
1.000000,1.000000,1.000000,0.001000,1.000000
0.481527,0.935239,1.000000,1.000000,0.001000
1.000000,1.000000,0.001000,0.333650,0.001000
1.000000,0.500196,1.000000,0.001000,0.504878
1.000000,0.975041,0.253143,0.001000,0.881035
1.000000,1.000000,1.000000,0.001000,1.000000
1.000000,0.001000,1.000000,0.907086,1.000000
1.000000,0.987153,1.000000,0.001000,0.001000
1.000000,1.000000,0.647147,0.573014,1.000000
1.000000,0.506572,0.907320,0.652016,0.360004
0.467121,0.001000,1.000000,0.001000,0.001000
1.000000,0.001000,1.000000,1.000000,1.000000
1.000000,0.358945,1.000000,0.342743,0.001000
0.001000,0.016009,0.001000,0.434616,0.001000
1.000000,1.000000,1.000000,0.398885,0.001000
0.001000,1.000000,0.883423,0.053476,1.000000
1.000000,1.000000,0.001000,0.627207,0.001000
0.916108,0.022920,0.391881,0.001000,1.000000
1.000000,0.001000,0.783247,0.001000,1.000000
0.977347,0.001000,0.688757,0.260331,0.046925
0.628820,1.000000,0.614558,0.001000,0.006804
1.000000,0.001000,0.939145,0.572194,1.000000
0.001000,1.000000,0.382909,0.001000,0.896710
0.001000,0.467378,0.354154,0.001000,0.001000
1.000000,0.599251,1.000000,0.545938,0.001000
0.001000,0.744957,0.921327,0.256819,1.000000
1.000000,1.000000,0.932577,0.909037,1.000000
1.000000,1.000000,0.001000,0.001000,0.568103
0.001000,0.360476,0.886215,0.496872,0.781514
0.988726,1.000000,0.040459,0.001000,0.325880
0.149607,1.000000,1.000000,0.001000,1.000000
0.001000,1.000000,0.001000,0.190812,1.000000
0.860221,0.001000,1.000000,0.738476,1.000000
0.035548,1.000000,1.000000,1.000000,0.586876
1.000000,1.000000,0.001000,0.001000,0.555931
1.000000,1.000000,0.001000,0.674463,0.001000
1.000000,1.000000,0.001000,1.000000,0.514305
1.000000,0.001000,0.001000,1.000000,0.001000
0.001000,1.000000,0.971366,0.238719,0.001000
0.330789,0.351834,1.000000,0.486823,0.196089
0.969770,0.279018,1.000000,1.000000,0.001000
0.484706,1.000000,0.445411,0.618442,0.656807
0.001000,0.317610,0.001000,1.000000,0.001000
1.000000,0.001000,1.000000,0.001000,0.001000
1.000000,1.000000,1.000000,0.001000,0.831808
1.000000,0.740491,1.000000,0.001000,0.737581
0.540880,1.000000,0.001000,1.000000,0.447747
1.000000,1.000000,0.257848,0.001000,1.000000
0.993254,0.331941,1.000000,0.001000,1.000000
1.000000,0.217984,0.795626,0.001000,0.001000
1.000000,0.729414,0.717738,0.792553,0.306299
1.000000,1.000000,0.637831,0.613128,0.001000
0.817656,1.000000,0.502665,0.001000,1.000000
1.000000,0.001000,1.000000,0.001000,1.000000
0.519631,0.887001,0.420070,0.297057,1.000000
0.001000,1.000000,1.000000,0.001000,0.001000
0.860266,0.001000,0.541481,0.001000,1.000000
0.155210,0.001000,0.001000,0.001000,0.001000
0.564316,0.506826,1.000000,0.894274,0.001000
0.001000,0.001000,1.000000,0.001000,0.001268
0.121249,0.065713,0.001000,0.001000,0.622789
1.000000,0.592454,0.057505,0.001000,0.102521
0.242085,0.001000,1.000000,0.001000,0.919964
0.001000,1.000000,0.644603,0.001000,0.243782
1.000000,0.975193,0.249581,0.828758,1.000000
0.001000,1.000000,1.000000,0.001000,0.317454
0.615032,0.001000,0.989876,0.001000,0.230942
0.041903,0.872619,0.001000,0.001000,0.001000
1.000000,0.969169,0.001000,1.000000,0.302955
1.000000,1.000000,1.000000,1.000000,1.000000
1.000000,0.001000,1.000000,0.001000,0.246523
0.654455,1.000000,1.000000,1.000000,0.595306
1.000000,0.953989,1.000000,0.617227,0.424556
0.415103,0.601619,0.994281,0.001000,1.000000
0.752659,0.001000,0.001000,0.383371,0.270498
0.937708,0.001000,1.000000,1.000000,0.001000
0.886710,0.120747,0.366273,0.001000,0.001000
1.000000,0.001000,1.000000,0.247726,0.153638
0.001000,1.000000,0.552891,0.001000,0.088882
1.000000,0.683485,0.001000,1.000000,1.000000
1.000000,1.000000,0.916796,0.001000,0.001000
1.000000,0.078568,0.764359,1.000000,0.581232
0.001000,1.000000,0.294290,0.001000,1.000000
0.001000,1.000000,0.352837,1.000000,0.001000
1.000000,0.001000,0.389765,0.900075,0.012822
0.001000,0.001000,0.447378,0.001000,1.000000
0.696322,0.076402,1.000000,1.000000,0.055987
0.654800,0.483604,0.001000,0.054907,0.510802
1.000000,0.001000,1.000000,0.001000,0.058570
0.210620,0.278579,0.001000,0.001000,0.683033
1.000000,0.188954,0.733737,0.001000,0.712438
1.000000,1.000000,1.000000,0.091449,1.000000
0.411171,1.000000,1.000000,0.001000,0.001000
0.001000,0.877318,1.000000,0.001000,0.033159
0.852556,1.000000,1.000000,0.393073,0.399109
0.871319,0.001000,1.000000,0.989400,0.020394
0.261919,0.935073,1.000000,0.001000,0.263526
1.000000,1.000000,1.000000,0.001000,1.000000
0.079329,0.517683,1.000000,0.728876,1.000000
0.001000,0.062277,0.890601,1.000000,0.549767
1.000000,0.041407,0.703268,0.001000,0.001000
1.000000,1.000000,1.000000,0.001000,0.261827
1.000000,0.999360,0.240045,0.001000,0.001000
1.000000,1.000000,0.001000,1.000000,0.213249
0.001000,1.000000,1.000000,0.032879,0.001000
1.000000,0.001000,1.000000,1.000000,0.001000
0.490603,0.481834,0.917417,0.001000,0.001000
1.000000,1.000000,1.000000,0.029338,0.001000
0.001000,0.837201,0.001000,0.562047,1.000000
0.626578,0.430532,1.000000,1.000000,1.000000
0.991531,0.745967,0.001000,0.001000,0.001000
0.932022,1.000000,0.502381,0.001000,0.845674
0.784658,0.001000,1.000000,0.746065,1.000000
1.000000,0.001000,0.001000,0.001000,0.113434
0.001000,0.001000,0.729780,1.000000,0.001000
0.274904,1.000000,1.000000,1.000000,0.393633
1.000000,0.293646,0.702662,0.001000,1.000000
1.000000,1.000000,1.000000,0.001000,0.505078
1.000000,1.000000,0.783961,1.000000,0.701241
0.076170,1.000000,0.837796,0.233546,1.000000
1.000000,0.740291,1.000000,0.001000,0.009881
0.005219,0.001000,0.722589,0.001000,1.000000
1.000000,1.000000,1.000000,0.001000,1.000000
0.380316,1.000000,1.000000,0.669872,1.000000
0.001000,0.001000,0.001000,0.791071,0.001000
0.442439,1.000000,0.001000,0.001000,0.001000
0.233428,0.001000,0.015899,1.000000,0.001000
1.000000,1.000000,1.000000,0.946399,1.000000
0.001000,1.000000,1.000000,0.001000,1.000000
0.251288,0.661719,1.000000,0.001000,1.000000
0.967634,0.001000,0.403024,0.001000,0.001000
1.000000,0.420726,0.994656,0.689321,0.001000
1.000000,1.000000,1.000000,1.000000,1.000000
0.859492,0.001000,1.000000,0.001000,0.777364
0.305169,1.000000,0.001000,0.001000,1.000000
1.000000,0.001000,0.353993,0.001000,0.726482
0.936297,0.916695,0.001000,0.639713,0.001000
1.000000,0.001000,0.143393,1.000000,0.572329
1.000000,0.001000,0.820201,1.000000,0.001000
0.001000,1.000000,0.174527,0.001000,1.000000
1.000000,1.000000,1.000000,0.865315,0.001000
0.746693,1.000000,1.000000,1.000000,0.001000
1.000000,0.001000,0.410337,0.001000,0.001000
1.000000,1.000000,0.001000,0.001000,0.001000
1.000000,0.348146,0.951669,0.001000,0.058089
1.000000,1.000000,1.000000,0.903442,0.001000
1.000000,1.000000,1.000000,0.545716,0.001000
0.455451,1.000000,0.807335,0.942290,1.000000
1.000000,0.007492,1.000000,0.001000,0.001000
0.001000,1.000000,0.454733,0.067306,0.297618
0.867959,1.000000,1.000000,0.001000,0.528988
0.001000,0.001000,0.001000,0.001000,0.001000
1.000000,0.001000,0.824404,0.863316,0.001000
1.000000,1.000000,1.000000,0.001000,1.000000
0.974842,0.673578,1.000000,0.001000,0.160573
0.781938,1.000000,1.000000,0.253987,0.001000
1.000000,0.479737,1.000000,0.903689,1.000000
1.000000,0.001000,1.000000,0.629677,0.001000
1.000000,0.362222,1.000000,0.857545,1.000000
1.000000,0.174474,0.001000,0.986402,0.001000
0.049621,0.001000,1.000000,0.001000,1.000000
0.623552,0.894734,1.000000,0.643727,0.001000
0.402238,1.000000,0.510108,1.000000,0.001000
1.000000,0.740957,1.000000,0.269069,1.000000
0.001000,0.001000,1.000000,0.001000,0.001000
0.528516,0.001000,1.000000,0.001000,0.001000
1.000000,0.001000,1.000000,1.000000,0.333700
0.034479,0.001000,0.001000,0.038974,0.001000
0.804413,1.000000,1.000000,0.001000,0.247801
1.000000,0.001000,1.000000,0.001000,1.000000
1.000000,0.001000,1.000000,0.001000,0.503525
1.000000,0.478272,1.000000,1.000000,0.470958
1.000000,0.001000,0.799371,0.001000,1.000000
0.001000,1.000000,1.000000,0.275708,0.001000
0.925710,0.511814,1.000000,0.823123,1.000000
1.000000,0.001000,0.154551,0.001000,1.000000
1.000000,0.515820,1.000000,0.001000,0.001000
1.000000,1.000000,0.662651,0.001000,0.353132
1.000000,1.000000,1.000000,0.001000,0.627156
1.000000,1.000000,0.001000,0.001000,0.001000
1.000000,0.001000,1.000000,1.000000,0.206283
1.000000,0.378162,0.001000,0.001000,1.000000
1.000000,0.543075,0.641939,0.387297,0.001000
1.000000,0.105151,1.000000,0.001000,0.546919
0.001000,1.000000,0.289219,0.001000,0.295391
1.000000,0.807760,1.000000,0.001000,0.001000
0.001000,0.120170,1.000000,0.001000,0.001000
1.000000,0.843131,0.001000,0.001000,0.246462
1.000000,1.000000,1.000000,0.364342,0.001000
1.000000,0.586099,1.000000,0.968856,0.001000
1.000000,1.000000,0.661534,0.952131,0.598221
1.000000,0.001000,1.000000,0.001000,0.001000
0.791052,0.659681,0.065641,1.000000,0.001000
1.000000,1.000000,0.631184,1.000000,0.459551
0.483400,0.432297,0.001000,0.001000,0.341888
1.000000,0.001000,1.000000,1.000000,0.218641
1.000000,1.000000,1.000000,1.000000,1.000000
0.867015,1.000000,1.000000,0.001000,0.001000
0.391055,0.106634,0.835254,0.001000,1.000000
0.912490,0.001000,0.001000,0.001000,0.001000
0.001000,0.001000,0.130541,1.000000,0.001000
0.882891,1.000000,1.000000,0.001000,0.172656
0.398938,1.000000,0.001000,1.000000,0.001000
1.000000,0.835935,1.000000,0.242845,1.000000
1.000000,0.001000,1.000000,1.000000,0.112626
0.001000,1.000000,1.000000,1.000000,0.001000
0.937677,0.772450,0.001000,0.001000,0.001000
1.000000,0.001000,1.000000,0.001000,0.444316
1.000000,0.001000,0.331817,0.372693,1.000000
0.744501,0.530862,1.000000,0.001000,0.001000
1.000000,0.832866,1.000000,1.000000,0.243889
1.000000,0.001000,1.000000,0.001000,0.001000
1.000000,1.000000,0.001000,1.000000,0.001000
0.141243,1.000000,1.000000,1.000000,0.809155
0.001000,0.031660,0.027490,0.517795,0.437870
1.000000,0.001000,0.001000,0.001000,1.000000
0.158738,0.001000,0.004480,0.001000,0.539630
1.000000,1.000000,0.672916,1.000000,1.000000
1.000000,1.000000,0.807984,0.957938,0.400436
1.000000,1.000000,0.001000,0.093253,1.000000
0.855095,0.001000,0.353119,0.001000,1.000000
0.001000,1.000000,0.405966,0.001000,0.621346
0.049089,0.001000,0.614924,0.419756,0.411103
0.608662,1.000000,0.371101,0.001000,0.335099
1.000000,0.597083,0.542684,0.001000,1.000000
1.000000,0.001000,1.000000,0.831586,0.001000
1.000000,1.000000,1.000000,0.167284,0.262896
1.000000,1.000000,1.000000,0.001000,0.001000
0.523879,0.001000,0.021257,0.001000,0.983045
0.001000,0.514361,1.000000,0.001000,0.977115
0.001000,1.000000,0.001000,0.237347,1.000000
1.000000,1.000000,1.000000,1.000000,0.001000
1.000000,0.236835,1.000000,1.000000,0.001000
1.000000,0.051303,1.000000,0.977364,0.001000
0.554747,1.000000,1.000000,1.000000,0.140261
0.329004,0.044749,1.000000,0.753690,0.445164
0.001000,0.457601,0.001000,1.000000,1.000000
0.328097,0.001000,0.995194,0.001000,0.626845
1.000000,0.001000,0.001000,0.001000,1.000000
0.613903,0.657571,0.797817,0.001000,1.000000
1.000000,1.000000,0.232931,0.001000,1.000000
0.434202,0.001000,0.001000,1.000000,0.001000
1.000000,0.149936,0.883951,0.724370,0.992480
1.000000,0.001000,0.240761,0.528539,1.000000
0.200506,0.341213,0.001000,0.001000,0.001000
0.892461,1.000000,1.000000,0.001000,0.615177
1.000000,0.039728,1.000000,0.202578,1.000000
1.000000,1.000000,0.505115,0.001000,0.325237
1.000000,0.350124,0.510208,1.000000,0.001000
1.000000,0.001000,1.000000,1.000000,1.000000
1.000000,0.800973,0.642555,1.000000,0.093062
1.000000,0.001000,1.000000,1.000000,0.609741
0.001000,0.044696,0.001000,0.001000,1.000000
1.000000,1.000000,0.188737,0.559939,0.001000
0.564173,0.001000,0.931308,0.421615,0.001000
0.001000,0.263690,0.445622,0.001000,0.001000
0.467477,0.196026,0.764634,0.466228,0.001000
1.000000,0.207826,1.000000,0.558341,0.001000
0.103380,0.001000,1.000000,0.085117,1.000000
0.863069,0.089942,1.000000,0.001000,1.000000
1.000000,0.905312,0.733730,0.470542,0.001000
0.646352,0.070083,1.000000,0.843692,0.001000
0.643236,1.000000,1.000000,0.061739,1.000000
1.000000,0.001000,1.000000,0.001000,0.530234
0.001000,0.435543,1.000000,0.001000,1.000000
1.000000,0.280339,0.514128,0.527442,0.001000
0.448537,0.001000,1.000000,0.333843,0.385351
1.000000,1.000000,0.753093,0.001000,0.376680
0.001000,0.375852,0.422623,0.001000,0.001000
0.926346,0.466072,1.000000,0.001000,0.001000
1.000000,0.648645,0.171257,1.000000,0.001000
0.942361,0.615170,1.000000,0.001000,0.284017
1.000000,1.000000,0.021488,1.000000,0.075720
0.001000,0.181982,1.000000,0.893657,0.851215
1.000000,1.000000,0.663362,0.001000,0.476601
1.000000,0.001000,1.000000,0.001000,1.000000
0.828411,0.033390,0.706259,0.001000,0.001000
1.000000,0.001000,1.000000,1.000000,0.915521
0.991386,0.001000,0.944016,0.001000,1.000000
0.323283,0.001000,1.000000,0.577435,0.001000
1.000000,0.467191,0.001000,0.280692,0.001000
0.287440,0.509669,1.000000,0.001000,0.001000
1.000000,0.999468,0.404355,0.001000,1.000000
0.621208,0.957072,0.707230,0.001000,1.000000
0.497341,0.001000,1.000000,1.000000,0.001000
0.001000,0.001000,1.000000,1.000000,0.753528
1.000000,0.982169,1.000000,1.000000,0.001000
1.000000,0.495110,1.000000,0.001000,0.001000
0.355550,1.000000,1.000000,0.001000,1.000000
0.975565,0.121000,1.000000,0.016887,0.001000
1.000000,1.000000,1.000000,0.550273,0.018376
0.753584,0.151458,1.000000,1.000000,1.000000
1.000000,1.000000,0.491754,0.315147,1.000000
0.001000,0.001000,0.471816,0.027684,1.000000
1.000000,0.696431,1.000000,1.000000,0.001000
0.113693,0.355823,1.000000,0.001000,0.001000
1.000000,0.001000,0.001000,0.001000,0.001000
0.001000,1.000000,1.000000,1.000000,0.001000
0.001000,0.047460,1.000000,1.000000,0.202843
1.000000,0.272192,0.001000,0.001000,0.001000
1.000000,0.525019,1.000000,0.300792,0.001000
0.881852,0.001000,1.000000,0.001000,0.710014
0.217189,0.579492,1.000000,1.000000,0.485228
1.000000,0.001000,1.000000,0.294712,0.173330
0.001000,1.000000,1.000000,1.000000,0.140281
0.108052,0.557411,1.000000,0.493639,0.831798
1.000000,1.000000,0.001000,0.479804,0.044582
1.000000,0.001000,0.001000,1.000000,1.000000
1.000000,0.893886,0.001000,1.000000,0.001000
0.663744,1.000000,1.000000,0.080825,0.001000
0.001000,0.746863,1.000000,0.001000,0.445428
0.449937,0.001000,0.001000,0.001000,0.113798
0.758814,1.000000,1.000000,0.001000,0.001000
1.000000,0.001000,1.000000,0.001000,0.001000
0.001000,0.055797,1.000000,0.001000,0.001000
1.000000,1.000000,1.000000,1.000000,0.915300
1.000000,1.000000,0.264295,1.000000,0.243003
1.000000,0.001000,0.694089,0.001000,0.001000
0.664589,1.000000,0.625130,0.001000,0.056653
1.000000,1.000000,1.000000,1.000000,1.000000
1.000000,0.673829,0.001000,0.933643,0.622912
0.001000,0.959840,1.000000,0.001000,0.001000
1.000000,1.000000,1.000000,0.001000,0.001000
1.000000,0.001000,1.000000,0.001000,0.719704
1.000000,1.000000,0.703578,0.220274,0.001000
0.001000,0.001000,1.000000,0.001000,1.000000
1.000000,0.001000,0.044150,0.001000,0.244666
1.000000,0.001000,1.000000,1.000000,0.001000
1.000000,0.001000,1.000000,0.001000,0.001000
0.001000,1.000000,0.548865,1.000000,1.000000
1.000000,0.001000,0.032315,0.001000,0.356049
0.857182,1.000000,1.000000,0.530112,0.001000
1.000000,0.001000,1.000000,1.000000,1.000000
0.636943,1.000000,1.000000,0.082416,0.398399
0.751187,0.001000,0.001000,0.277348,0.001000
0.761838,0.304847,1.000000,0.001000,0.001000
1.000000,1.000000,0.782724,0.001000,0.180943
0.638983,1.000000,0.253525,0.325639,1.000000
1.000000,0.001000,0.001000,1.000000,0.140488
1.000000,1.000000,0.528511,0.825561,1.000000
1.000000,0.840352,0.127259,1.000000,0.196300
1.000000,0.001000,0.195497,1.000000,0.001000
0.001000,0.001000,0.773395,0.001000,0.459969
0.982738,1.000000,0.979234,0.686424,0.001000
0.001000,0.001000,1.000000,0.598927,1.000000
0.001000,0.742927,1.000000,1.000000,0.001000
1.000000,0.001000,1.000000,0.001000,0.017270
0.001000,0.027114,1.000000,0.001000,0.227767
0.671285,0.209600,1.000000,0.001000,1.000000
1.000000,1.000000,1.000000,0.038798,0.317948
0.587132,0.001000,0.090027,0.451342,0.001000
1.000000,1.000000,1.000000,0.293251,1.000000
0.183534,1.000000,1.000000,1.000000,0.132482
0.767638,1.000000,1.000000,0.377312,0.673876
1.000000,0.759622,0.001000,0.000634,0.001000
1.000000,0.001000,1.000000,0.001000,0.001000
0.279967,0.001000,0.001000,0.578708,0.443882
1.000000,0.001000,1.000000,0.917915,0.001000
1.000000,0.884421,1.000000,0.894853,1.000000
0.001000,0.001000,0.001000,0.001000,0.001000
1.000000,1.000000,1.000000,1.000000,0.001000
1.000000,0.001000,0.566559,0.308451,0.221378
0.815655,0.001000,1.000000,0.001000,1.000000
1.000000,1.000000,1.000000,0.001000,0.001000
0.001000,1.000000,1.000000,0.001000,0.001000
1.000000,0.001000,1.000000,1.000000,1.000000
1.000000,0.537593,0.001000,1.000000,0.374808
0.001000,1.000000,1.000000,0.001000,0.760633
1.000000,1.000000,1.000000,0.001000,0.303057
1.000000,0.318480,1.000000,1.000000,0.676258
0.677167,1.000000,1.000000,0.001000,1.000000
1.000000,0.845809,0.869329,0.074450,0.470281
1.000000,0.055797,0.273714,0.454746,0.001000
1.000000,0.619281,0.001000,0.497582,0.001000
0.049859,0.001000,1.000000,0.494949,0.001000
1.000000,0.001000,0.899604,0.001000,0.018813
0.086385,1.000000,0.153206,1.000000,0.001000
0.001000,0.001000,1.000000,0.001000,0.001000
1.000000,0.232669,1.000000,0.001000,1.000000
1.000000,1.000000,0.501462,1.000000,0.358481
1.000000,0.001000,0.737287,1.000000,0.469735
0.278931,1.000000,0.633511,1.000000,1.000000
0.632037,1.000000,1.000000,0.001000,0.001000
0.001000,0.001000,1.000000,0.525990,0.856772
1.000000,0.001000,1.000000,0.771874,0.001000
1.000000,0.802913,0.978651,0.031481,0.264241
0.353644,0.120681,1.000000,0.251215,0.857937
1.000000,0.439286,0.005776,1.000000,0.001000
0.263630,0.001000,1.000000,1.000000,1.000000
0.001000,1.000000,0.338512,1.000000,0.001000
0.220207,1.000000,1.000000,0.001000,0.186166
1.000000,0.273928,0.409044,1.000000,1.000000
1.000000,0.158095,1.000000,0.178175,0.349841
1.000000,1.000000,0.482359,0.563777,1.000000
0.767567,0.001000,1.000000,0.447878,0.001000
0.420202,0.001000,1.000000,0.001000,0.131287
0.653126,0.024822,0.001000,0.001000,0.137067
0.001000,0.150133,1.000000,1.000000,0.836359
0.001000,0.588332,0.001000,0.001000,0.001000
0.879295,1.000000,0.001000,1.000000,0.001000
1.000000,1.000000,0.523049,0.463781,0.927240
0.320618,0.214053,1.000000,0.493043,0.001000
0.834176,0.214909,0.934683,0.001000,1.000000
0.680772,0.566957,0.844232,0.001000,0.074854
1.000000,0.332598,1.000000,0.001000,0.001000
1.000000,0.001000,0.663067,0.001000,0.001000
0.926532,0.001000,0.364438,0.500896,0.682065
1.000000,0.633726,0.001000,0.001000,0.583422
0.037660,0.230573,1.000000,0.001000,1.000000
1.000000,0.001000,1.000000,0.001000,0.547547
1.000000,1.000000,1.000000,0.001000,1.000000
0.392968,0.467311,1.000000,0.519299,0.001000
0.768144,0.258207,1.000000,0.001000,0.001000
0.001000,0.436053,1.000000,0.001000,0.001000
1.000000,0.627487,0.144659,0.809471,1.000000
1.000000,0.001000,1.000000,0.001000,0.459954
0.001000,1.000000,1.000000,0.878729,0.714607
1.000000,1.000000,0.794882,0.327394,0.954135
1.000000,1.000000,1.000000,0.565318,0.001000
1.000000,1.000000,1.000000,0.001000,0.232663
1.000000,0.001000,0.001000,1.000000,0.811639
1.000000,1.000000,0.998637,1.000000,0.334172
0.001000,0.253299,1.000000,0.171387,0.001000
1.000000,0.379471,0.001000,0.156264,1.000000
1.000000,0.370663,0.822899,0.001000,0.204809
1.000000,0.479908,1.000000,0.290008,0.001000
0.456887,1.000000,0.298809,0.001000,0.203663
0.001000,0.001000,0.762949,0.348725,0.016584
0.001000,0.001000,1.000000,0.695793,0.001000
0.934995,1.000000,0.307604,0.001000,0.318965
0.001000,0.251095,0.277416,0.001000,0.001000
1.000000,1.000000,1.000000,0.001000,0.961230
1.000000,0.357521,1.000000,0.997414,0.001000
1.000000,0.468663,1.000000,0.001000,0.001000
1.000000,0.845174,1.000000,0.514174,0.001000
1.000000,0.001000,0.532026,1.000000,1.000000
0.085215,0.001000,0.964824,0.001000,1.000000
0.001000,0.001000,1.000000,0.001000,0.189915
1.000000,0.001000,0.110098,0.347819,1.000000
1.000000,0.248307,0.001000,1.000000,1.000000
0.040015,1.000000,1.000000,0.001000,0.121989
0.417375,0.555933,0.001000,0.843394,0.001000
0.001000,1.000000,0.662376,0.308669,1.000000
1.000000,1.000000,0.580655,0.001000,0.610483
1.000000,0.001000,0.073986,0.467468,1.000000
0.695835,0.807053,0.886530,0.001000,1.000000
0.423478,0.653057,0.900108,0.001000,0.001000
0.126640,1.000000,1.000000,0.928167,0.001000
0.470946,0.870523,0.484753,0.001000,0.161285
0.727505,0.494495,1.000000,0.001000,0.762774
0.732053,0.142634,1.000000,1.000000,0.872227
0.001000,0.547040,0.168220,0.887235,0.481203
0.001000,0.512010,0.001000,0.154383,0.504292
1.000000,0.630316,1.000000,0.001000,1.000000
0.001000,0.001000,1.000000,0.190209,0.879316
0.001000,0.001000,0.323029,0.364771,0.654740
1.000000,0.511490,1.000000,1.000000,0.001000
0.193385,0.710591,1.000000,0.506364,0.590073
0.066394,1.000000,0.001000,0.640385,0.851852
1.000000,0.211704,1.000000,0.001000,0.001000
1.000000,1.000000,0.166306,1.000000,0.001000
0.001000,0.978917,0.392921,0.001000,0.903863
0.919622,1.000000,0.076980,0.001000,0.401793
1.000000,0.001000,1.000000,0.001000,0.462951
0.001000,1.000000,1.000000,0.001000,1.000000
0.449052,0.001000,1.000000,0.142180,0.482098
1.000000,1.000000,0.631007,0.001000,0.001000
0.781543,0.001000,0.001000,1.000000,0.001000
0.070160,0.336250,1.000000,0.001000,0.686474
0.284268,0.001000,0.001000,1.000000,0.731960
0.850361,0.528006,1.000000,1.000000,1.000000
0.580502,1.000000,1.000000,0.001000,0.259207
0.001000,0.751451,1.000000,0.001000,1.000000
0.191150,0.001000,1.000000,0.001000,0.001000
0.554363,0.001000,0.001000,0.218496,0.001000
1.000000,0.486521,1.000000,0.001000,0.289022
0.001000,0.001000,1.000000,0.354199,1.000000
1.000000,0.343858,0.786051,1.000000,0.145179
0.988463,1.000000,1.000000,0.001000,0.001000
1.000000,0.001000,0.216973,1.000000,0.001000
0.001000,0.606517,1.000000,0.104244,1.000000
0.607706,1.000000,1.000000,1.000000,0.624419
0.001000,0.626580,0.118379,0.001000,0.001000
0.119331,0.001000,0.373220,0.001000,0.290441
1.000000,0.001000,0.526570,0.748535,0.572183
0.001000,0.001000,0.649164,0.001000,0.001000
1.000000,0.288853,0.467088,0.001000,0.001000
1.000000,1.000000,0.576366,0.419861,0.001000
1.000000,1.000000,0.001000,0.001000,0.001000
1.000000,0.001000,1.000000,0.001000,0.001000
0.903136,0.086079,1.000000,1.000000,0.798650
0.050692,0.001000,1.000000,0.635203,1.000000
1.000000,0.575528,1.000000,0.001000,1.000000
1.000000,1.000000,1.000000,0.599233,0.001000
1.000000,0.001000,1.000000,0.314755,0.405648
1.000000,1.000000,0.945625,0.467307,0.760856
1.000000,0.001000,0.191354,0.001000,0.408228
0.016233,0.778869,1.000000,0.560774,0.105823
0.001000,0.001000,1.000000,0.978325,0.001000
1.000000,0.001000,0.326899,1.000000,0.243452
0.059380,1.000000,0.001000,0.001000,0.001000
0.422760,0.553899,0.413164,1.000000,1.000000
0.001000,1.000000,1.000000,0.836966,1.000000
0.241701,1.000000,1.000000,0.253708,0.433534
1.000000,1.000000,0.001000,0.001000,0.001000
0.005360,0.274564,0.001000,0.001000,0.444234
1.000000,0.001000,0.791245,0.001000,0.001000
1.000000,1.000000,0.001000,0.346977,0.001000
1.000000,1.000000,0.261322,0.027859,0.309676
1.000000,1.000000,0.001000,0.001000,0.001000
0.462053,1.000000,0.001000,0.967725,0.001000
1.000000,0.313233,1.000000,0.001000,0.418710
0.424279,0.330159,0.001000,0.778858,1.000000
0.799971,0.241738,1.000000,1.000000,1.000000
1.000000,0.062316,0.547716,0.801943,1.000000
1.000000,0.460621,1.000000,1.000000,0.832411
0.968618,1.000000,1.000000,0.001000,0.001000
0.840339,0.001000,1.000000,1.000000,0.390585
1.000000,1.000000,0.750347,1.000000,0.452564
1.000000,1.000000,1.000000,0.001000,0.643138
0.001000,0.490805,0.773348,1.000000,0.001000
0.870908,0.001000,0.432194,0.966926,1.000000
1.000000,1.000000,0.444511,0.721459,1.000000
0.253618,1.000000,1.000000,0.001000,0.261510
0.360353,1.000000,0.843496,0.148868,0.001000
0.001000,0.448232,1.000000,0.001000,1.000000
0.268883,0.635769,0.001000,0.001000,0.970204
0.397911,1.000000,1.000000,0.771942,0.077198
0.863189,1.000000,0.732738,1.000000,0.001000
0.001000,0.801069,0.541348,0.001000,0.799171
0.001000,0.001000,0.410544,0.001000,1.000000
0.500186,0.666817,1.000000,0.235483,0.001000
0.830321,1.000000,0.001000,0.001000,0.998984
1.000000,0.767136,0.848960,0.147356,0.915161
0.830947,1.000000,0.001000,0.793480,0.217928
1.000000,0.001000,1.000000,0.001000,1.000000
1.000000,0.001000,1.000000,0.001000,1.000000
0.548413,0.623548,0.001000,0.818375,0.337571
1.000000,0.374957,0.610851,0.874348,0.507834
0.745471,1.000000,1.000000,1.000000,0.064068
1.000000,0.001000,1.000000,0.765855,1.000000
1.000000,0.001000,0.468599,0.343989,0.001000
0.159604,1.000000,0.973150,0.922598,0.001000
0.813145,0.001000,1.000000,0.001000,0.001000
0.964246,0.001000,0.207995,0.544395,0.840119
1.000000,0.001000,0.502623,0.001000,1.000000
1.000000,0.001000,0.001000,0.001000,0.186672
0.001000,1.000000,1.000000,0.001000,1.000000
1.000000,1.000000,0.001000,0.001000,0.001000
1.000000,0.450060,1.000000,0.001000,0.001000
1.000000,1.000000,0.654746,0.001000,0.001000
1.000000,0.001000,1.000000,1.000000,0.614414
1.000000,0.164882,1.000000,0.418541,1.000000
1.000000,0.001000,0.005343,0.001000,0.389024
0.301834,0.426578,1.000000,0.001000,0.338966
0.592511,1.000000,1.000000,0.001000,0.001000
1.000000,0.783218,1.000000,1.000000,0.001000
1.000000,0.001000,0.234152,1.000000,0.802988
1.000000,0.001000,0.507514,0.256069,1.000000
0.119295,0.001000,1.000000,0.394409,0.617216
1.000000,1.000000,0.482895,0.001000,0.001000
1.000000,1.000000,1.000000,1.000000,0.078754
0.001000,0.001735,0.102869,0.001000,0.001000
1.000000,1.000000,0.697222,0.001000,0.001000
0.578838,1.000000,1.000000,0.001000,0.281635
1.000000,0.325086,0.026983,0.031437,1.000000
0.017118,0.001000,1.000000,0.533620,0.312117
1.000000,0.001000,1.000000,1.000000,1.000000
1.000000,0.257045,1.000000,0.001000,1.000000
0.001000,0.416355,1.000000,0.628264,0.001000
1.000000,0.592981,0.001000,0.328484,0.116178
0.883040,0.683252,0.001000,0.001000,0.768107
1.000000,0.858548,0.001000,0.001000,0.001000
1.000000,1.000000,1.000000,0.001000,0.739293
0.264326,0.011763,0.996237,0.001000,0.378599
1.000000,1.000000,1.000000,1.000000,0.001000
0.291086,0.001000,1.000000,0.001000,0.675986
0.001000,0.589359,1.000000,0.166621,0.001000
1.000000,0.001000,0.001000,0.526023,1.000000
0.723624,1.000000,0.001000,0.001000,0.278151
0.001000,1.000000,1.000000,0.001000,0.001000
0.001000,0.568521,0.001000,0.279316,1.000000
1.000000,1.000000,1.000000,0.046448,0.772284
1.000000,1.000000,1.000000,1.000000,0.001000
0.133415,0.001000,1.000000,0.001000,1.000000
0.900376,0.001000,0.001000,1.000000,0.001000
0.400259,1.000000,1.000000,0.001000,0.358507
0.364501,0.001000,0.608549,0.170203,0.188214
1.000000,1.000000,1.000000,0.333442,0.001000
1.000000,0.001000,1.000000,0.001000,0.617988
1.000000,0.433348,0.209580,0.001000,1.000000
1.000000,1.000000,0.001000,0.001000,0.501018
0.600273,0.001000,1.000000,0.001000,1.000000
1.000000,0.001000,1.000000,0.074682,0.001000
1.000000,0.353811,0.001000,1.000000,1.000000
1.000000,1.000000,0.129389,0.603924,1.000000
1.000000,0.001000,0.723625,0.603918,0.001000
1.000000,0.484588,1.000000,1.000000,1.000000
0.001000,0.348918,0.242254,0.001000,0.722195
1.000000,0.001000,1.000000,0.001000,0.827950
1.000000,1.000000,1.000000,0.001000,1.000000
1.000000,0.185636,0.001000,0.001000,1.000000
1.000000,0.868458,0.448864,0.001000,0.001000
1.000000,0.791203,0.639026,0.001000,1.000000
1.000000,1.000000,0.151037,0.001000,0.001000
0.654842,0.750016,0.001000,0.001000,0.288168
0.998433,0.867019,0.001000,0.001000,1.000000
1.000000,1.000000,0.502216,1.000000,0.361776
0.001000,0.838552,0.465410,0.001000,1.000000
0.781779,1.000000,1.000000,0.001000,0.039522
1.000000,0.652256,1.000000,0.001000,0.001000
1.000000,0.001000,1.000000,1.000000,1.000000
0.763306,1.000000,1.000000,0.001000,1.000000
1.000000,0.871510,1.000000,1.000000,0.001000
0.325917,0.001000,0.948839,1.000000,0.365044
0.131552,0.802012,0.536020,0.001000,0.001000
1.000000,0.001000,0.001000,1.000000,0.462874
0.587658,0.183405,1.000000,0.001000,0.369463
1.000000,0.001000,1.000000,1.000000,0.001000
1.000000,0.599853,0.676901,0.001000,0.546353
1.000000,0.001000,1.000000,0.593620,0.001000
1.000000,0.001000,1.000000,0.001000,0.001000
0.001000,0.595302,0.770541,0.001000,0.617659
1.000000,1.000000,0.825384,0.001000,0.001000
1.000000,0.245394,1.000000,0.001000,0.215414
0.978354,1.000000,1.000000,0.001000,1.000000
1.000000,0.787221,1.000000,0.644415,1.000000
0.299860,0.316845,0.025443,0.134830,0.031986
0.437020,0.001000,1.000000,0.001000,1.000000
0.001000,0.001000,1.000000,0.409371,0.186494
0.001000,0.904102,1.000000,0.001000,1.000000
1.000000,1.000000,0.001000,0.001000,0.001000
1.000000,1.000000,1.000000,1.000000,0.584663
1.000000,1.000000,1.000000,0.001000,0.037202
0.167147,0.001000,1.000000,0.001000,0.001000
1.000000,0.682392,0.311783,0.731326,1.000000
1.000000,1.000000,0.472543,0.001000,0.623336
0.001000,0.001000,1.000000,0.001000,0.001000
1.000000,0.001000,0.367158,0.001000,1.000000
1.000000,0.788352,1.000000,0.001000,1.000000
1.000000,0.001000,0.183878,0.001000,0.039180
1.000000,1.000000,0.001000,0.001000,0.001000
1.000000,0.001000,0.791137,0.001000,0.165174
0.607740,0.739013,1.000000,1.000000,0.476426
0.001000,0.916815,0.001000,0.170372,0.001000
1.000000,1.000000,1.000000,0.001000,1.000000
1.000000,1.000000,1.000000,0.001000,0.950404
1.000000,0.001000,1.000000,0.293684,0.025452
0.830406,0.001000,1.000000,0.001000,0.940813
1.000000,0.001000,1.000000,0.001000,1.000000
0.020196,0.001000,1.000000,0.001000,0.754106
0.586386,1.000000,1.000000,0.545817,0.001000
1.000000,0.001000,1.000000,0.001000,0.001000
1.000000,0.001000,0.001000,0.001000,0.001000
1.000000,0.939897,1.000000,0.001000,0.001000
1.000000,0.001000,0.001000,0.001000,1.000000
0.535495,0.001000,1.000000,0.479998,0.001000
1.000000,1.000000,0.001000,1.000000,0.083288
0.537166,1.000000,1.000000,0.001000,0.001000
1.000000,1.000000,1.000000,0.001000,0.150948
1.000000,0.001000,1.000000,1.000000,0.777177
1.000000,0.001000,1.000000,0.001000,1.000000
0.511930,1.000000,0.724014,0.001000,0.048982
0.037315,1.000000,0.691950,1.000000,1.000000
0.641172,1.000000,0.607998,0.876807,0.151131
0.960172,1.000000,1.000000,1.000000,1.000000
1.000000,0.116186,0.454766,0.344970,0.001000
0.001000,0.085257,1.000000,0.001000,0.399252
0.001000,0.001000,0.688532,0.909230,0.292130
1.000000,1.000000,1.000000,1.000000,0.949736
0.001000,0.319348,0.001000,0.350362,0.001000
0.460867,0.001000,0.771528,0.001000,0.001000
1.000000,1.000000,1.000000,0.001000,0.001000
0.001000,0.833333,1.000000,1.000000,1.000000
0.694065,1.000000,1.000000,0.001000,1.000000
1.000000,0.161803,0.517940,1.000000,0.103781
1.000000,0.001000,1.000000,0.595588,1.000000
0.901657,0.001000,1.000000,0.841504,0.001000
0.571034,0.001000,1.000000,0.001000,0.978336
0.771835,1.000000,0.602353,0.001000,1.000000
0.635561,0.262383,1.000000,0.001000,0.001000
1.000000,1.000000,0.417397,0.001000,0.695526
0.158321,1.000000,1.000000,0.050872,1.000000
1.000000,1.000000,0.845781,0.001000,0.001000
0.104001,0.164084,1.000000,0.354372,0.012598
1.000000,0.206612,0.021924,0.001000,0.086001
1.000000,0.926342,1.000000,0.001000,0.107152
1.000000,0.181125,1.000000,0.001000,0.553067
0.599024,0.952686,1.000000,0.001000,1.000000
0.934620,1.000000,1.000000,0.001000,0.001000
0.001000,1.000000,1.000000,0.687404,1.000000
0.425495,0.001000,1.000000,0.001000,1.000000
1.000000,0.001000,1.000000,0.001000,0.001000
0.020159,1.000000,0.539847,0.569831,1.000000
0.847082,0.701517,0.091884,1.000000,0.477121
1.000000,0.717807,1.000000,0.001000,0.042452
0.998334,0.001000,1.000000,0.001000,1.000000
0.786711,1.000000,0.695960,1.000000,1.000000
1.000000,1.000000,1.000000,0.001000,1.000000
1.000000,0.502671,1.000000,0.001000,0.001000
1.000000,1.000000,1.000000,0.810502,0.698518
1.000000,1.000000,1.000000,0.464736,0.904894
1.000000,0.892832,0.001000,0.001000,1.000000
0.001000,1.000000,0.968559,1.000000,0.360565
0.841324,0.001000,1.000000,0.129183,0.315643
1.000000,0.047786,0.001000,0.793605,0.001000
1.000000,0.070236,0.001000,0.606490,0.218815
0.445501,1.000000,0.001000,0.655028,0.001000
1.000000,0.845457,1.000000,0.001000,0.181013
1.000000,0.152679,0.001000,0.001000,0.377039
1.000000,0.783171,0.188781,0.001000,1.000000
1.000000,0.817845,0.001000,0.417449,0.001000
1.000000,1.000000,0.001000,0.802139,0.001000
1.000000,1.000000,1.000000,0.057096,0.547230
1.000000,0.687389,1.000000,0.766964,1.000000
0.665324,0.001000,0.914402,0.664841,1.000000
1.000000,1.000000,1.000000,0.001000,1.000000
0.001000,0.001000,1.000000,0.287939,0.603466
0.008662,1.000000,0.981072,0.001000,0.001000
0.600899,0.366579,0.795049,0.798887,0.921507
0.892471,1.000000,1.000000,1.000000,0.236950
1.000000,1.000000,0.001000,0.001000,0.001000
0.001000,0.710262,0.090115,0.001000,0.453794
1.000000,0.001000,0.309517,1.000000,0.893589
1.000000,0.393847,0.001000,0.669235,1.000000
1.000000,1.000000,0.959142,0.294879,0.336568
0.884239,0.829186,1.000000,0.001000,0.001000
0.001000,0.363859,0.267322,0.001000,0.195493
1.000000,0.133064,0.001000,0.827709,1.000000
1.000000,0.001000,0.483031,0.073949,1.000000
0.001000,0.926711,1.000000,0.417666,0.001000
0.389444,1.000000,0.152146,0.001000,0.539819
0.001000,0.781897,1.000000,0.001000,0.154327
0.001000,0.519676,0.120842,0.001000,0.813628
0.001000,0.001000,1.000000,0.187934,0.001000
0.001000,1.000000,1.000000,0.001000,0.001000
1.000000,0.199834,0.964014,1.000000,0.623079
1.000000,0.820808,0.478557,1.000000,0.001000
0.535339,0.312785,1.000000,1.000000,0.001000
1.000000,0.346727,0.001000,1.000000,0.210284
0.001000,0.767310,0.549023,0.232009,1.000000
0.420266,1.000000,1.000000,0.001000,0.713518
0.985339,0.552027,0.001000,0.738310,0.224366
1.000000,1.000000,0.725795,0.001000,1.000000
0.404197,1.000000,1.000000,0.001000,0.001000
0.001000,0.001000,1.000000,0.638900,0.001000
1.000000,1.000000,0.063544,0.577525,0.306372
0.999930,0.512451,1.000000,0.001000,1.000000
1.000000,1.000000,1.000000,0.001000,1.000000
1.000000,0.992299,1.000000,0.310639,0.001000
1.000000,1.000000,0.001000,0.001000,0.740109
0.725929,0.001000,1.000000,1.000000,0.001000
0.001000,1.000000,1.000000,0.124184,1.000000
0.463459,1.000000,0.603069,0.001000,0.416710
0.551744,0.100727,0.087100,1.000000,1.000000
0.001000,1.000000,1.000000,0.511686,0.001000
0.001000,0.338109,1.000000,0.409977,0.388179
1.000000,1.000000,1.000000,1.000000,0.001000
1.000000,0.189064,0.001000,1.000000,1.000000
1.000000,0.290488,0.552482,0.001000,0.001000
0.565506,1.000000,0.570688,0.001000,0.001000
1.000000,1.000000,1.000000,0.818860,0.001000
0.001000,1.000000,0.001000,0.001000,0.912266
1.000000,0.381430,0.959932,0.001000,0.974638
0.376529,1.000000,0.617086,0.001000,0.067719
0.001000,0.001000,1.000000,0.239468,0.001000
1.000000,0.001000,0.810172,0.001000,1.000000
1.000000,1.000000,0.504342,0.001000,1.000000
1.000000,1.000000,0.896473,0.001000,0.788655
0.001000,1.000000,0.541703,0.124472,0.520192
1.000000,0.908329,1.000000,0.245353,0.001000
0.743154,0.940413,0.001000,0.916167,0.821718
0.317205,1.000000,0.230417,0.134891,0.551901
1.000000,0.001000,1.000000,0.001000,0.001000
1.000000,0.001000,0.571898,0.514053,0.001000
0.555115,0.396765,0.001000,0.001000,0.974969
1.000000,0.681659,1.000000,0.392157,1.000000
0.001000,0.001000,0.001000,0.001000,0.123765
0.001000,0.283381,0.678954,0.001000,0.105626
0.794475,0.001000,1.000000,1.000000,0.536727
1.000000,0.053304,1.000000,0.826525,0.422816
0.967423,0.248180,1.000000,0.224288,1.000000
1.000000,0.001000,0.001000,0.714244,0.001000
0.001000,0.332674,0.623839,0.289887,0.611794
0.459158,0.111979,1.000000,0.411207,1.000000
1.000000,1.000000,0.842508,0.315474,0.953441
0.966790,0.080068,0.001000,0.001000,0.001000
1.000000,1.000000,1.000000,0.001000,0.375912
0.944000,0.001000,0.014142,0.001000,0.001000
1.000000,0.001000,1.000000,0.990367,0.001000
0.669846,0.001000,1.000000,0.001000,0.768695
0.999841,1.000000,0.491850,0.196053,0.001000
1.000000,0.765403,0.898631,0.001000,0.802326
0.001000,1.000000,1.000000,0.001000,0.303927
1.000000,1.000000,0.001000,0.001000,0.416099
1.000000,1.000000,0.016628,0.001000,1.000000
0.081441,0.001000,1.000000,0.001000,0.478627
0.494647,0.236519,1.000000,0.279331,0.278369
1.000000,0.220431,0.739102,0.001000,0.001000
1.000000,0.110746,0.393556,1.000000,0.547385
0.001000,1.000000,1.000000,0.001000,0.766215
0.654579,1.000000,0.549530,0.001000,0.001000
1.000000,1.000000,0.001000,0.509575,0.001000
0.001000,0.001000,1.000000,0.699986,1.000000
0.001000,0.799579,1.000000,0.506555,0.475191
1.000000,0.001000,1.000000,0.003139,0.388208
1.000000,1.000000,1.000000,0.983181,0.001000
1.000000,0.001000,1.000000,0.376624,1.000000
1.000000,1.000000,1.000000,0.001000,0.555073
1.000000,1.000000,0.360748,0.001000,1.000000
1.000000,0.001000,1.000000,0.001000,0.001000
1.000000,0.382983,0.001000,1.000000,0.001000
1.000000,1.000000,0.490115,0.001000,0.163022
1.000000,0.026120,0.235235,0.202452,0.001000
0.739359,1.000000,0.107362,0.542557,0.903295
0.926284,1.000000,1.000000,0.001000,0.001000
0.998064,0.843323,1.000000,0.001000,0.351028
1.000000,0.937994,1.000000,0.001000,0.001000
1.000000,0.001000,0.636192,1.000000,0.582241
0.001000,0.001000,1.000000,1.000000,0.001000
0.428795,0.651581,1.000000,0.001000,0.001000
0.001000,0.001000,1.000000,0.001000,0.038423
0.572907,0.236771,1.000000,0.001000,1.000000
1.000000,1.000000,1.000000,0.196123,0.175324
0.877856,0.331557,1.000000,0.001000,0.001000
0.001000,1.000000,1.000000,0.001000,0.001000
0.763834,0.472690,1.000000,0.001000,0.244258
1.000000,0.001000,0.229232,0.828912,0.001000
0.001000,0.001000,1.000000,0.001000,0.001000
1.000000,0.544793,0.001000,0.001000,1.000000
1.000000,0.707983,1.000000,0.001000,0.465543
1.000000,0.297215,0.001000,0.001000,0.001000
1.000000,0.195984,1.000000,0.001000,1.000000
1.000000,0.368706,1.000000,1.000000,0.812879
0.463456,0.878995,0.884884,1.000000,1.000000
0.001000,0.478342,1.000000,0.001000,0.884169
1.000000,0.001000,0.571057,0.001000,1.000000
0.884660,0.001000,1.000000,0.001000,0.203929
1.000000,1.000000,0.323272,1.000000,0.001000
1.000000,0.464821,1.000000,0.508892,1.000000
1.000000,0.091586,0.001000,1.000000,0.206314
1.000000,0.001000,1.000000,1.000000,0.588902
1.000000,0.001000,0.405826,0.001000,0.812549
0.001000,0.001000,1.000000,0.712856,0.001000
1.000000,0.632970,0.271291,0.001000,0.001000
0.001000,0.829938,1.000000,0.499074,0.001000
1.000000,1.000000,1.000000,0.001000,1.000000
0.001000,0.383578,1.000000,0.782535,0.938037
1.000000,0.906706,1.000000,1.000000,0.001000
0.297765,1.000000,1.000000,1.000000,1.000000
0.089528,0.097419,1.000000,0.001000,1.000000
0.959872,0.001000,0.001000,1.000000,0.163534
1.000000,0.597246,1.000000,0.001000,0.591792
0.001000,0.862059,0.008498,0.001000,1.000000
1.000000,0.001000,1.000000,0.001000,1.000000
1.000000,0.837326,0.710653,0.001000,0.001000
0.868003,0.001000,0.001000,0.471211,0.816454
