0.620445,0.478543,0.628225,0.468081,0.504472,0.505810,0.535998,0.637982,0.602513,0.530992
0.729908,0.001000,0.701278,1.000000,0.521083,1.000000,0.700594,1.000000,1.000000,0.973216
1.000000,0.001000,0.001000,0.568192,0.001000,0.867320,0.062526,0.194136,0.356475,1.000000
0.192828,0.400555,0.192572,1.000000,1.000000,0.200717,0.001000,0.865886,1.000000,1.000000
1.000000,0.001000,0.214776,0.001000,0.001000,1.000000,1.000000,1.000000,0.680430,0.722081
0.418470,0.065467,0.130021,0.001000,0.710796,0.485769,0.001000,1.000000,0.001000,1.000000
1.000000,1.000000,0.837139,0.271476,0.223278,0.306029,0.339961,0.211602,0.001000,1.000000
0.352087,0.998233,0.082483,0.320459,1.000000,0.001000,1.000000,0.253339,1.000000,0.528541
0.911729,0.001000,0.001000,0.802605,1.000000,1.000000,0.001000,0.666846,0.704461,0.001000
1.000000,0.001000,0.001000,0.001000,0.001000,0.001000,1.000000,1.000000,0.113484,1.000000
0.001000,0.955620,1.000000,1.000000,0.001000,0.009266,0.001000,1.000000,0.311803,0.001000
0.001000,1.000000,0.001000,1.000000,0.001000,0.657864,1.000000,0.608015,0.770682,0.686156
0.399361,1.000000,0.937506,0.001000,1.000000,0.957079,0.001000,0.001000,0.952263,1.000000
0.001000,0.001000,0.001000,0.643403,0.076659,1.000000,1.000000,0.154454,1.000000,0.001000
0.001000,0.001000,1.000000,0.124102,1.000000,1.000000,0.001000,0.001000,0.001000,0.548609
0.657719,1.000000,0.867138,1.000000,1.000000,0.972939,0.001000,0.767559,0.001000,1.000000
1.000000,0.001000,0.886096,0.001000,0.001000,1.000000,0.584105,1.000000,0.001000,0.072635
0.998130,0.795575,0.640552,1.000000,1.000000,0.316577,0.827967,0.863219,0.851627,0.379943
0.160717,0.862084,0.236540,1.000000,1.000000,0.264946,0.450198,0.001000,0.040443,1.000000
0.001000,1.000000,0.442101,0.460129,0.001000,1.000000,0.965476,1.000000,0.724994,0.001000
0.001000,0.001000,0.734025,0.063582,0.001000,0.604387,0.564904,0.678931,1.000000,0.145854
1.000000,0.867599,1.000000,1.000000,0.809199,1.000000,1.000000,0.001000,0.151726,0.753794
0.440030,0.001000,0.044633,0.811765,1.000000,1.000000,1.000000,1.000000,1.000000,1.000000
1.000000,0.001000,0.609908,0.037914,1.000000,1.000000,0.001000,0.001000,0.001000,1.000000
0.457944,0.449488,0.001000,0.001000,0.001000,0.605311,1.000000,0.354115,1.000000,0.001000
0.105079,0.693023,0.583289,1.000000,0.001000,1.000000,0.716392,0.001000,1.000000,0.001000
0.001000,0.288144,1.000000,1.000000,0.001000,0.001000,1.000000,1.000000,0.001000,0.284789
1.000000,0.001000,0.414031,0.420673,1.000000,1.000000,1.000000,0.701824,1.000000,0.001000
0.258550,0.006854,1.000000,0.001000,0.128020,0.390196,0.732761,1.000000,0.001000,1.000000
0.001000,0.001000,0.936305,1.000000,1.000000,1.000000,0.001000,0.001000,1.000000,0.259415
1.000000,0.146849,1.000000,0.001000,0.928718,0.001000,0.001000,0.001000,0.001000,0.439222
0.366608,0.491562,0.880908,0.001000,0.093882,0.001000,1.000000,0.001000,0.001000,1.000000
0.001000,1.000000,0.001000,0.180788,0.835149,0.001000,0.228641,0.001000,1.000000,1.000000
1.000000,0.874012,0.848265,0.001000,1.000000,0.567577,0.977471,0.230995,0.446666,0.494294
1.000000,0.237747,1.000000,0.524345,1.000000,1.000000,0.001000,0.186063,1.000000,0.944853
0.773922,1.000000,0.001000,0.166638,0.509869,0.001000,0.001000,1.000000,1.000000,0.392922
1.000000,0.001000,1.000000,0.776006,0.199200,0.001000,0.402739,0.274650,1.000000,1.000000
0.001000,1.000000,0.962544,1.000000,0.344874,0.232103,0.187618,0.162879,0.302424,0.122838
0.459641,0.001000,1.000000,0.492600,0.781839,0.001000,0.001000,0.001000,1.000000,0.667469
0.777171,1.000000,1.000000,0.227393,1.000000,1.000000,0.531322,1.000000,1.000000,0.004283
0.001000,0.001000,0.780529,0.595188,0.592779,0.001000,0.258283,0.153024,1.000000,1.000000
1.000000,1.000000,1.000000,0.001000,0.821638,1.000000,0.001000,0.767656,0.274576,0.965462
0.001000,1.000000,0.001000,0.001000,1.000000,1.000000,0.834071,1.000000,1.000000,0.001000
0.001000,1.000000,1.000000,0.719730,0.001000,0.001000,0.349165,0.661149,0.001000,1.000000
0.001000,0.001000,0.136851,0.001000,1.000000,0.001000,0.611842,0.988779,0.001000,0.287705
0.883273,0.001000,0.800652,1.000000,0.990619,0.001000,0.164757,1.000000,0.001000,0.559081
0.001000,1.000000,0.529029,1.000000,1.000000,0.001000,0.001000,0.092647,1.000000,1.000000
1.000000,0.492045,0.728295,0.473810,0.101607,0.001000,0.354575,0.402764,1.000000,1.000000
1.000000,0.671850,0.161505,1.000000,0.741047,0.001000,0.859736,1.000000,0.001000,0.789597
0.575327,1.000000,1.000000,1.000000,0.975479,0.247242,0.001000,1.000000,1.000000,0.001000
1.000000,1.000000,1.000000,1.000000,0.001000,0.001000,0.793489,0.677528,1.000000,1.000000
0.318060,0.316044,0.611273,1.000000,1.000000,0.382277,0.001000,0.393713,0.214126,1.000000
0.568425,1.000000,1.000000,1.000000,1.000000,1.000000,1.000000,0.394270,1.000000,1.000000
1.000000,0.488019,1.000000,0.759455,1.000000,1.000000,0.545377,0.765896,0.001000,1.000000
1.000000,0.333714,0.099836,0.486105,1.000000,0.016240,0.822508,0.704583,1.000000,0.001000
0.570863,1.000000,0.086519,0.996752,1.000000,0.652883,0.001000,1.000000,0.058708,0.001000
0.703148,0.001000,1.000000,1.000000,0.694615,1.000000,1.000000,1.000000,1.000000,0.415582
0.001000,0.001000,1.000000,0.001000,0.001000,0.001000,1.000000,0.497096,1.000000,1.000000
0.871454,0.309808,1.000000,1.000000,1.000000,0.677035,0.001000,0.867820,0.237642,0.897326
1.000000,1.000000,1.000000,0.218807,1.000000,1.000000,1.000000,1.000000,0.001000,1.000000
0.682933,0.001000,1.000000,0.001000,0.410939,0.927003,0.001000,0.883136,0.595511,0.165624
0.544949,0.001000,1.000000,0.001000,0.254267,0.037249,0.638009,0.001000,0.228991,1.000000
1.000000,0.461562,0.555902,0.001000,0.001000,0.082996,0.001000,1.000000,1.000000,1.000000
0.001000,1.000000,0.144509,0.001000,1.000000,0.095729,1.000000,0.001000,0.001000,1.000000
0.001000,0.001000,0.965061,0.523074,0.783738,0.001000,1.000000,0.001000,1.000000,0.950785
0.607482,0.456619,1.000000,1.000000,0.001000,1.000000,0.001000,1.000000,0.846351,0.077361
1.000000,0.001000,0.001000,0.001000,1.000000,0.001000,1.000000,0.001000,1.000000,0.001000
0.432347,0.323156,0.074117,1.000000,1.000000,0.001000,1.000000,0.001000,0.001000,1.000000
0.647481,1.000000,1.000000,0.001000,0.063066,1.000000,1.000000,0.907660,0.001000,0.523432
1.000000,0.001000,0.378376,1.000000,0.927165,0.001000,1.000000,0.261100,0.001000,0.001000
0.001000,0.885602,1.000000,0.001000,0.209035,0.583681,0.345973,0.171584,0.696630,0.001000
0.662410,0.947878,0.264035,1.000000,0.531111,0.205063,0.747812,0.001000,0.261583,1.000000
1.000000,1.000000,0.001000,0.001000,1.000000,0.292263,1.000000,1.000000,1.000000,1.000000
1.000000,0.001000,0.731800,0.903070,0.001000,0.786749,0.693992,0.001000,1.000000,0.187841
0.101519,1.000000,1.000000,0.468027,0.675994,0.001000,1.000000,0.001000,1.000000,1.000000
0.443721,0.748163,1.000000,1.000000,1.000000,1.000000,1.000000,1.000000,0.001000,1.000000
0.001000,1.000000,0.901152,0.954984,0.001000,1.000000,1.000000,0.285129,1.000000,1.000000
1.000000,1.000000,0.535545,0.474403,0.531120,0.001000,0.003119,0.723174,0.001000,0.172591
1.000000,1.000000,1.000000,0.001000,1.000000,0.795842,0.547429,0.838868,0.461208,0.001000
1.000000,0.001000,0.001000,0.001000,0.001000,0.851984,1.000000,1.000000,1.000000,0.001000
0.621210,0.001000,0.511648,1.000000,1.000000,1.000000,1.000000,0.001000,1.000000,0.197322
0.001000,0.394651,0.020106,0.001000,1.000000,0.001000,1.000000,0.421229,0.001000,1.000000
0.828065,0.455890,0.316982,0.001000,0.218041,0.001000,0.164818,0.252540,1.000000,0.204440
1.000000,1.000000,0.567370,0.001000,1.000000,0.080851,0.001000,0.020891,1.000000,1.000000
0.001000,0.001000,0.001000,0.435209,0.001000,0.999037,1.000000,0.722849,0.701514,0.001000
0.824553,0.001000,0.549552,0.712788,1.000000,1.000000,1.000000,0.570559,1.000000,1.000000
0.001000,1.000000,0.001000,1.000000,0.739219,0.949971,0.001000,0.524197,0.462739,0.979150
0.198724,0.467269,0.001000,1.000000,0.496996,0.001000,0.001000,0.645555,1.000000,1.000000
0.758546,0.001000,0.001000,1.000000,1.000000,1.000000,0.396219,1.000000,0.048796,1.000000
1.000000,0.001000,1.000000,1.000000,0.757992,0.001000,1.000000,0.001000,1.000000,0.753567
1.000000,0.738303,0.001000,1.000000,0.001000,1.000000,1.000000,0.001000,1.000000,0.711941
1.000000,1.000000,0.001000,0.001000,0.001000,0.691818,0.001000,0.609348,1.000000,0.001000
1.000000,0.001000,1.000000,0.319665,0.367205,1.000000,0.505768,1.000000,0.381281,0.001000
1.000000,0.001000,0.073636,1.000000,0.827923,1.000000,0.001000,0.001000,0.419873,0.026544
0.355143,1.000000,1.000000,0.001000,0.001000,0.260511,0.850150,1.000000,1.000000,1.000000
0.001000,1.000000,1.000000,0.708322,0.908697,1.000000,0.076878,0.001000,1.000000,0.645383
0.478287,0.735615,0.001000,1.000000,1.000000,0.047638,0.529252,1.000000,0.434204,1.000000
0.001000,1.000000,0.423851,0.185815,0.001000,1.000000,1.000000,0.355720,0.831677,0.503935
1.000000,1.000000,0.266056,1.000000,0.001000,0.001000,0.353654,0.140647,1.000000,1.000000
0.455889,1.000000,1.000000,0.001000,1.000000,0.750156,0.055629,0.058052,0.989264,1.000000
0.001000,0.001000,0.899431,1.000000,0.001000,0.001000,0.396264,0.179463,0.001000,1.000000
0.431371,0.001000,0.001000,0.001000,0.001000,1.000000,0.100314,1.000000,0.609089,0.001000
0.175479,0.001000,1.000000,0.001000,0.172384,0.174781,0.001000,0.001000,0.167976,0.820425
0.202603,0.795984,0.001000,0.560285,0.273637,0.270230,0.001000,1.000000,0.001000,1.000000
0.001000,0.001000,0.272828,1.000000,0.414898,1.000000,0.964961,0.001000,1.000000,1.000000
0.429474,0.001000,1.000000,0.973227,0.488570,0.001000,0.151030,0.627858,0.001000,0.428578
0.203943,0.001000,0.001000,0.840450,0.087436,1.000000,1.000000,0.001000,1.000000,0.500591
1.000000,1.000000,0.914962,1.000000,1.000000,0.001000,1.000000,1.000000,0.001000,0.444159
1.000000,0.132998,1.000000,1.000000,0.766422,1.000000,1.000000,1.000000,1.000000,0.622192
0.001000,0.001000,0.622506,0.569450,1.000000,0.836470,0.288657,0.001000,0.001000,0.468134
1.000000,0.416251,1.000000,0.001000,0.001000,0.001000,0.422708,0.004255,0.223010,0.001000
0.815460,1.000000,0.969748,0.001000,0.324754,0.001000,0.001000,0.190873,1.000000,0.286518
1.000000,0.843253,0.001000,0.651316,1.000000,0.001000,1.000000,0.554778,1.000000,0.056594
1.000000,0.544313,0.392584,0.046399,0.752348,0.001000,0.001000,0.001000,1.000000,1.000000
1.000000,0.001000,0.001000,1.000000,0.001000,1.000000,0.565393,0.027747,0.001000,0.210458
0.264841,0.001000,0.075603,0.001000,1.000000,1.000000,0.232320,1.000000,0.178665,0.253623
0.622641,0.133343,0.001000,0.451435,0.681918,0.001000,0.824040,1.000000,0.002325,0.256206
0.101131,0.001000,0.001000,0.246410,0.854149,0.354880,0.928993,0.371719,0.291217,0.910074
0.659183,1.000000,1.000000,1.000000,1.000000,0.282699,0.001000,1.000000,1.000000,0.146534
0.001000,0.001000,1.000000,0.845149,0.204275,0.846172,0.388554,0.882151,1.000000,0.596745
1.000000,0.349862,1.000000,0.001000,0.191510,0.325353,0.001000,0.991468,1.000000,0.461162
0.001000,0.728974,0.954958,1.000000,1.000000,1.000000,0.001000,1.000000,0.619946,1.000000
1.000000,0.001000,0.518826,0.030108,0.720883,0.001000,1.000000,0.341250,0.143670,0.001000
0.290307,1.000000,1.000000,1.000000,0.432943,0.001000,1.000000,0.001000,1.000000,0.001000
1.000000,1.000000,0.001000,1.000000,0.384365,0.485978,0.001000,1.000000,1.000000,0.001000
1.000000,1.000000,1.000000,0.001000,0.001000,0.001000,0.026601,0.555399,0.584097,0.001000
0.597072,0.806367,0.649906,1.000000,0.003963,1.000000,0.001000,0.001000,0.939464,1.000000
1.000000,0.105121,0.743674,0.398363,1.000000,0.001000,0.527529,0.001000,0.848230,0.001000
0.001000,0.410565,0.130606,1.000000,1.000000,1.000000,0.320656,1.000000,0.001000,1.000000
0.376081,1.000000,0.001000,0.001000,0.284550,1.000000,0.001000,0.367762,0.001000,0.001000
1.000000,0.001000,1.000000,1.000000,0.564749,0.061086,0.815845,0.340644,0.395909,1.000000
0.001000,1.000000,1.000000,1.000000,0.676194,1.000000,1.000000,0.421943,1.000000,0.898877
0.801280,0.001000,0.466021,1.000000,1.000000,0.001000,0.574465,1.000000,0.842554,0.207517
0.240688,0.001000,0.350814,0.001000,1.000000,0.001000,1.000000,1.000000,1.000000,1.000000
1.000000,0.001000,1.000000,1.000000,1.000000,1.000000,0.001000,0.001000,0.098026,0.001000
0.001000,0.001000,0.001000,1.000000,0.001000,1.000000,0.001000,0.001000,0.001000,0.153627
1.000000,1.000000,1.000000,1.000000,1.000000,0.167090,0.001000,1.000000,1.000000,1.000000
0.001000,0.001000,0.767061,0.629550,1.000000,0.344357,0.503632,0.041006,0.001000,0.001000
1.000000,1.000000,0.622881,0.388557,0.001000,1.000000,0.912287,0.997471,1.000000,1.000000
0.001000,0.338035,0.796890,0.001000,0.948480,0.025998,0.001000,0.001000,1.000000,1.000000
0.001000,0.816249,0.001000,0.001000,0.897598,1.000000,0.472295,0.001000,1.000000,0.001000
1.000000,0.737473,0.001000,0.001000,0.743445,1.000000,0.636177,0.458183,0.001000,0.001000
0.001000,0.001000,0.001000,1.000000,1.000000,1.000000,1.000000,1.000000,1.000000,0.001000
1.000000,0.225236,0.712679,1.000000,0.001000,0.001000,1.000000,0.048319,0.001000,0.134864
0.001000,1.000000,0.001000,1.000000,0.001000,0.001000,1.000000,0.589651,0.450409,0.255725
1.000000,1.000000,1.000000,1.000000,0.001000,0.998815,1.000000,0.724042,1.000000,0.001000
1.000000,0.001000,0.435560,1.000000,1.000000,0.001000,1.000000,0.961110,0.109755,0.188396
0.635040,0.001000,0.082958,1.000000,0.468734,0.018187,0.403957,1.000000,1.000000,0.726624
0.273759,0.001000,0.001000,0.001000,0.025481,1.000000,0.638266,0.462386,0.001000,0.001000
0.001000,1.000000,0.771177,0.998190,1.000000,0.161800,0.510840,0.915194,0.775841,0.358209
0.821721,0.260481,0.841992,1.000000,0.001000,1.000000,1.000000,1.000000,0.582000,1.000000
1.000000,0.935301,1.000000,0.001000,0.001000,1.000000,0.800738,0.820799,0.464485,1.000000
1.000000,1.000000,0.001000,0.142305,0.001000,0.042175,0.001000,1.000000,0.001000,1.000000
1.000000,0.102095,1.000000,0.862565,0.001000,1.000000,0.001000,0.148090,1.000000,0.001000
0.836803,1.000000,0.643730,0.708788,1.000000,0.001000,0.001000,1.000000,0.001000,0.001000
0.416724,0.007059,1.000000,0.001000,0.022066,1.000000,0.735562,0.679118,0.001000,0.531336
0.606708,0.001000,0.001000,0.001000,0.001000,0.001000,0.340411,0.869631,1.000000,0.445437
0.001000,0.837661,1.000000,0.001000,1.000000,0.152118,1.000000,0.888223,0.001000,0.701161
1.000000,0.671924,1.000000,0.446103,0.642074,0.283266,0.549332,0.437353,0.001000,1.000000
0.843442,0.001000,1.000000,1.000000,0.001000,1.000000,0.461708,1.000000,0.614077,1.000000
0.562806,1.000000,0.001000,0.001000,1.000000,0.001000,1.000000,1.000000,0.618083,0.001000
0.294414,1.000000,0.290876,1.000000,0.524248,0.001000,0.741698,1.000000,1.000000,0.824792
0.001000,1.000000,0.001000,1.000000,0.001000,1.000000,1.000000,0.963216,0.001000,0.403919
0.450332,1.000000,0.001000,0.345993,1.000000,0.840396,0.599753,0.279921,0.645338,0.119039
0.543776,1.000000,1.000000,0.072982,0.718035,0.347687,0.001000,0.001000,1.000000,0.493027
0.001000,0.876143,1.000000,0.775591,0.001000,0.001000,0.001000,0.841173,0.222433,0.001000
0.001000,1.000000,0.001000,0.810962,0.417578,0.817441,0.764747,1.000000,1.000000,0.001000
1.000000,1.000000,0.897511,0.553930,0.092619,1.000000,0.742419,0.299516,1.000000,0.795857
0.001000,1.000000,1.000000,0.001000,0.037105,1.000000,0.327050,0.001000,0.761944,0.001000
1.000000,1.000000,0.259409,1.000000,0.630667,0.001000,0.019398,0.001000,0.534560,0.539524
1.000000,1.000000,0.862587,0.001000,0.389757,1.000000,0.594582,1.000000,1.000000,1.000000
0.397864,0.345558,0.758376,1.000000,0.081397,0.001000,0.001000,0.473236,0.208897,1.000000
0.001000,0.391033,0.001000,0.001000,0.001000,1.000000,0.001000,0.001000,0.001000,0.001000
0.523427,0.361434,1.000000,1.000000,0.343772,1.000000,0.001000,0.001000,1.000000,0.001000
0.810579,0.667982,0.987390,0.803766,1.000000,1.000000,0.853251,1.000000,0.001000,0.310262
1.000000,0.001000,1.000000,1.000000,0.001000,0.001000,0.473675,0.001000,0.874713,0.182011
0.278016,0.958939,0.659716,0.001000,0.615432,0.825792,1.000000,0.001000,0.001000,1.000000
0.477457,0.223044,1.000000,0.498693,0.001000,1.000000,1.000000,1.000000,0.935129,0.441525
0.001000,1.000000,0.919447,0.001000,0.001000,1.000000,0.723094,0.001000,1.000000,0.001000
1.000000,0.001000,1.000000,1.000000,0.980271,0.970894,0.001000,0.001000,0.133923,0.635506
0.001000,0.538395,0.001000,0.001000,1.000000,0.219893,0.001000,0.001000,0.001000,0.737266
1.000000,0.579487,0.301141,1.000000,1.000000,1.000000,0.829199,0.445966,1.000000,0.598072
0.660987,0.786423,0.001000,1.000000,1.000000,0.001000,0.391093,0.001000,0.001000,1.000000
0.482721,0.001000,0.034191,1.000000,0.792462,0.872855,0.001000,0.252906,0.001000,0.608739
0.001000,0.087205,0.001000,1.000000,0.506215,0.001000,1.000000,0.180666,0.699346,1.000000
1.000000,0.590519,1.000000,0.001000,0.001000,0.620383,0.877187,1.000000,1.000000,0.460532
0.001000,0.708117,0.975572,1.000000,0.001000,0.001000,0.059877,0.001000,0.001000,1.000000
0.001000,0.001000,0.844043,0.482192,1.000000,0.690446,0.001000,0.001000,1.000000,1.000000
1.000000,0.684573,1.000000,1.000000,0.001000,1.000000,0.906653,1.000000,0.339098,0.001000
1.000000,1.000000,0.808910,0.019134,0.001000,1.000000,0.090745,0.777153,1.000000,0.337897
1.000000,0.001000,1.000000,0.012580,0.616280,1.000000,0.001000,0.001000,0.559864,1.000000
0.001000,0.001000,0.623419,0.001000,0.797961,0.001000,1.000000,0.001000,0.001000,1.000000
0.015638,0.092446,0.426042,0.625402,1.000000,0.001000,1.000000,0.001000,1.000000,1.000000
1.000000,0.001000,0.001000,0.001000,0.001000,1.000000,1.000000,0.521933,0.252199,1.000000
1.000000,1.000000,0.001000,0.001000,1.000000,0.001000,0.001000,0.001000,0.443476,0.001000
0.001000,0.371004,1.000000,1.000000,0.786293,0.655677,0.565241,1.000000,0.141991,1.000000
0.169447,1.000000,0.133340,1.000000,0.496353,1.000000,1.000000,0.148190,0.452387,0.001000
1.000000,1.000000,1.000000,0.001000,1.000000,1.000000,0.914707,0.280537,0.903236,0.290698
1.000000,1.000000,1.000000,0.001000,0.780857,0.445731,0.001000,0.001000,0.146959,1.000000
1.000000,0.759515,0.001000,1.000000,0.001000,0.874714,0.100171,0.569290,0.001000,0.154723
0.001000,0.001000,0.073847,0.231521,0.001000,0.919327,0.003475,0.402616,0.298289,0.001000
1.000000,1.000000,1.000000,0.175657,0.001000,0.538216,0.001000,1.000000,0.001000,1.000000
0.001000,0.341612,1.000000,0.057773,1.000000,0.923641,0.557077,0.371712,1.000000,0.001000
1.000000,0.124895,1.000000,0.037914,0.001000,0.514838,0.179234,1.000000,1.000000,1.000000
0.001000,0.887740,0.973843,0.001000,0.701350,0.001000,0.001000,1.000000,0.537806,1.000000
1.000000,0.756300,0.142353,0.248170,0.001000,0.786942,0.001000,0.754387,0.046459,0.582987
0.001000,1.000000,0.381318,1.000000,0.547796,0.001000,0.001000,0.060605,0.478115,0.001000
0.001000,0.404889,1.000000,0.433903,0.113836,1.000000,1.000000,0.001000,0.750908,0.001000
0.499862,0.420904,0.903104,0.583001,0.455133,1.000000,1.000000,0.001000,1.000000,0.273356
1.000000,0.001000,1.000000,0.149813,1.000000,0.135347,1.000000,0.301344,1.000000,0.674237
0.323401,0.664167,0.978690,0.001000,1.000000,0.001000,0.364409,0.344241,0.135653,0.001000
1.000000,0.867492,1.000000,0.001000,1.000000,0.001000,0.527384,0.581998,0.001000,1.000000
1.000000,0.001000,1.000000,0.001000,0.001000,0.733791,1.000000,0.001000,0.569454,0.001000
0.001000,0.001000,1.000000,0.477500,0.001000,0.001000,0.971228,0.042337,1.000000,1.000000
0.001000,0.099751,0.335455,0.924903,1.000000,1.000000,0.033339,1.000000,0.091037,0.036858
1.000000,0.001000,1.000000,0.001000,0.924644,1.000000,1.000000,1.000000,1.000000,0.128935
0.012781,0.948736,0.764122,0.462941,0.001000,0.041647,0.001000,1.000000,1.000000,1.000000
0.584621,0.454108,1.000000,0.088831,0.001000,1.000000,1.000000,1.000000,1.000000,0.216012
1.000000,0.232127,0.726266,0.119289,1.000000,0.768246,1.000000,0.129736,1.000000,1.000000
0.595418,0.001000,0.100041,0.001000,1.000000,1.000000,0.695822,1.000000,0.798694,0.001000
0.257800,0.001000,1.000000,0.323654,0.001000,0.001000,1.000000,0.001000,0.001000,0.184443
1.000000,0.001000,1.000000,1.000000,0.001000,1.000000,0.001000,1.000000,0.149723,0.400479
0.001000,0.626330,0.001000,0.240023,0.001000,0.753891,0.756716,1.000000,0.627282,0.001000
0.261113,0.360395,1.000000,0.001000,0.881130,1.000000,0.001000,0.936558,0.681755,0.682864
0.862446,1.000000,1.000000,0.001000,0.344446,1.000000,0.001000,0.640091,1.000000,0.337917
1.000000,0.001000,1.000000,0.525242,1.000000,0.932903,1.000000,0.001000,1.000000,0.242218
1.000000,1.000000,0.001000,0.001000,1.000000,1.000000,1.000000,0.001000,0.996149,0.001000
0.648559,0.142287,1.000000,1.000000,0.001000,0.001000,0.001000,1.000000,0.849126,0.643064
0.001000,0.001000,0.001000,0.001000,0.284914,0.374240,0.294812,1.000000,1.000000,0.001000
0.001000,0.528401,1.000000,0.001000,0.001000,0.001000,0.001000,1.000000,0.158060,0.001000
1.000000,1.000000,1.000000,1.000000,1.000000,1.000000,1.000000,0.001000,1.000000,0.440639
0.424873,0.611817,0.322314,0.001000,0.001000,0.001000,0.200587,0.263112,1.000000,0.254289
1.000000,1.000000,0.635414,1.000000,1.000000,1.000000,1.000000,0.001000,0.776092,0.820548
0.244534,0.001000,0.689633,0.927671,0.002164,0.198355,0.675192,1.000000,1.000000,0.001000
0.001000,0.966055,1.000000,0.001000,0.890820,0.673373,1.000000,0.341560,1.000000,0.001000
0.001000,0.001000,1.000000,0.001000,1.000000,0.429207,0.764819,0.001000,0.001000,0.442302
1.000000,0.619018,1.000000,0.001000,0.161402,0.001000,0.623413,1.000000,0.001000,0.001000
1.000000,0.001000,0.177090,1.000000,1.000000,0.001000,1.000000,0.001000,0.001000,0.553685
1.000000,0.335725,1.000000,1.000000,0.001000,1.000000,1.000000,1.000000,0.001000,1.000000
0.650150,0.115486,1.000000,1.000000,0.569515,0.730447,0.287185,0.001000,0.001000,0.001000
0.308532,0.240381,1.000000,0.272678,0.085617,0.001000,0.560645,0.420706,1.000000,0.378579
0.893373,0.117526,0.001000,1.000000,1.000000,1.000000,1.000000,0.001000,0.001000,0.338124
1.000000,1.000000,0.156736,1.000000,1.000000,1.000000,0.570782,0.001000,0.942615,0.393936
1.000000,0.902201,0.001000,0.001000,0.001000,0.043690,0.001000,0.411377,0.001000,0.657605
1.000000,0.461281,0.607459,1.000000,0.170973,1.000000,0.001000,0.937757,0.001000,1.000000
1.000000,0.001000,1.000000,0.710758,0.001000,0.243864,1.000000,0.683452,0.080825,0.214906
0.163577,0.001000,1.000000,0.001000,0.398883,0.001000,0.207283,0.663942,0.311863,1.000000
0.606532,1.000000,1.000000,1.000000,0.489064,0.904441,0.123130,0.001000,0.001000,0.001000
0.860985,1.000000,1.000000,1.000000,1.000000,1.000000,0.001000,1.000000,1.000000,0.330118
0.945046,0.246181,1.000000,1.000000,0.844992,0.453733,0.917468,0.001000,0.861885,0.001000
0.506717,1.000000,1.000000,0.001000,0.001000,1.000000,0.001000,0.001000,0.001000,0.641518
1.000000,1.000000,1.000000,0.001000,0.001000,1.000000,1.000000,1.000000,0.986684,1.000000
0.001000,0.001000,0.001000,0.001000,0.001000,1.000000,1.000000,1.000000,1.000000,0.001000
0.876185,1.000000,0.194784,0.001000,0.392494,0.001000,0.351653,1.000000,0.001000,1.000000
0.001000,1.000000,1.000000,1.000000,0.001000,0.001000,0.001000,1.000000,1.000000,0.001000
1.000000,0.714008,0.679188,0.001000,1.000000,1.000000,0.579888,0.001000,0.639856,0.572444
0.165271,0.001000,0.674717,1.000000,0.931749,0.138384,0.917003,1.000000,1.000000,0.500693
1.000000,1.000000,1.000000,0.286311,0.847374,0.077408,0.213165,1.000000,1.000000,1.000000
0.642184,1.000000,0.497554,0.813640,0.641397,0.907845,0.622913,0.001000,0.158060,0.001000
1.000000,1.000000,0.001000,0.587112,0.001000,0.948048,0.001000,0.777219,0.001000,0.001000
0.001000,0.557325,0.527829,0.001000,0.189929,1.000000,0.001000,0.001000,1.000000,0.000452
0.001000,0.001000,1.000000,0.001000,0.008372,0.351514,0.857394,0.755889,0.334932,1.000000
1.000000,0.579169,0.129687,1.000000,0.529597,1.000000,0.981623,0.375269,0.001000,0.667371
1.000000,0.001000,0.261736,1.000000,1.000000,0.001000,0.168035,1.000000,1.000000,0.001000
1.000000,0.001000,1.000000,0.001000,1.000000,1.000000,1.000000,0.960214,0.001000,0.072021
0.599215,1.000000,0.606876,0.770744,0.435357,0.704314,0.001000,1.000000,0.222944,1.000000
1.000000,1.000000,0.001000,0.407117,0.001000,1.000000,0.001000,0.793068,0.001000,1.000000
1.000000,0.001000,0.001000,1.000000,0.001000,0.001000,0.001000,1.000000,1.000000,0.383802
1.000000,1.000000,0.037269,0.241759,1.000000,0.631274,1.000000,1.000000,0.260358,0.547477
1.000000,1.000000,0.110584,1.000000,1.000000,0.900977,0.303565,1.000000,0.001000,0.001000
0.001000,0.001000,1.000000,0.001000,0.302403,0.427424,0.189124,0.001000,0.127085,0.334703
1.000000,0.001000,1.000000,0.117964,1.000000,0.405960,0.001000,0.001000,0.690595,0.001000
1.000000,0.357838,0.001000,1.000000,0.001000,0.916880,1.000000,0.161031,1.000000,1.000000
1.000000,0.001000,1.000000,0.181884,0.001000,0.211278,0.370174,0.572665,0.317172,1.000000
0.001000,0.159315,0.472457,0.534788,0.245970,0.001000,1.000000,1.000000,0.434861,0.001000
0.001000,0.959304,0.291292,0.001000,0.001000,0.953995,0.462530,0.002420,0.072102,0.879701
0.340919,0.859822,0.001000,0.601557,0.754538,0.001000,0.001000,0.955126,0.332836,1.000000
0.001000,1.000000,1.000000,0.001000,0.718663,0.135184,1.000000,1.000000,1.000000,1.000000
1.000000,0.001000,1.000000,0.435142,0.001000,0.001000,0.304142,0.683760,0.360470,0.001000
0.001000,0.001000,1.000000,0.403884,0.001000,1.000000,1.000000,0.001000,0.729750,1.000000
0.099380,1.000000,1.000000,0.001000,0.631070,1.000000,0.001000,1.000000,1.000000,0.912243
0.895128,0.911876,0.423107,1.000000,1.000000,1.000000,1.000000,0.868293,1.000000,0.129112
0.204590,1.000000,1.000000,1.000000,0.403779,1.000000,1.000000,0.001000,0.001000,1.000000
1.000000,0.889070,0.626862,1.000000,0.505288,0.624486,0.001000,1.000000,0.355562,0.001000
0.723998,1.000000,0.001000,0.347302,1.000000,0.001000,1.000000,0.460881,0.472926,0.402445
0.857742,1.000000,1.000000,0.447739,0.001000,0.069548,0.001000,0.001000,1.000000,0.401299
0.916459,0.001000,0.391174,0.001000,0.187700,1.000000,0.001000,1.000000,0.001000,0.001000
0.436290,0.413538,0.001000,1.000000,0.490081,0.001000,0.001000,0.001000,0.353358,0.127735
0.001000,1.000000,0.970312,1.000000,1.000000,1.000000,1.000000,0.995380,0.459784,0.001000
0.070440,0.480832,0.863979,0.436494,0.001000,0.967273,0.600064,1.000000,0.947437,0.001000
1.000000,0.978572,0.160251,0.001000,1.000000,0.001000,0.001000,0.602806,0.001000,1.000000
0.001000,0.001000,0.847882,0.001000,0.361031,0.800918,1.000000,0.001000,0.001000,1.000000
1.000000,1.000000,0.001000,0.216138,1.000000,0.001000,0.001000,1.000000,1.000000,0.319625
1.000000,0.001000,0.001000,0.523764,0.001000,0.761768,0.001000,0.300358,1.000000,1.000000
0.001000,1.000000,0.208880,1.000000,0.781599,0.920567,1.000000,0.001000,0.001000,1.000000
0.009044,0.174378,0.514755,0.774884,1.000000,0.001000,0.001000,0.538090,0.755320,0.001000
1.000000,0.001000,0.911502,1.000000,0.001000,0.430110,0.006944,0.122735,0.972786,0.358921
0.505574,0.206048,1.000000,0.462326,0.933890,1.000000,0.268051,1.000000,0.244897,1.000000
1.000000,0.001000,0.001000,0.514871,0.652319,0.607482,0.001000,0.001000,0.614273,0.701928
0.001000,0.676363,0.939579,0.598147,1.000000,0.643308,0.001000,1.000000,0.001000,1.000000
0.932505,0.001000,0.001000,0.001000,0.825856,1.000000,0.922890,1.000000,0.613753,0.001000
1.000000,0.001000,1.000000,0.678422,0.761189,1.000000,0.001000,0.001000,1.000000,1.000000
0.237303,0.586746,1.000000,0.179535,0.001000,1.000000,0.610321,0.001000,1.000000,0.001000
0.535066,0.001000,0.021146,0.946748,1.000000,0.001000,0.455620,0.001000,1.000000,0.599429
0.001000,0.673341,1.000000,0.001000,0.634067,0.001000,0.001000,0.722488,1.000000,1.000000
0.709914,0.001000,0.727846,0.001000,0.653214,0.001000,1.000000,0.268989,1.000000,0.001000
1.000000,0.260086,0.001000,0.001000,0.001000,0.396110,0.001000,0.864529,0.438513,0.884110
1.000000,0.001000,0.001000,0.001000,0.903076,1.000000,0.386359,0.735262,0.630269,1.000000
0.001000,0.059045,0.912325,1.000000,0.430323,0.001000,0.001000,1.000000,0.853714,1.000000
0.387223,0.001000,1.000000,0.001000,0.143735,0.671595,0.090361,0.001000,0.052869,0.069695
0.449995,0.504790,0.772554,0.454352,0.460138,0.807298,0.001000,1.000000,0.001000,1.000000
1.000000,1.000000,0.414276,0.311689,0.316295,0.275750,0.524461,0.717962,1.000000,0.001000
1.000000,0.942303,0.001000,0.001000,0.051471,0.557343,0.001000,0.849031,0.708780,1.000000
1.000000,0.086249,1.000000,1.000000,0.795535,0.001000,0.001000,0.001000,0.728843,0.157266
0.198968,0.001000,0.001445,0.001000,0.461557,1.000000,0.691252,0.164552,0.001000,0.769819
0.514854,0.001000,0.277389,0.001000,0.160340,0.001000,1.000000,0.105070,0.391116,0.001000
0.987595,1.000000,0.204591,1.000000,0.122714,0.001000,1.000000,0.001000,1.000000,0.061967
0.001000,0.837688,0.845667,0.001000,0.001000,1.000000,0.439134,0.661261,0.188342,0.996286
1.000000,0.001000,1.000000,0.001000,1.000000,0.001000,0.895492,1.000000,0.677791,1.000000
1.000000,1.000000,1.000000,1.000000,0.001000,0.767854,1.000000,1.000000,0.001000,0.603284
1.000000,0.571671,0.573850,1.000000,0.931972,0.331257,1.000000,0.001000,0.001000,0.605864
1.000000,0.001000,1.000000,0.746700,0.276939,1.000000,0.001000,0.815119,0.001000,0.001000
1.000000,1.000000,0.001000,0.001000,0.414568,0.372518,0.001000,0.001000,1.000000,0.001000
1.000000,0.001000,0.041389,0.521730,1.000000,1.000000,0.001000,1.000000,1.000000,1.000000
0.821442,0.001000,1.000000,1.000000,0.604650,0.001000,1.000000,0.001000,1.000000,0.001000
0.477599,0.001000,0.001000,0.242395,0.615350,0.056846,1.000000,0.429227,0.001000,0.001000
0.914711,0.596121,0.001000,1.000000,0.001000,0.480958,1.000000,0.001000,1.000000,0.507312
0.012523,0.957972,0.001000,1.000000,0.001000,1.000000,0.001000,0.001000,1.000000,0.001000
0.001000,1.000000,1.000000,0.281064,0.589826,1.000000,0.001000,0.001000,0.432422,1.000000
1.000000,0.278514,0.693952,0.209569,1.000000,1.000000,1.000000,0.185698,0.164579,1.000000
1.000000,0.933358,1.000000,0.428452,1.000000,0.001000,0.504616,1.000000,1.000000,0.001000
1.000000,0.318882,0.720652,0.001000,0.561701,1.000000,1.000000,0.388329,1.000000,0.650200
0.001000,1.000000,0.956532,1.000000,0.814254,1.000000,0.001000,0.411330,0.593068,0.001000
1.000000,0.349451,0.060419,0.001000,1.000000,1.000000,1.000000,0.082493,1.000000,1.000000
0.001000,0.001000,1.000000,1.000000,0.432626,0.601967,0.001000,0.481478,1.000000,0.001000
0.001000,0.001000,1.000000,0.416063,1.000000,0.001000,0.001000,0.001000,0.738032,1.000000
1.000000,0.001000,1.000000,1.000000,0.248314,1.000000,0.399187,0.370720,1.000000,0.001000
0.001000,0.001000,0.169573,0.768900,0.970287,0.001000,0.001000,0.048526,0.001000,1.000000
0.803217,0.001000,1.000000,0.634648,0.001000,0.341527,0.366319,0.001000,1.000000,1.000000
0.715090,1.000000,0.477185,0.734967,1.000000,1.000000,0.366945,0.001000,1.000000,0.415564
0.001000,0.999025,1.000000,0.001000,1.000000,0.001000,1.000000,1.000000,0.001000,1.000000
1.000000,0.026956,0.001000,0.591379,0.508687,1.000000,0.802500,0.248833,0.477220,0.705470
1.000000,0.224014,1.000000,1.000000,0.235184,1.000000,1.000000,1.000000,0.001000,1.000000
0.911723,1.000000,0.096824,0.001000,0.001000,1.000000,0.001000,0.611132,1.000000,0.001000
0.542801,0.291688,1.000000,0.001000,0.001000,0.997494,0.500244,0.001000,0.001000,1.000000
0.001000,1.000000,0.130848,0.001000,1.000000,0.081155,1.000000,0.001000,0.001000,0.384308
0.001000,0.001000,0.672956,1.000000,1.000000,0.001000,1.000000,0.001000,1.000000,0.001000
0.001000,0.825570,0.791659,0.417891,0.001000,0.001000,1.000000,0.292728,1.000000,0.079781
1.000000,0.590458,0.978599,0.001000,0.785530,0.871640,0.927793,0.854401,0.267145,1.000000
0.001000,0.568750,0.001000,0.001000,0.560140,0.001000,0.001000,0.937187,0.528841,0.536602
0.001000,0.071054,1.000000,1.000000,0.001000,1.000000,1.000000,1.000000,0.885481,0.001000
1.000000,0.725183,0.001000,0.001000,0.974104,0.709168,1.000000,0.145496,0.001000,1.000000
0.962143,0.001000,1.000000,0.001000,0.788332,0.001000,1.000000,0.120877,1.000000,0.001000
1.000000,1.000000,1.000000,1.000000,0.249870,0.077813,0.001000,0.001000,0.103998,0.001000
0.071785,0.612944,0.325447,1.000000,0.001000,0.001000,0.114836,0.707577,1.000000,0.479271
0.599171,0.765733,0.001000,0.292917,1.000000,0.986719,0.001000,0.895906,0.001000,0.509753
1.000000,1.000000,0.848723,0.001000,1.000000,0.291463,0.890820,1.000000,0.359308,1.000000
1.000000,0.001000,0.642063,0.384186,0.041707,0.781583,0.554331,0.001000,0.695244,0.313814
0.464136,0.361583,0.001000,0.651083,0.939223,0.338718,0.935391,0.001000,0.960811,0.001000
0.001000,1.000000,1.000000,1.000000,0.910409,0.258765,0.001000,0.634219,0.114026,0.576235
1.000000,1.000000,1.000000,1.000000,0.001000,0.001000,0.001000,1.000000,0.001000,0.873622
0.734355,0.001000,0.628669,0.557190,0.001000,0.979122,0.993147,0.001000,0.001000,1.000000
0.466599,0.202167,0.001000,1.000000,0.449267,0.001000,0.001000,1.000000,1.000000,0.001000
0.847050,0.001000,0.001000,0.536352,1.000000,0.499547,1.000000,1.000000,1.000000,0.969920
1.000000,0.991544,0.864033,1.000000,0.001000,0.127982,0.001000,1.000000,0.001000,1.000000
1.000000,0.378919,0.001000,0.001000,0.001000,0.001000,0.001000,1.000000,1.000000,0.556143
0.737937,0.001000,0.236774,0.001000,0.359330,0.786541,1.000000,1.000000,1.000000,0.001000
0.001000,0.954733,1.000000,0.001000,0.789104,0.336596,1.000000,0.001000,0.535611,1.000000
0.001000,1.000000,0.001000,0.993223,0.672134,0.001000,0.136271,1.000000,0.001000,1.000000
0.642416,0.781431,1.000000,0.001000,0.001000,1.000000,1.000000,0.001000,0.456074,1.000000
1.000000,1.000000,0.001000,1.000000,1.000000,1.000000,0.699155,0.361607,0.001000,0.001000
1.000000,0.629021,1.000000,0.452419,1.000000,0.001000,0.001000,0.001000,0.451181,0.919831
0.001000,0.760020,1.000000,0.001000,0.999066,0.184966,1.000000,1.000000,1.000000,1.000000
0.001000,0.847390,0.001000,0.153467,1.000000,0.271288,1.000000,0.086846,0.970721,0.001000
0.001000,1.000000,0.267251,0.759034,1.000000,0.001000,1.000000,0.001000,1.000000,0.001000
0.001000,0.133385,0.001000,0.717847,0.459284,0.001000,0.534431,0.001000,0.969282,1.000000
1.000000,1.000000,0.130441,1.000000,0.532892,0.287013,0.001000,0.103392,0.940815,1.000000
0.414081,0.260322,1.000000,1.000000,0.210638,0.250230,1.000000,1.000000,0.754519,0.001000
1.000000,1.000000,0.846461,0.001000,1.000000,0.001000,0.299304,1.000000,1.000000,1.000000
1.000000,0.785981,1.000000,0.839341,0.001000,1.000000,0.001000,0.586821,0.001000,0.562680
0.474855,0.001000,0.164245,0.769843,0.001000,1.000000,1.000000,0.001000,0.001000,0.660510
0.513490,0.066201,1.000000,0.151236,0.540579,1.000000,0.724814,1.000000,0.056646,0.001000
0.001000,0.750301,0.305126,0.567684,0.717469,1.000000,0.607398,0.667427,0.001000,0.001000
0.001000,0.839421,1.000000,0.001000,0.001000,0.190193,0.001000,0.408523,0.697565,0.815295
0.001000,0.846873,0.453609,1.000000,0.001000,0.061991,1.000000,0.662271,0.347657,0.413050
0.001000,0.456897,1.000000,1.000000,1.000000,1.000000,1.000000,1.000000,0.889484,1.000000
0.702564,0.001000,0.001000,0.284676,0.203102,0.012510,0.001000,1.000000,0.091261,1.000000
0.977105,0.001000,1.000000,0.001000,0.357610,0.001000,0.001000,1.000000,1.000000,1.000000
0.001000,0.525244,0.001000,1.000000,0.001000,1.000000,1.000000,1.000000,1.000000,0.782299
0.001000,0.637218,0.754685,1.000000,0.208318,0.001000,0.001000,1.000000,0.001000,0.001000
1.000000,1.000000,0.001000,0.650223,1.000000,0.001000,1.000000,0.110525,1.000000,0.820972
0.018621,0.001000,0.903494,0.001000,0.001000,0.432939,1.000000,0.005140,0.001000,1.000000
0.369168,1.000000,1.000000,0.756183,1.000000,0.001000,1.000000,0.001000,0.001000,0.236816
0.061127,0.851286,0.001000,1.000000,0.001000,0.001000,1.000000,0.429119,0.022052,0.362810
1.000000,0.086283,0.706520,0.706844,0.647542,0.623471,0.001000,0.001000,1.000000,0.001000
0.001000,1.000000,1.000000,1.000000,1.000000,0.001000,1.000000,1.000000,1.000000,1.000000
0.861418,0.903168,1.000000,0.001000,0.196568,0.269700,0.366404,0.846606,0.001000,1.000000
0.001000,1.000000,1.000000,0.001000,1.000000,0.027975,0.001000,1.000000,0.001000,0.951742
1.000000,0.064929,0.845155,1.000000,0.001000,0.001000,1.000000,1.000000,0.001000,0.001000
0.001000,0.810594,0.001000,0.001000,0.142426,0.029438,1.000000,0.928525,1.000000,0.001000
0.215460,0.958339,0.001000,0.001000,1.000000,0.933097,0.071493,1.000000,0.001000,0.001000
1.000000,0.623477,0.001000,1.000000,0.254404,0.380308,0.073164,1.000000,1.000000,0.001000
0.001000,1.000000,1.000000,1.000000,0.322064,1.000000,0.571298,0.926847,0.001000,0.974813
0.001000,1.000000,1.000000,0.001000,1.000000,0.001000,0.047928,0.361996,1.000000,0.246618
1.000000,0.001000,0.320175,1.000000,1.000000,1.000000,0.177170,0.245980,1.000000,0.348767
1.000000,0.438715,1.000000,1.000000,1.000000,0.798069,0.967512,0.092748,0.218449,0.050131
0.001000,0.001000,1.000000,0.053088,0.570368,1.000000,0.001000,0.326514,0.001000,0.489766
1.000000,0.764268,1.000000,1.000000,1.000000,0.803461,0.001000,0.001000,0.421611,0.001000
0.182013,0.001000,0.399753,0.001000,0.001000,0.001000,1.000000,0.651996,1.000000,0.001000
1.000000,0.001000,1.000000,0.801164,1.000000,0.001000,0.230063,1.000000,1.000000,1.000000
1.000000,0.613452,0.146165,0.129634,0.274897,1.000000,1.000000,1.000000,0.001000,1.000000
1.000000,0.380200,1.000000,0.001000,0.061618,0.356114,0.107032,1.000000,0.001000,1.000000
0.431760,0.250378,0.230578,1.000000,1.000000,0.397091,0.171559,1.000000,0.364646,0.001000
0.374174,0.850339,0.045622,0.985453,0.866642,0.503971,0.001000,1.000000,1.000000,1.000000
0.168000,1.000000,0.474006,1.000000,0.001000,0.807471,0.001000,1.000000,0.266347,0.210234
0.001000,1.000000,0.001000,0.174443,0.257117,0.194383,1.000000,1.000000,1.000000,0.304788
0.001000,0.922582,0.827772,0.148956,0.724183,0.001000,0.135022,1.000000,1.000000,1.000000
0.001000,0.413163,1.000000,0.976963,0.001000,1.000000,0.001000,0.915044,1.000000,1.000000
0.001000,0.001000,1.000000,0.001000,1.000000,0.185763,1.000000,1.000000,0.001000,0.001000
1.000000,0.001000,0.168072,1.000000,1.000000,1.000000,0.383080,0.001000,0.803780,0.674757
0.001000,0.935706,0.955868,0.685638,0.213568,0.141813,0.534332,0.846621,0.001000,1.000000
1.000000,0.265254,0.324185,1.000000,1.000000,0.410222,0.963656,0.893749,1.000000,1.000000
0.444139,0.629632,1.000000,0.470502,0.001000,1.000000,1.000000,1.000000,1.000000,0.896154
1.000000,0.583784,1.000000,1.000000,1.000000,0.001000,1.000000,0.001000,0.995095,1.000000
1.000000,0.001000,0.596784,1.000000,0.531681,0.582282,0.377322,0.793610,0.001000,0.513279
1.000000,0.570261,0.001000,0.015617,0.001000,1.000000,1.000000,0.001000,0.172499,0.416451
1.000000,0.001000,0.001000,1.000000,0.001000,0.001000,0.989634,1.000000,0.947720,0.378649
0.103677,1.000000,0.001000,0.120510,0.548155,0.258647,0.869189,0.001000,0.885434,1.000000
0.985183,1.000000,0.001000,0.785676,0.058632,1.000000,0.920800,0.001000,1.000000,0.001000
0.624830,1.000000,1.000000,1.000000,0.718346,1.000000,0.684129,1.000000,0.789652,1.000000
1.000000,0.143867,0.542627,0.001000,1.000000,0.060529,1.000000,0.669586,1.000000,1.000000
0.855673,0.001000,1.000000,0.001000,0.774582,0.001000,0.001000,0.619054,1.000000,0.001000
1.000000,0.079442,0.423274,0.334410,1.000000,1.000000,0.428469,1.000000,1.000000,0.434586
0.266349,0.613481,0.001000,1.000000,0.001000,0.001000,0.001000,0.001000,0.812525,0.651430
1.000000,0.953602,0.001000,0.001000,1.000000,1.000000,1.000000,0.001000,0.496110,1.000000
0.862613,1.000000,0.587367,1.000000,0.507684,0.026745,0.420237,1.000000,0.931449,0.001000
0.001000,0.001000,0.001000,0.331690,0.366609,1.000000,0.652683,0.001000,0.235327,1.000000
0.641683,1.000000,0.111256,0.001000,1.000000,0.870765,0.001000,0.884155,1.000000,0.001000
0.260499,0.001000,0.001000,1.000000,0.710935,0.001000,0.001000,1.000000,0.884160,0.351963
0.001000,0.001000,0.001000,0.487507,0.984744,0.641033,0.001000,0.719484,0.052701,0.001000
0.001000,0.001000,1.000000,1.000000,0.001000,1.000000,1.000000,0.601996,0.302097,0.820715
1.000000,1.000000,0.106782,0.788639,0.001000,1.000000,0.071337,1.000000,0.415048,0.031693
1.000000,1.000000,0.001000,0.314558,0.381400,0.685108,0.001000,0.187005,0.869573,1.000000
0.001000,0.001000,1.000000,1.000000,0.884634,1.000000,0.521337,0.001000,0.654290,0.422002
0.288556,1.000000,0.354020,1.000000,1.000000,0.254502,0.001000,1.000000,1.000000,0.001000
1.000000,0.001000,1.000000,0.001000,0.079741,1.000000,1.000000,0.001000,1.000000,0.504008
0.097548,0.478473,1.000000,0.480282,1.000000,0.001000,1.000000,0.701385,1.000000,1.000000
0.878373,1.000000,0.969054,0.960130,0.001000,0.001000,1.000000,0.001000,1.000000,0.937745
1.000000,0.204472,1.000000,0.001000,0.001000,0.577283,0.001000,1.000000,1.000000,1.000000
0.001000,0.001000,0.231294,1.000000,0.587826,1.000000,0.087742,0.001000,0.202990,1.000000
1.000000,0.001000,0.899467,1.000000,0.001000,0.863076,0.001000,1.000000,0.440372,0.585815
1.000000,0.505763,1.000000,1.000000,0.001000,1.000000,1.000000,0.001000,0.291327,1.000000
0.001000,0.902985,0.180707,0.258319,0.001000,0.229493,0.101504,0.208670,1.000000,0.001000
1.000000,1.000000,1.000000,1.000000,0.001000,0.001000,0.001000,0.001000,1.000000,1.000000
0.095557,0.521685,0.588157,0.349261,1.000000,0.001000,0.001000,0.255068,1.000000,0.265355
0.807202,0.001000,1.000000,0.001000,0.001000,0.369616,1.000000,0.448154,0.001000,1.000000
0.001000,1.000000,0.132567,1.000000,1.000000,0.001000,1.000000,0.534455,1.000000,0.986291
0.692206,0.001000,0.169928,1.000000,0.691308,0.698452,1.000000,1.000000,1.000000,0.001000
1.000000,0.221697,0.001000,0.908244,0.992834,0.587990,0.001000,0.001000,1.000000,0.749537
0.001000,0.599454,1.000000,0.001000,0.001000,0.967152,0.943483,0.209880,0.001000,0.001000
0.001000,0.033658,0.001000,0.364596,1.000000,0.845256,1.000000,1.000000,0.783922,1.000000
0.001000,0.001000,0.001000,0.001000,0.294881,0.001000,0.001000,0.316936,0.385644,0.303262
1.000000,0.273018,1.000000,0.001000,0.707843,1.000000,0.903535,1.000000,0.155567,0.620452
0.792022,0.445966,1.000000,0.216011,1.000000,1.000000,1.000000,0.001000,0.001000,0.001000
0.857621,0.001000,0.252064,0.300505,0.782910,0.864306,0.001000,1.000000,0.214242,1.000000
0.883208,1.000000,0.470733,1.000000,1.000000,0.001000,0.502788,0.001000,0.182331,0.001000
0.156941,1.000000,1.000000,1.000000,0.547028,0.001000,0.479998,0.001000,0.001000,0.001000
1.000000,1.000000,1.000000,0.001000,0.001000,0.001000,0.205844,1.000000,0.001000,0.966331
0.763787,0.478384,0.120075,1.000000,0.108934,0.001000,0.742507,0.536613,0.867666,0.999962
0.001000,0.001000,1.000000,1.000000,0.475043,0.001000,0.899001,0.001000,1.000000,0.613735
0.001000,1.000000,0.001000,1.000000,1.000000,0.001000,0.001000,1.000000,0.001000,0.676263
0.847065,0.001000,1.000000,0.204350,0.449485,0.001000,1.000000,0.377084,0.322694,0.001000
1.000000,1.000000,0.021781,0.078577,0.718501,0.435902,0.001000,1.000000,1.000000,0.963851
0.001000,0.133122,0.177755,0.986094,0.001000,0.962674,0.929564,0.001000,1.000000,0.043150
1.000000,0.001000,1.000000,0.001000,1.000000,0.959654,0.001000,0.950993,0.901842,0.672827
0.570873,1.000000,0.836877,0.001000,0.559324,1.000000,1.000000,1.000000,1.000000,0.001000
0.944358,1.000000,1.000000,0.001000,1.000000,0.001000,0.591212,1.000000,1.000000,0.752709
0.001000,1.000000,0.001000,1.000000,1.000000,0.001000,0.998673,1.000000,0.096355,0.001000
1.000000,1.000000,0.001000,0.350814,0.001000,0.001000,0.541966,0.128097,1.000000,0.360658
0.770186,1.000000,0.001000,0.001000,0.001000,0.995656,0.275357,0.001000,1.000000,1.000000
0.414476,0.404827,0.704771,1.000000,0.001000,0.058325,0.534062,0.732153,0.945586,0.548664
0.001000,1.000000,1.000000,0.905825,0.001000,1.000000,0.552125,0.274174,0.001000,0.779877
1.000000,0.001000,0.983168,0.001000,0.135143,0.376258,0.001000,0.692398,0.753844,0.021423
0.001000,0.001000,1.000000,0.001000,0.209539,0.001000,0.108905,0.763417,0.339034,1.000000
0.763857,0.951031,1.000000,1.000000,0.346440,0.001000,0.413854,0.999288,0.433820,0.001000
0.001000,0.001000,0.980894,1.000000,0.112975,0.001000,0.299832,1.000000,0.574953,0.441894
1.000000,1.000000,0.001000,0.001000,0.001000,0.001000,0.001000,0.678520,0.069571,0.001000
0.001000,1.000000,0.001000,0.512624,1.000000,0.001000,0.974613,1.000000,0.810246,0.663179
0.001000,0.923049,0.001000,0.265046,0.001000,0.001000,1.000000,1.000000,0.298247,1.000000
1.000000,1.000000,0.867408,0.336537,0.983995,1.000000,0.001000,0.522866,0.981258,1.000000
0.001000,0.001000,0.674706,0.446173,1.000000,0.213623,1.000000,0.209039,0.001000,1.000000
0.001000,0.363203,0.634029,0.001000,0.375045,1.000000,1.000000,0.001000,1.000000,0.138729
1.000000,1.000000,1.000000,0.432652,1.000000,1.000000,0.708641,0.001000,0.193849,0.403950
1.000000,1.000000,1.000000,0.001000,0.760018,0.440517,1.000000,0.043808,0.001000,1.000000
1.000000,0.001000,1.000000,0.001000,0.106538,0.001000,1.000000,0.001000,0.735233,0.001000
1.000000,0.001000,1.000000,0.797769,0.001000,0.001000,0.676677,1.000000,1.000000,1.000000
1.000000,0.001000,1.000000,0.351409,1.000000,1.000000,1.000000,0.877709,1.000000,0.068585
1.000000,0.001000,0.803188,1.000000,1.000000,0.001000,0.001000,0.672862,0.199682,1.000000
1.000000,0.438415,0.001000,0.001000,0.334650,0.069432,0.550387,0.747148,0.699509,0.789428
0.464258,0.001000,0.001000,0.829890,1.000000,0.001000,1.000000,0.728567,0.001000,1.000000
0.001000,1.000000,0.338878,0.805157,0.001000,0.924310,0.404001,0.001000,0.001000,1.000000
1.000000,1.000000,1.000000,1.000000,0.001000,0.098425,1.000000,0.001000,1.000000,0.849356
1.000000,1.000000,0.500957,1.000000,1.000000,1.000000,0.220606,0.001000,1.000000,1.000000
0.739821,0.001000,1.000000,0.734182,0.001000,1.000000,0.001000,0.001000,1.000000,0.001000
0.001000,0.892776,1.000000,1.000000,0.001000,0.001000,0.554619,1.000000,1.000000,0.581046
1.000000,1.000000,0.001000,1.000000,1.000000,0.001000,0.136453,0.001000,1.000000,0.066285
0.298859,1.000000,0.170720,0.001000,1.000000,0.058009,0.453399,0.001000,0.001000,0.001000
0.001000,0.001000,0.634722,1.000000,0.980943,0.392683,1.000000,1.000000,1.000000,0.700769
0.567652,0.767061,0.196205,0.001000,1.000000,1.000000,0.001000,0.001000,1.000000,0.001000
0.825807,1.000000,1.000000,1.000000,1.000000,0.289805,0.758173,0.427711,1.000000,0.849420
0.152621,0.693250,0.853893,0.326397,1.000000,0.001000,1.000000,0.247036,0.029261,0.001000
1.000000,1.000000,0.001000,1.000000,1.000000,0.971856,1.000000,0.500266,1.000000,0.001000
1.000000,0.001000,0.783321,0.577563,1.000000,0.118114,0.001000,0.001000,0.696009,0.295198
1.000000,0.001000,0.001000,0.232731,0.564947,0.757304,1.000000,1.000000,1.000000,0.591853
0.001000,0.001000,1.000000,1.000000,1.000000,1.000000,0.001000,0.323192,0.001000,1.000000
0.001000,0.573386,1.000000,1.000000,0.001000,0.001000,0.318257,0.513692,1.000000,0.001000
1.000000,0.001000,0.001000,1.000000,0.001000,1.000000,0.001000,1.000000,1.000000,0.850753
0.001000,0.467508,0.001000,1.000000,0.001000,0.001000,0.706183,0.761956,0.391371,0.001000
0.001000,1.000000,0.929131,0.001000,0.001000,0.183695,0.081067,0.113400,0.001000,1.000000
0.001000,0.518372,0.001000,0.001000,0.400097,0.177867,0.871756,0.855628,0.628557,1.000000
0.951229,0.001000,1.000000,0.765785,1.000000,1.000000,0.992497,1.000000,0.001000,1.000000
1.000000,0.389920,0.737190,0.590507,0.001000,0.878691,1.000000,0.001000,1.000000,1.000000
0.684098,0.311887,0.221619,0.871617,0.005897,1.000000,0.056778,0.001000,1.000000,0.200152
0.996719,0.679449,0.746682,0.001000,0.001000,1.000000,0.377676,0.199775,1.000000,1.000000
0.001000,0.001000,0.001000,0.959009,0.229610,0.138393,0.001000,1.000000,0.001000,0.001000
0.248256,1.000000,0.001000,0.940488,0.307387,0.001000,0.519749,1.000000,1.000000,0.863302
0.292806,0.001000,0.823748,1.000000,1.000000,0.977612,1.000000,0.992298,1.000000,1.000000
0.655437,1.000000,0.622670,0.001000,1.000000,0.720913,0.290509,1.000000,1.000000,0.329247
0.662585,1.000000,1.000000,0.159723,0.001000,0.001000,1.000000,0.724837,0.429033,0.001000
0.001000,0.001000,0.001000,0.001000,0.611160,0.001000,1.000000,1.000000,0.702318,1.000000
1.000000,1.000000,0.001000,0.001000,0.001000,1.000000,0.001000,0.001000,1.000000,0.001000
0.504680,0.844113,1.000000,1.000000,1.000000,0.380633,0.001000,0.001000,0.001000,1.000000
1.000000,1.000000,0.001000,1.000000,0.792857,0.234811,1.000000,0.477884,0.083541,1.000000
0.741420,0.441682,1.000000,0.614817,1.000000,0.001000,0.976867,0.316689,1.000000,0.001000
1.000000,0.304058,1.000000,1.000000,0.001000,0.001000,0.609147,0.776830,1.000000,0.165940
1.000000,0.001000,0.001000,0.791918,0.001000,1.000000,0.001000,0.805096,1.000000,0.033016
1.000000,0.001000,1.000000,1.000000,1.000000,0.931477,0.963922,1.000000,1.000000,0.631400
0.001000,0.418935,1.000000,0.741866,0.973455,0.001000,0.253356,0.272959,1.000000,0.848118
0.001000,1.000000,0.625546,1.000000,0.326734,1.000000,1.000000,0.976577,0.481501,0.832787
1.000000,1.000000,0.192171,0.264707,0.287130,0.001000,0.001000,0.001000,1.000000,1.000000
1.000000,0.449330,1.000000,1.000000,0.103535,0.001000,1.000000,0.001000,0.001000,0.680679
1.000000,0.406140,0.793007,1.000000,0.349258,1.000000,0.001000,0.001000,0.001000,1.000000
1.000000,1.000000,1.000000,1.000000,1.000000,0.052894,0.001000,1.000000,1.000000,1.000000
0.001000,1.000000,0.316527,0.601310,0.001000,0.001000,0.001000,0.748986,0.460591,0.731835
1.000000,0.001000,0.764961,0.001000,1.000000,0.617163,1.000000,1.000000,1.000000,1.000000
1.000000,1.000000,1.000000,0.001000,1.000000,0.001000,1.000000,1.000000,0.190733,0.534936
1.000000,0.416168,1.000000,0.001000,0.001000,0.001000,0.809674,1.000000,0.001000,0.843634
1.000000,0.470235,1.000000,0.001000,0.001000,1.000000,0.788574,0.001000,0.393697,0.001000
0.508160,0.685775,0.933378,0.001000,1.000000,0.001000,1.000000,1.000000,0.617478,0.001000
0.072602,0.001000,1.000000,0.085386,1.000000,1.000000,1.000000,1.000000,0.001000,1.000000
1.000000,1.000000,1.000000,0.215778,1.000000,1.000000,0.938925,1.000000,0.353965,1.000000
0.162918,1.000000,0.001000,1.000000,0.001000,1.000000,0.001000,0.207918,0.661006,0.001000
0.000588,0.718813,0.001000,0.549724,1.000000,0.001000,0.310906,1.000000,0.080355,1.000000
0.001000,0.299036,1.000000,0.001000,0.001000,0.511437,1.000000,1.000000,0.001000,0.829546
0.001000,0.001000,1.000000,1.000000,1.000000,0.001000,1.000000,0.987596,0.012493,1.000000
0.001000,0.025049,1.000000,0.001000,0.001000,1.000000,1.000000,0.949353,0.686886,1.000000
0.541394,0.001000,0.001000,0.001000,0.227201,1.000000,0.326970,0.001000,0.001000,0.746432
0.901551,0.824001,1.000000,1.000000,0.001000,0.001000,0.285093,1.000000,0.356936,1.000000
1.000000,1.000000,0.001000,1.000000,0.001000,0.477391,0.001000,0.316774,1.000000,0.906650
1.000000,1.000000,0.790431,0.001000,0.776034,1.000000,0.001000,1.000000,0.320468,1.000000
1.000000,1.000000,1.000000,0.861931,1.000000,0.835322,1.000000,0.605869,0.001000,1.000000
1.000000,0.464616,1.000000,1.000000,0.001000,0.477047,0.442935,1.000000,1.000000,0.001000
0.375719,0.001000,0.001000,1.000000,0.757768,0.492949,0.125672,1.000000,0.001000,0.248929
0.001000,0.001000,0.307037,0.001000,0.192008,1.000000,0.001000,1.000000,0.943616,0.001000
0.400388,0.207268,0.001000,0.001000,0.072269,0.444249,0.001000,1.000000,1.000000,0.001000
0.001000,0.001000,1.000000,1.000000,0.703763,0.729020,1.000000,0.161307,1.000000,1.000000
0.272337,0.101413,0.001000,0.001000,0.001000,0.196347,0.843116,1.000000,1.000000,1.000000
0.744854,1.000000,1.000000,1.000000,0.001000,0.001000,1.000000,0.001000,0.144201,1.000000
0.159939,0.283923,0.412659,0.610105,1.000000,1.000000,0.746888,1.000000,0.685449,0.001000
1.000000,0.940995,0.001000,1.000000,0.395895,1.000000,0.377068,0.001000,0.001000,0.001000
0.746238,0.629850,1.000000,1.000000,1.000000,0.001000,1.000000,0.001000,0.001000,0.001000
1.000000,1.000000,0.181339,1.000000,0.273467,0.633372,0.374565,0.582996,0.191851,0.699947
0.001000,0.001000,1.000000,0.400859,0.758115,0.632599,0.001000,0.410054,0.149200,0.001000
0.800738,0.001000,0.001000,1.000000,1.000000,0.001000,0.193260,0.178087,0.876576,0.001000
0.001000,0.001000,0.460948,0.823541,0.635423,0.001000,0.001000,0.001000,1.000000,0.001000
0.001000,1.000000,1.000000,1.000000,0.001000,0.001000,1.000000,0.001000,0.832173,1.000000
0.001000,0.001000,0.400581,1.000000,0.167892,0.027068,1.000000,0.001000,1.000000,0.947489
1.000000,0.001000,1.000000,0.605161,0.001000,1.000000,0.001000,0.001000,0.001000,0.496555
0.001000,0.001000,0.690991,0.001000,0.001000,0.001000,1.000000,1.000000,0.779908,1.000000
0.001000,0.001000,1.000000,0.001000,0.184037,0.040647,0.269466,1.000000,0.535356,0.233442
0.001000,0.001000,0.001000,0.277936,1.000000,0.001000,0.227904,0.096278,0.499681,0.517498
0.089248,0.001000,0.748477,0.114697,0.001000,0.062748,0.634605,0.883707,1.000000,0.001000
1.000000,0.001000,0.753523,0.001000,1.000000,0.001000,0.285588,1.000000,0.772779,0.883684
0.001000,0.468179,1.000000,0.001000,1.000000,0.493103,1.000000,0.692209,0.001000,1.000000
0.384783,1.000000,1.000000,0.001000,0.001000,1.000000,0.382102,0.001000,0.001000,0.518297
1.000000,0.451122,1.000000,0.249125,1.000000,0.911774,0.815085,0.757647,1.000000,0.594974
0.176561,0.001000,1.000000,0.001000,0.358430,0.989098,0.001000,0.001000,0.884198,1.000000
0.949093,1.000000,0.534919,0.049581,1.000000,0.001000,1.000000,1.000000,0.001000,0.001000
1.000000,0.595146,0.385115,0.519128,0.561243,1.000000,1.000000,0.001000,0.001000,0.001000
1.000000,0.001000,1.000000,0.001000,0.467293,0.001000,0.778146,0.426597,1.000000,0.001000
0.914953,1.000000,1.000000,0.001000,0.802870,0.001000,0.742276,1.000000,0.001000,0.001000
1.000000,0.024177,0.001000,1.000000,0.583937,0.720415,1.000000,1.000000,1.000000,0.334546
1.000000,1.000000,0.130709,1.000000,0.222857,0.759651,1.000000,1.000000,0.585083,0.685352
0.965852,0.001000,1.000000,1.000000,1.000000,0.468358,0.675639,0.755960,0.034789,1.000000
0.001000,0.435043,0.001000,0.769935,1.000000,0.001000,1.000000,0.535072,0.002018,1.000000
0.033898,0.001000,1.000000,0.090971,0.001000,0.001000,1.000000,0.229693,0.902673,0.899859
0.001000,0.001000,0.035706,0.469228,1.000000,0.839054,0.001000,1.000000,0.711868,0.613382
0.001000,1.000000,1.000000,0.425845,1.000000,0.001000,1.000000,1.000000,1.000000,0.871004
0.330296,0.001000,1.000000,0.766978,1.000000,0.713345,0.001000,1.000000,1.000000,1.000000
1.000000,1.000000,0.046313,1.000000,0.001000,1.000000,1.000000,1.000000,0.420108,0.001000
0.001000,1.000000,0.609227,1.000000,0.627177,0.907634,0.001000,1.000000,1.000000,0.997876
1.000000,0.967868,1.000000,0.620903,0.793546,1.000000,0.241883,0.740444,0.208543,0.001000
0.001000,1.000000,1.000000,1.000000,0.001000,0.001000,0.171326,0.001000,1.000000,1.000000
1.000000,0.517264,0.589752,1.000000,0.143109,0.001000,0.685518,0.310543,0.711508,1.000000
0.001000,1.000000,0.624861,0.696525,1.000000,1.000000,0.001000,1.000000,0.001000,0.496657
1.000000,0.001000,0.622782,0.835559,0.001000,1.000000,1.000000,0.001000,1.000000,0.854944
1.000000,1.000000,0.001000,0.001000,0.001000,0.001000,0.965582,0.995998,0.598805,1.000000
0.665509,0.613535,0.001000,0.077103,1.000000,0.001000,1.000000,1.000000,0.001000,0.001000
1.000000,1.000000,0.884187,0.433258,0.008263,1.000000,0.289461,0.966807,0.001000,0.001000
0.001000,0.001000,1.000000,0.230142,1.000000,1.000000,0.382004,1.000000,0.351772,0.405490
0.099189,1.000000,0.880574,1.000000,1.000000,0.001000,1.000000,0.001000,1.000000,0.001000
1.000000,0.301338,0.179182,0.001000,0.058740,1.000000,1.000000,0.330798,1.000000,0.788455
0.001000,0.001000,1.000000,0.001000,0.419216,0.001000,0.001000,0.001000,0.448952,0.001000
0.128606,0.047105,0.145504,0.649493,0.521479,0.908722,0.001000,0.587250,0.534961,0.459947
1.000000,1.000000,0.096886,0.001000,1.000000,0.001000,0.290850,1.000000,1.000000,1.000000
1.000000,1.000000,0.886478,0.821673,1.000000,1.000000,0.001000,1.000000,0.666875,0.001000
0.370683,1.000000,0.153273,1.000000,1.000000,0.001000,0.001000,0.118384,0.357922,0.001000
1.000000,1.000000,0.001000,0.001000,1.000000,1.000000,1.000000,1.000000,0.001000,0.731205
0.377853,0.001000,1.000000,0.507731,0.138102,0.827909,1.000000,0.001000,0.760997,1.000000
0.096676,1.000000,1.000000,0.774711,0.001000,1.000000,0.001000,0.001000,1.000000,0.978015
1.000000,0.934289,0.342823,0.001000,0.001000,0.339292,0.516864,0.542518,1.000000,0.087036
0.987677,0.030493,0.489555,0.001000,0.854901,0.890659,1.000000,0.961284,1.000000,1.000000
0.498319,1.000000,0.250003,1.000000,0.881211,1.000000,0.001000,0.260533,0.485299,0.978616
1.000000,1.000000,0.158821,0.001000,0.363772,1.000000,1.000000,1.000000,0.001000,1.000000
1.000000,1.000000,1.000000,1.000000,0.432416,0.001000,1.000000,0.001000,0.001000,1.000000
0.001000,0.001000,1.000000,1.000000,0.282112,1.000000,1.000000,1.000000,0.001000,0.001000
0.794140,1.000000,0.303050,1.000000,0.001000,1.000000,0.486924,0.189055,0.001000,1.000000
0.547788,0.001000,0.541407,1.000000,0.001000,1.000000,0.678933,1.000000,0.001000,0.001000
0.001000,1.000000,1.000000,1.000000,0.676285,0.576454,0.839322,0.164696,1.000000,0.118487
0.001000,0.993917,1.000000,0.101542,0.236743,0.333382,1.000000,1.000000,0.710431,1.000000
1.000000,0.804176,1.000000,0.321146,0.315042,0.001000,1.000000,1.000000,0.001000,0.542341
0.142824,0.594094,0.571885,0.263684,1.000000,0.364830,1.000000,0.001000,0.001000,0.001000
0.219754,1.000000,0.765937,0.483967,0.001000,0.840734,0.001000,1.000000,0.001000,0.961992
0.001000,0.456616,1.000000,0.447550,0.045719,1.000000,0.120718,0.800851,0.001000,0.784567
1.000000,1.000000,0.167333,1.000000,1.000000,1.000000,1.000000,1.000000,1.000000,1.000000
1.000000,0.001000,1.000000,1.000000,1.000000,0.001000,0.001000,0.001000,1.000000,1.000000
0.464385,0.001000,0.363647,0.001000,0.001000,0.501537,0.001000,0.731380,0.719124,0.394484
1.000000,1.000000,0.001000,1.000000,0.554368,0.001000,0.573730,1.000000,1.000000,1.000000
0.974923,1.000000,0.001000,0.001000,0.001000,0.131983,0.059974,1.000000,1.000000,0.369009
0.001000,0.001000,0.001000,0.001000,0.001000,0.001000,0.001000,0.001000,1.000000,1.000000
0.237011,1.000000,0.001000,0.355129,0.001000,1.000000,1.000000,0.888527,0.073680,1.000000
0.001000,1.000000,1.000000,0.001000,0.001000,0.001000,0.001000,0.960742,1.000000,1.000000
1.000000,0.406417,0.001000,1.000000,0.696268,0.001000,1.000000,1.000000,0.507564,1.000000
1.000000,0.001000,1.000000,1.000000,0.619849,1.000000,0.001000,1.000000,0.638495,0.001000
1.000000,0.792329,0.001000,0.676282,1.000000,1.000000,0.613124,0.286231,0.737586,0.001000
1.000000,0.829372,0.746649,0.974182,0.001000,1.000000,1.000000,1.000000,1.000000,1.000000
0.454573,0.904921,1.000000,0.808848,1.000000,1.000000,0.401694,0.001000,0.001000,0.001000
0.508988,1.000000,1.000000,0.001000,1.000000,0.001000,0.643334,0.001000,1.000000,0.389600
1.000000,0.001000,0.910434,0.001000,0.636138,1.000000,0.040648,0.378912,1.000000,0.911332
0.001000,0.215743,0.613034,0.001000,0.333189,0.001000,0.001000,0.293193,0.835492,1.000000
0.988091,1.000000,0.905417,0.001000,0.331914,1.000000,1.000000,0.876947,0.001000,0.858292
0.637314,1.000000,0.001000,0.634130,0.001000,0.001000,0.610149,0.053766,1.000000,0.001000
0.583189,1.000000,0.974190,1.000000,0.211024,0.768107,0.606381,0.001000,1.000000,0.001000
0.001000,0.453516,0.381478,0.001000,0.001000,1.000000,0.001000,0.001000,0.431705,0.204902
0.360528,1.000000,0.018502,0.001000,0.001000,1.000000,1.000000,0.001000,1.000000,0.944843
0.919773,0.001000,1.000000,0.115713,0.001000,0.001000,1.000000,0.775872,1.000000,1.000000
1.000000,0.729788,0.001000,0.659427,0.004127,1.000000,0.107490,0.478039,1.000000,1.000000
1.000000,0.032931,0.001000,0.687899,1.000000,0.344422,0.269327,1.000000,0.456641,0.955100
0.001000,1.000000,1.000000,0.119660,1.000000,0.136323,0.001000,0.201941,1.000000,0.598991
0.001000,1.000000,1.000000,0.765559,0.500751,0.569511,1.000000,0.001000,0.397696,0.665162
1.000000,1.000000,0.001000,0.001000,0.051601,0.365666,0.446470,0.001000,0.483914,1.000000
1.000000,1.000000,1.000000,0.001000,1.000000,0.001000,0.820522,0.804441,0.089751,0.074183
0.001000,0.687084,0.902081,0.087753,0.001000,1.000000,0.001000,1.000000,0.001000,0.001000
0.958663,1.000000,0.001000,0.729711,1.000000,1.000000,0.001000,1.000000,1.000000,0.001000
1.000000,0.965683,0.001000,0.304496,0.001000,0.875785,0.001000,1.000000,0.839327,1.000000
0.486863,1.000000,0.081156,0.001000,0.039904,0.307859,0.001000,0.001000,1.000000,1.000000
0.925004,0.517567,0.338805,0.245635,0.001000,0.685030,0.001000,1.000000,0.001000,1.000000
0.001000,1.000000,0.192261,1.000000,0.952108,1.000000,0.224817,0.042635,0.350952,1.000000
0.514878,0.391198,0.631650,0.838272,0.163162,1.000000,0.001000,1.000000,0.214725,1.000000
0.001000,0.001000,0.394434,1.000000,0.989162,1.000000,0.001000,0.871008,0.687386,1.000000
0.256843,1.000000,0.275786,0.079515,0.236177,0.001000,0.001000,0.987031,0.001000,0.685165
0.336015,0.704494,1.000000,0.001000,0.061857,1.000000,1.000000,0.115514,1.000000,0.236439
0.001000,1.000000,1.000000,1.000000,1.000000,0.712807,0.210401,1.000000,1.000000,1.000000
0.924615,0.988942,0.320029,0.917277,0.001000,0.001000,0.228776,1.000000,1.000000,1.000000
0.684802,0.826391,1.000000,0.001000,0.663856,1.000000,1.000000,0.008290,0.126363,0.001000
0.118045,0.001000,0.054488,1.000000,0.001000,0.311252,0.001000,0.112248,0.001000,0.992019
0.001000,0.015648,1.000000,0.715048,0.195700,1.000000,1.000000,0.733860,0.001000,0.001000
0.767367,0.001000,1.000000,0.305159,0.313026,1.000000,0.440499,1.000000,1.000000,1.000000
0.183893,0.070897,1.000000,0.908046,0.731184,0.001000,1.000000,1.000000,0.735672,1.000000
1.000000,1.000000,0.650269,0.975843,0.001000,0.001000,1.000000,1.000000,1.000000,0.001000
0.238364,0.136048,0.001000,0.337539,0.830008,1.000000,1.000000,1.000000,0.057143,0.010824
1.000000,1.000000,0.001000,1.000000,0.232325,1.000000,0.001000,1.000000,0.001000,1.000000
1.000000,0.001000,0.712279,1.000000,0.001000,0.870246,1.000000,1.000000,0.001000,0.963608
1.000000,0.001000,0.095796,0.001000,1.000000,0.525964,0.001000,0.001000,1.000000,0.953720
0.001000,1.000000,0.962060,0.109130,0.001000,0.001000,1.000000,0.001000,1.000000,0.001000
0.001000,1.000000,0.001000,0.451306,0.082189,1.000000,1.000000,1.000000,0.706457,0.001000
0.471705,0.821921,0.001000,0.582940,0.001000,0.026279,0.001000,1.000000,0.001000,1.000000
0.160518,0.103269,0.822373,0.913173,0.001000,0.686745,0.978777,0.001000,1.000000,0.001000
1.000000,0.416287,0.849517,0.843650,1.000000,0.001000,0.705963,1.000000,1.000000,0.480552
0.740526,1.000000,1.000000,1.000000,0.001000,0.748804,1.000000,1.000000,1.000000,0.410534
0.218597,0.608197,0.972587,1.000000,1.000000,0.243650,0.001000,1.000000,1.000000,0.899984
0.001000,0.283849,0.163292,0.286195,1.000000,0.037772,0.001000,0.001000,0.001000,0.538383
0.608554,1.000000,0.542369,0.001000,1.000000,0.001000,0.001000,0.001000,1.000000,1.000000
0.497552,1.000000,0.637940,0.827478,0.001361,0.001000,0.760310,1.000000,0.684451,0.001000
0.514239,0.507577,0.995513,1.000000,0.001000,0.001000,0.317682,1.000000,0.878550,0.001000
1.000000,0.570850,1.000000,0.001000,0.299273,0.001000,1.000000,0.001000,0.048850,1.000000
0.608869,0.001000,0.297007,1.000000,0.361632,1.000000,1.000000,0.001000,0.001000,1.000000
0.408992,0.706373,0.938005,0.920321,1.000000,1.000000,0.244889,0.679104,0.517371,1.000000
0.443885,0.939736,1.000000,0.435259,0.536084,0.651889,0.532871,0.023335,1.000000,1.000000
0.894551,1.000000,0.366186,1.000000,0.108350,0.001000,1.000000,0.001000,0.883910,0.001000
1.000000,0.824976,0.769812,1.000000,0.001000,0.001000,0.561038,1.000000,1.000000,0.380134
0.379818,1.000000,0.001000,1.000000,0.619828,1.000000,0.001000,0.220689,0.001000,0.819012
0.001000,0.001000,0.818382,0.001000,0.001000,0.619787,0.001000,0.257916,0.166924,0.001000
0.557376,0.001000,0.538168,0.895395,0.804464,1.000000,1.000000,1.000000,0.685359,0.563996
1.000000,0.001000,0.432212,1.000000,0.497477,0.001000,0.001000,0.229734,0.001000,0.001000
0.469825,0.088684,0.767274,0.805893,0.001000,0.960906,1.000000,0.877837,0.088238,1.000000
0.001000,0.265540,0.518466,0.001000,1.000000,1.000000,0.001000,1.000000,1.000000,0.001000
1.000000,0.001000,1.000000,0.001000,0.001000,0.871484,0.486988,0.001000,0.409085,0.001000
0.387177,0.431234,0.001000,0.518237,1.000000,0.147269,1.000000,0.001000,1.000000,1.000000
0.001000,0.001000,1.000000,0.355774,0.674454,0.611862,0.001000,1.000000,1.000000,0.001000
0.727542,1.000000,1.000000,0.595669,1.000000,0.001000,0.207814,0.450129,0.001000,0.052815
1.000000,0.666859,0.001000,1.000000,1.000000,0.001000,0.498602,0.001000,1.000000,0.001000
0.001000,0.001000,0.138072,0.007012,1.000000,1.000000,1.000000,0.387644,0.295705,0.528067
0.652329,0.373432,0.692183,0.277809,0.596682,0.516927,1.000000,0.001000,0.001000,0.001000
0.651912,0.001000,0.371523,0.050749,0.001000,0.001000,0.001000,0.840359,1.000000,0.001000
1.000000,1.000000,1.000000,0.001000,1.000000,0.001000,1.000000,1.000000,1.000000,1.000000
1.000000,0.054627,0.001000,0.001000,1.000000,0.108687,1.000000,1.000000,1.000000,0.136841
0.001000,0.783203,1.000000,0.636171,0.048919,1.000000,0.672954,1.000000,0.714577,0.703612
1.000000,0.001000,0.200106,0.559685,0.723669,0.001000,1.000000,0.001000,1.000000,1.000000
1.000000,1.000000,0.945330,0.358774,1.000000,0.001000,1.000000,0.993157,1.000000,0.026975
0.001000,0.293124,0.160868,0.440544,0.865925,0.001000,0.096942,0.306073,1.000000,0.001000
1.000000,1.000000,0.617056,0.001000,0.728947,1.000000,1.000000,1.000000,0.001000,0.106662
0.299775,0.385969,0.001000,0.326111,1.000000,0.001000,0.001000,0.004415,0.001000,1.000000
0.395090,0.876214,0.001000,1.000000,0.807776,0.976435,1.000000,0.641419,1.000000,1.000000
0.001000,0.001000,0.367883,0.001000,0.001000,1.000000,1.000000,0.737285,0.001000,0.001000
0.001000,1.000000,0.136934,0.478840,0.001000,1.000000,0.001000,1.000000,0.677436,1.000000
0.001000,1.000000,0.001000,0.001000,1.000000,0.999051,1.000000,0.915772,0.386140,1.000000
0.375736,0.001000,0.001000,0.822526,0.127841,0.001000,1.000000,1.000000,1.000000,0.711203
1.000000,0.001000,0.944545,1.000000,1.000000,0.394456,0.001000,0.114711,0.361784,1.000000
0.001000,0.921692,0.445584,0.001000,0.440392,1.000000,0.628450,0.978838,0.726222,0.001000
0.001000,1.000000,0.006299,0.784482,0.269284,0.001000,1.000000,0.367152,0.994925,1.000000
0.001000,1.000000,0.001000,1.000000,1.000000,0.769055,0.364175,1.000000,1.000000,0.915917
1.000000,0.001000,1.000000,1.000000,1.000000,0.001000,0.001000,0.001000,1.000000,1.000000
0.001000,0.001000,0.001000,1.000000,1.000000,0.041640,0.001000,0.001000,0.407459,1.000000
0.001000,0.001000,0.001000,0.617009,0.894791,1.000000,0.001000,1.000000,1.000000,1.000000
0.001000,0.001000,0.749439,0.001000,1.000000,0.059731,0.001000,0.611656,0.001000,1.000000
0.049491,0.001000,0.545259,0.001000,0.001000,0.160502,0.372610,1.000000,0.001000,0.001000
0.798650,0.001000,0.342626,0.839355,0.293044,0.001000,0.888660,0.902285,0.215636,0.670628
0.626249,1.000000,0.001000,0.241327,1.000000,0.001000,0.901583,0.523649,1.000000,0.001000
0.001000,0.001000,1.000000,0.906071,1.000000,0.659018,1.000000,0.001000,0.001000,0.076881
0.319196,0.001000,0.001000,0.001000,0.528497,0.001000,1.000000,0.001000,0.344490,0.134368
0.001000,0.001000,1.000000,0.414251,0.001000,1.000000,0.442255,1.000000,1.000000,1.000000
0.420810,1.000000,1.000000,1.000000,1.000000,0.206151,1.000000,0.001000,0.001000,0.470398
1.000000,1.000000,1.000000,1.000000,1.000000,0.001000,0.102027,1.000000,0.516953,1.000000
1.000000,0.001000,0.001000,0.662067,1.000000,1.000000,1.000000,0.001000,0.497875,1.000000
1.000000,0.001000,0.362009,0.851729,0.001000,0.001000,0.001000,1.000000,0.001000,0.001000
0.001000,0.889514,0.001000,0.116366,0.065010,0.001000,1.000000,1.000000,1.000000,0.001000
0.001000,1.000000,0.854121,1.000000,0.672507,0.878733,0.246908,1.000000,1.000000,0.180936
0.255228,1.000000,1.000000,1.000000,1.000000,1.000000,0.792447,0.590629,0.001000,0.001000
1.000000,0.535878,0.541051,0.964650,0.418328,0.001000,0.898908,0.001000,1.000000,0.420554
0.713753,0.686748,0.099421,0.001000,1.000000,0.859858,0.279397,0.001000,0.957501,0.001000
0.616518,0.681782,0.910071,0.542730,0.789605,0.874242,0.001000,0.267349,0.248707,0.612410
0.001000,1.000000,1.000000,0.001000,1.000000,0.001000,0.546199,1.000000,1.000000,1.000000
1.000000,0.001000,1.000000,0.573272,1.000000,0.950842,0.001000,1.000000,0.201869,0.001000
0.755248,1.000000,0.170905,0.871864,1.000000,0.146053,0.001000,0.971222,1.000000,0.174638
1.000000,1.000000,1.000000,0.001000,0.001000,0.989680,0.509503,0.776501,0.001000,1.000000
1.000000,0.560574,0.001000,0.001000,0.001000,1.000000,0.064149,1.000000,0.001000,0.001000
0.911221,0.001000,1.000000,0.001000,1.000000,1.000000,0.217203,1.000000,1.000000,0.427785
1.000000,1.000000,0.001000,1.000000,0.003522,1.000000,1.000000,0.665452,0.220611,0.054484
1.000000,0.341349,0.028384,0.522503,1.000000,1.000000,1.000000,1.000000,0.879388,0.001000
0.748250,0.001000,1.000000,0.806085,0.001000,0.001000,0.432686,0.512492,1.000000,1.000000
1.000000,0.946692,1.000000,1.000000,0.972990,0.189043,1.000000,0.001000,1.000000,0.435045
0.001000,0.001000,0.001000,0.001000,0.692277,0.001000,0.001000,1.000000,1.000000,1.000000
0.003705,0.467995,0.799537,0.001000,0.092739,1.000000,0.001000,0.252738,0.992183,0.661965
0.001000,0.124814,1.000000,1.000000,0.465676,0.798301,1.000000,0.001000,0.001000,0.001000
0.339668,0.210238,0.441681,0.001000,1.000000,0.001000,0.001000,0.001000,0.001000,0.001000
0.099028,1.000000,1.000000,0.001000,0.575868,0.282180,0.001000,0.974887,1.000000,1.000000
0.782328,1.000000,0.001000,0.060164,0.072683,0.644320,0.001000,0.223493,0.093350,0.143209
1.000000,0.504535,1.000000,0.964808,0.767187,1.000000,0.001000,0.001000,0.961516,0.264646
0.527277,0.001000,1.000000,0.391624,0.001000,0.351393,1.000000,0.001000,0.001000,0.409360
1.000000,0.001000,0.300106,0.533711,1.000000,0.438815,0.001000,1.000000,0.001000,0.313346
0.953916,0.998276,0.001000,0.001000,1.000000,0.001000,0.316506,0.001000,0.519213,0.259709
1.000000,0.527800,0.748262,0.001000,0.020518,0.001000,0.001000,0.001000,0.086421,0.001000
1.000000,0.001000,0.574212,0.387266,0.659211,1.000000,0.043737,0.001000,0.923094,1.000000
0.001000,0.001000,0.001000,0.001000,0.650274,0.867040,0.027647,1.000000,1.000000,1.000000
0.175621,0.001000,0.304782,0.001000,0.441668,0.061911,0.001000,0.001000,0.001000,0.497576
0.001000,0.001000,1.000000,0.001000,1.000000,1.000000,0.001000,0.854058,1.000000,0.462881
0.001000,0.001000,1.000000,1.000000,0.001000,0.331280,0.001000,0.173238,0.442755,0.415297
1.000000,0.001000,1.000000,0.957066,0.568132,0.001000,1.000000,1.000000,0.001000,0.001000
0.001000,0.147109,0.688992,0.001000,0.001000,0.001000,1.000000,0.001000,0.001000,0.386128
1.000000,0.896675,0.001000,0.664652,0.156658,0.001000,0.127383,0.001000,0.153534,0.582990
0.001000,0.001000,1.000000,0.269362,0.001000,0.001000,0.702524,0.141143,1.000000,0.936356
1.000000,0.247349,0.001000,0.001000,0.001000,0.001000,0.970478,1.000000,0.787452,0.688986
1.000000,0.001000,1.000000,1.000000,1.000000,0.243854,1.000000,1.000000,1.000000,1.000000
1.000000,1.000000,0.432503,1.000000,0.001000,1.000000,1.000000,1.000000,0.001000,0.001000
1.000000,0.001000,1.000000,0.305693,0.001000,1.000000,0.001000,0.093951,0.599306,0.567722
1.000000,0.001000,0.001000,0.001000,0.001000,1.000000,0.788901,1.000000,0.647495,0.001000
0.652479,0.815225,0.001000,0.919015,0.001000,0.106019,0.968912,0.001000,0.001000,0.209253
1.000000,1.000000,1.000000,0.911393,1.000000,1.000000,0.297517,0.532585,0.711895,0.001000
1.000000,1.000000,0.779988,0.327853,1.000000,1.000000,0.001000,0.484440,0.340598,0.001000
1.000000,0.001000,1.000000,0.432539,0.838914,1.000000,1.000000,1.000000,0.744002,1.000000
1.000000,0.001000,0.286875,0.520769,1.000000,0.001000,0.001000,0.955869,0.001000,0.257647
1.000000,0.001000,1.000000,0.001000,1.000000,0.775146,0.574261,0.001000,0.001000,0.641090
1.000000,0.144081,0.001000,0.065563,0.828857,0.642679,0.001000,0.001000,1.000000,1.000000
1.000000,1.000000,0.450680,0.233329,0.413893,0.001000,0.772477,0.001000,1.000000,0.001000
0.901994,0.001000,0.001000,1.000000,0.677863,0.375787,1.000000,0.001000,0.001000,0.419095
1.000000,1.000000,1.000000,0.391395,1.000000,1.000000,1.000000,0.041482,1.000000,0.528480
1.000000,0.406025,0.001000,1.000000,0.001000,1.000000,0.001000,0.001000,0.963715,0.879206
0.616497,1.000000,1.000000,0.260087,1.000000,0.780967,1.000000,0.648351,0.481599,0.001000
1.000000,0.001000,1.000000,0.001000,0.650143,0.589776,1.000000,1.000000,1.000000,0.581664
1.000000,0.280287,0.001000,0.569426,0.888561,1.000000,1.000000,1.000000,1.000000,1.000000
1.000000,0.342265,1.000000,0.001000,0.001000,0.327945,0.001000,1.000000,0.965358,0.307303
0.348817,1.000000,1.000000,1.000000,1.000000,0.551122,1.000000,0.001000,0.001000,0.287560
1.000000,1.000000,0.762883,0.009745,0.001000,0.001000,0.001000,0.669339,0.001000,0.961729
0.296096,0.001000,0.001000,1.000000,0.001000,0.783605,0.557816,0.001000,0.001000,1.000000
0.001000,1.000000,1.000000,0.001000,1.000000,0.001000,1.000000,1.000000,0.001000,0.092033
1.000000,0.001000,1.000000,0.001000,0.091286,0.125173,0.946509,0.302434,1.000000,0.001000
1.000000,0.001000,0.506169,1.000000,0.001000,0.414075,0.741885,0.001000,0.653555,1.000000
0.001000,0.873256,1.000000,1.000000,0.413195,0.246829,0.115630,1.000000,1.000000,0.185936
1.000000,0.001000,1.000000,0.359927,0.291532,1.000000,0.001000,1.000000,1.000000,0.001000
0.292926,0.257314,1.000000,1.000000,1.000000,0.001000,0.245030,0.355231,0.322035,1.000000
0.445073,0.658188,1.000000,1.000000,0.032897,0.712386,1.000000,0.001000,0.573714,1.000000
1.000000,0.465152,0.001000,0.001000,1.000000,0.001000,0.001000,1.000000,0.635705,0.171874
0.001000,1.000000,1.000000,1.000000,1.000000,0.376798,1.000000,1.000000,0.945956,0.001000
0.850080,0.001000,1.000000,0.174315,0.001000,1.000000,0.001000,0.899934,0.001000,0.861224
0.697642,0.001000,1.000000,0.001000,0.001000,0.597803,1.000000,0.001000,0.276372,0.720147
1.000000,0.001000,0.001000,0.167796,0.377402,1.000000,0.448540,0.001000,0.404657,1.000000
1.000000,0.153702,0.001000,0.001000,0.001000,0.506333,1.000000,1.000000,0.474609,0.001000
1.000000,0.001000,0.001000,0.001000,0.001000,0.001000,0.001000,0.001000,0.001000,1.000000
1.000000,1.000000,1.000000,0.149759,0.001000,1.000000,0.001000,0.708260,1.000000,0.001000
0.001000,0.254248,1.000000,0.001000,0.001000,1.000000,1.000000,0.584148,0.060803,0.001000
0.001000,0.001000,1.000000,0.001000,0.830369,0.001000,0.001000,1.000000,1.000000,0.001000
1.000000,1.000000,1.000000,0.912226,0.313680,1.000000,0.754831,1.000000,1.000000,0.379386
0.001000,0.578111,0.463448,0.980096,0.672177,0.586460,0.001000,0.495601,0.001000,1.000000
0.787178,0.001000,0.828957,0.840352,0.952985,0.499354,0.162629,1.000000,1.000000,0.001000
0.827134,0.001000,1.000000,1.000000,1.000000,0.604254,0.757047,0.758788,1.000000,1.000000
0.689803,1.000000,0.847356,1.000000,0.001000,0.566202,0.156931,0.612409,0.001000,1.000000
1.000000,0.303798,0.349945,0.454622,0.170931,0.853529,0.186551,1.000000,0.001000,0.729604
0.362685,1.000000,0.001000,0.001000,1.000000,0.001000,1.000000,0.944604,1.000000,0.989577
0.472637,0.001000,0.001000,0.001000,1.000000,0.001000,0.001000,1.000000,1.000000,1.000000
0.487738,0.001000,1.000000,1.000000,1.000000,0.001000,0.492325,1.000000,1.000000,0.001000
1.000000,0.985897,1.000000,0.758669,0.889641,0.852315,0.479030,1.000000,1.000000,1.000000
1.000000,0.001000,1.000000,1.000000,1.000000,0.824815,0.001000,1.000000,0.926027,0.330263
1.000000,0.001000,0.991856,1.000000,0.412862,0.564778,0.075864,0.708695,1.000000,0.001000
0.001000,1.000000,0.001000,0.250413,0.001000,0.845088,0.001000,0.055101,0.001000,0.727752
0.001000,0.001000,1.000000,0.135202,0.911444,1.000000,0.795897,0.943215,0.131339,0.227535
0.001000,0.110923,0.001000,0.001000,0.369316,0.871465,1.000000,0.001000,0.001000,1.000000
1.000000,1.000000,0.001000,1.000000,0.001000,1.000000,0.469610,0.001000,0.001000,0.954306
0.001000,1.000000,1.000000,1.000000,1.000000,0.205870,1.000000,0.743713,0.001000,0.291227
0.616212,1.000000,0.001000,0.383056,1.000000,1.000000,0.001000,1.000000,1.000000,0.876415
0.750690,0.208174,0.001000,0.001000,0.836877,1.000000,0.001000,0.001000,1.000000,0.001000
0.851471,0.446075,0.738847,0.001000,0.584753,0.754113,1.000000,0.100804,1.000000,0.001000
1.000000,0.001000,1.000000,0.001000,0.001000,0.001000,1.000000,1.000000,1.000000,0.719902
1.000000,1.000000,0.529116,0.741020,0.001000,0.001000,0.879743,1.000000,0.001000,0.001000
0.534413,0.001000,0.492472,0.393233,1.000000,0.233142,0.357628,0.103050,0.455391,0.001000
0.982520,0.503286,0.001000,1.000000,1.000000,1.000000,0.001000,1.000000,0.001000,1.000000
0.402364,1.000000,0.854631,1.000000,0.152069,0.001000,0.001000,1.000000,0.036917,0.001000
1.000000,0.001000,1.000000,0.566619,1.000000,0.607104,0.001000,0.793941,0.627485,1.000000
0.001000,0.001000,1.000000,1.000000,0.001000,0.518997,1.000000,0.715795,0.370680,0.606196
1.000000,0.001000,0.053277,0.549182,1.000000,1.000000,0.690563,1.000000,0.001000,0.429730
1.000000,0.001000,1.000000,0.001000,0.001000,0.875708,0.111240,0.826291,0.001000,0.001000
1.000000,1.000000,1.000000,0.766217,0.367404,0.001000,0.066618,0.679879,0.550092,0.706655
1.000000,0.001000,1.000000,1.000000,0.824199,0.986518,1.000000,0.645263,1.000000,0.375634
0.001000,0.001000,0.001000,1.000000,0.001000,1.000000,0.392998,0.498563,0.190389,0.001000
0.349457,1.000000,0.001000,1.000000,0.061439,0.001000,0.001000,0.001000,0.245398,0.495986
0.001000,0.001000,0.648423,1.000000,1.000000,1.000000,0.735283,0.001000,1.000000,0.042101
0.001000,1.000000,0.440155,1.000000,1.000000,0.979062,0.001000,0.997974,0.001000,0.001000
1.000000,0.001000,1.000000,0.223610,0.001000,1.000000,0.774915,0.001000,0.526540,0.580215
0.897141,1.000000,1.000000,0.730373,0.257319,0.982277,1.000000,0.001000,0.001000,0.951147
0.200677,1.000000,1.000000,1.000000,1.000000,1.000000,1.000000,0.637480,0.776147,0.204496
1.000000,0.001000,1.000000,1.000000,1.000000,0.688077,1.000000,0.331477,0.924213,1.000000
1.000000,0.719500,1.000000,1.000000,0.439074,0.192676,0.404938,0.952029,0.095770,0.155293
1.000000,0.084262,1.000000,0.001000,1.000000,0.001000,0.001000,0.001000,0.838885,0.259634
0.001000,0.001000,1.000000,0.001000,1.000000,0.001000,0.340375,0.137025,1.000000,0.109173
0.957929,0.001000,0.001000,0.971809,0.001000,1.000000,0.248079,0.001000,1.000000,0.401450
0.484610,0.001000,0.001000,1.000000,0.001000,0.056351,1.000000,0.953370,1.000000,0.001000
0.936041,0.001000,0.855278,0.001000,0.001000,1.000000,0.001000,0.460976,1.000000,0.026471
0.001000,0.809129,0.566903,1.000000,0.001000,0.977695,1.000000,0.001000,0.442736,0.001000
1.000000,0.001000,1.000000,1.000000,0.390404,1.000000,1.000000,0.587169,0.001000,1.000000
0.001000,0.778449,0.001000,1.000000,1.000000,0.956294,1.000000,1.000000,0.001000,0.001000
0.001000,0.892812,0.001000,1.000000,0.001000,0.001000,0.001000,1.000000,0.558619,1.000000
0.802559,0.897548,0.001000,0.009765,0.001000,0.001000,0.001000,0.001000,1.000000,0.497518
0.084031,1.000000,0.161669,0.426906,0.220767,1.000000,1.000000,0.001000,0.001000,0.604268
1.000000,1.000000,0.001000,0.216184,1.000000,1.000000,1.000000,1.000000,1.000000,0.001000
0.877698,0.831930,0.408439,0.760621,0.729592,1.000000,1.000000,0.718301,1.000000,0.454422
0.765217,0.708371,1.000000,0.001000,0.682500,1.000000,0.001000,0.001000,0.001000,0.622573
1.000000,0.001000,0.136331,1.000000,1.000000,0.001000,0.960059,0.667126,1.000000,1.000000
0.001000,0.001000,0.102763,0.852094,0.706797,0.262698,1.000000,0.640391,0.001000,0.726692
0.784702,1.000000,1.000000,0.275136,1.000000,0.006896,0.765765,1.000000,1.000000,0.001000
1.000000,1.000000,1.000000,0.001000,0.928556,0.529439,0.001000,0.215369,0.001000,1.000000
0.141484,0.085618,0.001000,1.000000,0.001000,0.475661,0.554566,0.437160,1.000000,1.000000
0.001000,1.000000,0.001000,1.000000,1.000000,1.000000,0.919190,0.001000,0.001000,0.780654
1.000000,1.000000,1.000000,0.725091,1.000000,1.000000,0.376609,0.001000,0.474291,0.584179
0.001000,0.001000,1.000000,0.492249,0.001000,0.397604,0.392207,0.001000,0.001000,0.230440
1.000000,0.436302,0.771713,0.001000,1.000000,0.100049,1.000000,1.000000,0.001000,1.000000
0.001000,1.000000,0.001000,0.891082,0.882784,1.000000,0.001000,1.000000,0.404083,0.721263
1.000000,0.888909,0.001000,1.000000,0.001000,1.000000,1.000000,0.911024,0.165986,0.001000
0.125755,0.615025,0.919526,1.000000,0.001000,0.591491,0.144821,1.000000,0.001000,1.000000
0.001000,0.001000,1.000000,0.528106,0.278669,0.427177,0.001000,0.001000,0.001000,0.483376
0.780537,1.000000,0.001000,0.001000,0.761068,1.000000,0.001000,0.916210,1.000000,0.865629
1.000000,0.001000,0.001000,0.731509,0.442920,1.000000,0.001000,1.000000,1.000000,0.586842
0.001000,1.000000,0.001000,0.001000,1.000000,0.348754,1.000000,1.000000,1.000000,0.001000
1.000000,1.000000,1.000000,1.000000,0.676952,1.000000,0.001000,0.854859,0.973053,0.617758
0.001000,1.000000,1.000000,0.988464,1.000000,0.386766,0.653523,1.000000,1.000000,1.000000
0.001000,0.988887,0.001000,0.001000,0.056895,0.001000,0.869192,1.000000,1.000000,0.001000
0.695675,0.777588,0.001000,1.000000,1.000000,1.000000,0.067767,0.877638,0.345288,0.830730
1.000000,1.000000,0.410225,0.446887,0.412191,0.001000,0.909172,0.001000,1.000000,0.569246
0.859904,0.010211,1.000000,0.406641,0.285173,0.122099,0.099677,0.256012,1.000000,0.001000
0.513257,0.001000,1.000000,0.001000,1.000000,0.718258,0.265319,1.000000,0.514708,1.000000
0.001000,0.001000,1.000000,0.001000,0.373322,0.210967,0.001000,1.000000,0.666866,0.929533
0.016293,0.701291,0.264989,0.549323,0.661095,0.726150,1.000000,0.001000,0.308143,0.001000
1.000000,1.000000,0.001000,0.933078,0.001000,0.355209,0.699826,0.548342,1.000000,1.000000
0.001000,0.419158,0.001000,0.712994,0.001000,0.001000,1.000000,1.000000,0.532429,0.001000
0.641735,0.064038,0.833718,0.640242,0.001000,0.848791,0.001000,0.001000,0.629184,1.000000
1.000000,0.001000,0.001000,0.312315,1.000000,0.321472,0.698830,0.259846,0.001000,1.000000
1.000000,0.001000,1.000000,1.000000,0.397355,0.001000,1.000000,0.001000,1.000000,1.000000
1.000000,1.000000,0.228349,0.001000,0.001000,0.001000,0.991285,0.421594,1.000000,1.000000
0.001000,0.001000,1.000000,0.380406,0.141474,0.001000,1.000000,0.401151,1.000000,1.000000
1.000000,0.001000,0.812592,0.117330,0.001000,0.001000,0.001000,1.000000,1.000000,1.000000
1.000000,0.059823,0.314959,1.000000,1.000000,1.000000,0.166364,1.000000,0.001000,0.001000
1.000000,1.000000,0.211568,0.297743,0.001000,0.254722,0.001000,0.453233,1.000000,1.000000
0.683279,1.000000,0.001000,0.018004,0.650965,1.000000,0.010591,0.001000,1.000000,0.001000
0.001000,0.667043,1.000000,0.373421,1.000000,1.000000,0.001000,0.283391,1.000000,0.001000
1.000000,0.001000,0.001000,0.005223,0.001000,0.262454,1.000000,0.001000,0.662955,1.000000
0.602084,0.259122,1.000000,0.001000,0.507035,0.058684,0.001000,0.001000,0.057344,1.000000
0.320948,1.000000,1.000000,0.001000,0.426370,0.054465,0.001000,1.000000,0.072252,0.610592
0.488812,0.001000,0.780980,1.000000,0.755988,1.000000,0.001000,0.850614,0.001000,1.000000
1.000000,0.001000,0.157914,0.257991,0.495859,0.001000,0.001000,0.695011,1.000000,1.000000
0.001000,0.316439,0.001000,0.001000,0.614482,1.000000,0.001000,1.000000,1.000000,0.116643
0.938577,0.061257,1.000000,0.001000,0.001000,0.843803,0.642983,0.001000,1.000000,0.124563
0.001000,0.009783,0.001000,1.000000,0.053442,0.001000,0.001000,1.000000,0.196385,0.381667
0.001000,0.715655,1.000000,1.000000,0.950217,0.472519,0.068373,0.446094,0.001000,0.939275
0.522137,1.000000,0.170817,0.001000,0.195982,1.000000,1.000000,0.037359,0.076877,1.000000
0.001000,0.001000,1.000000,0.912930,0.001000,0.001000,1.000000,1.000000,1.000000,1.000000
0.021545,0.137273,0.613115,0.065579,0.190117,0.001000,0.141019,1.000000,0.785733,0.001000
0.687410,0.529080,1.000000,0.001000,0.715421,0.680146,0.592415,0.001000,1.000000,0.001000
1.000000,0.917308,0.001000,0.001000,0.001000,0.001000,0.184333,1.000000,1.000000,1.000000
1.000000,1.000000,0.313120,0.001000,0.298150,1.000000,0.001000,1.000000,0.001000,1.000000
0.001000,1.000000,0.314021,0.001000,0.308849,0.001000,0.001000,0.859343,0.001000,0.918014
0.001000,1.000000,0.001000,0.001000,0.685219,0.001000,0.001000,1.000000,0.001000,0.001000
1.000000,0.001000,0.001000,0.001000,0.768312,1.000000,1.000000,1.000000,1.000000,0.001000
0.001000,0.399247,0.972806,0.356301,1.000000,0.001000,0.001000,0.934806,0.001000,0.001000
1.000000,1.000000,1.000000,0.357197,0.001000,0.001000,0.015693,1.000000,0.001000,1.000000
0.450036,0.001000,1.000000,1.000000,0.001000,0.001000,0.001000,0.419351,1.000000,0.001000
0.161711,1.000000,0.001000,0.001000,1.000000,1.000000,0.001000,0.001000,0.029609,1.000000
1.000000,0.001000,0.290638,0.001000,0.001000,0.001000,0.779690,0.001000,0.001000,0.001000
1.000000,0.001000,1.000000,0.001000,1.000000,1.000000,0.064653,0.469566,1.000000,1.000000
0.488074,0.001000,1.000000,0.984191,0.239270,1.000000,0.001000,1.000000,0.218427,0.333260
1.000000,0.973225,1.000000,0.185082,1.000000,0.589479,1.000000,1.000000,0.001000,0.001000
1.000000,1.000000,1.000000,0.888525,0.001000,1.000000,1.000000,1.000000,1.000000,1.000000
0.001000,0.493513,0.001000,1.000000,0.001000,0.074438,0.001000,0.280607,1.000000,0.383943
0.014133,1.000000,0.313263,0.319966,0.762622,0.001000,0.414209,0.001000,0.001000,0.001000
1.000000,1.000000,0.001000,1.000000,0.001000,0.001000,1.000000,0.686773,0.400234,0.001000
1.000000,0.001000,1.000000,1.000000,0.001000,0.001000,0.329804,0.001000,0.001000,0.001000
0.001000,1.000000,0.438403,0.949287,0.001000,0.001000,0.034542,0.975030,0.542053,0.001000
0.001000,1.000000,1.000000,0.861440,0.987151,1.000000,0.749141,0.210861,0.001000,0.001000
1.000000,0.001000,1.000000,0.744461,0.001000,0.732523,0.899496,1.000000,0.476320,0.989813
0.001000,0.001000,1.000000,1.000000,1.000000,0.805002,1.000000,0.821658,1.000000,0.490066
0.001000,0.001000,1.000000,0.875810,1.000000,1.000000,0.146447,0.001000,0.624483,0.324184
0.892448,0.001000,0.001000,0.001000,0.722281,0.467822,1.000000,1.000000,0.509214,1.000000
0.275718,1.000000,0.001000,0.726332,1.000000,0.794416,0.569247,0.339765,1.000000,1.000000
0.301930,0.001000,1.000000,0.387533,0.001000,1.000000,0.776435,0.211414,0.559750,1.000000
1.000000,1.000000,1.000000,0.001000,1.000000,1.000000,0.675476,1.000000,0.351163,1.000000
0.295349,0.947258,0.001000,1.000000,0.288427,0.603650,0.856461,0.667764,0.001000,1.000000
0.492924,1.000000,0.001000,0.001000,0.001000,1.000000,0.283026,0.599200,0.085985,0.782419
0.001000,0.001000,0.198784,0.343778,0.906855,1.000000,0.001000,1.000000,0.236874,1.000000
1.000000,0.741911,0.437780,0.415156,0.976098,0.964709,0.888351,1.000000,0.652391,0.001000
0.099624,0.730361,0.001000,0.996985,0.001000,0.144776,0.001000,0.001000,0.001000,0.690914
0.402110,0.001000,1.000000,0.284048,0.033514,0.713862,0.001000,0.001000,0.001000,0.375446
1.000000,0.001000,0.318433,0.001000,0.001000,0.776512,0.187744,0.710947,0.001000,1.000000
1.000000,1.000000,1.000000,0.613006,0.841545,0.194863,1.000000,1.000000,0.096021,0.001000
0.001000,0.001000,0.001000,0.206053,0.001000,0.001000,0.244668,0.553062,0.001000,1.000000
1.000000,1.000000,1.000000,0.001000,0.285448,0.825080,1.000000,0.616717,1.000000,0.985430
1.000000,1.000000,1.000000,0.001000,1.000000,0.001000,0.001000,0.108196,0.847291,0.460456
0.303426,0.001000,0.964632,0.432916,0.001000,0.001000,1.000000,0.001000,0.395962,0.553975
0.052505,1.000000,0.001000,0.962257,0.001000,1.000000,0.763739,0.411295,0.001000,0.001000
0.311424,0.001000,0.510179,1.000000,1.000000,0.001000,1.000000,0.001000,1.000000,1.000000
0.001000,1.000000,1.000000,1.000000,0.001000,0.310341,0.001000,1.000000,0.001000,0.001000
0.001000,0.001000,0.656911,0.433926,0.001000,1.000000,0.882739,0.001000,0.001000,1.000000
0.614446,1.000000,0.001000,1.000000,0.464305,1.000000,0.001000,0.001000,1.000000,1.000000
1.000000,0.206644,0.001000,0.357287,1.000000,0.486737,0.001000,1.000000,1.000000,0.287633
0.001000,1.000000,0.001000,1.000000,0.210149,1.000000,0.668027,0.439111,0.001000,0.947647
1.000000,1.000000,0.348678,1.000000,0.211705,0.001000,0.604579,0.420458,1.000000,1.000000
0.470412,0.001000,0.723900,0.468354,0.073515,1.000000,0.730259,0.635617,0.070455,0.001000
0.809239,0.666565,0.909390,0.001000,0.001000,1.000000,0.001000,0.001000,0.001000,1.000000
0.920001,0.674647,0.442008,0.474048,0.020984,1.000000,0.888088,1.000000,0.001000,1.000000
0.001000,1.000000,0.574619,1.000000,0.534751,0.998085,1.000000,1.000000,0.257477,0.001000
0.484131,1.000000,0.155018,1.000000,1.000000,0.595544,1.000000,0.001000,1.000000,0.001000
0.084636,1.000000,0.875703,1.000000,0.001000,1.000000,1.000000,0.683070,0.001000,0.208490
0.001000,0.581250,0.203610,0.001000,1.000000,0.001000,0.001000,0.996373,0.001000,1.000000
0.776264,0.056012,1.000000,0.001000,0.001000,0.015936,1.000000,1.000000,0.483242,1.000000
0.001000,0.534649,0.610049,0.386944,0.230495,0.261091,0.001000,0.606378,0.179746,0.000123
1.000000,0.800513,0.001000,1.000000,0.001000,0.001000,0.855713,0.726758,0.001000,1.000000
0.001000,0.570972,1.000000,0.597851,0.001000,0.001000,0.001000,1.000000,0.789988,0.001000
0.001000,0.553548,0.001000,0.001000,0.001000,1.000000,0.001000,1.000000,0.001000,0.742285
0.179841,0.427004,0.797812,0.344678,0.001000,0.001000,0.914245,0.925926,0.812682,0.001000
0.513803,0.547129,0.001000,1.000000,1.000000,0.763489,1.000000,0.938509,1.000000,0.257011
1.000000,0.001000,0.001000,0.639175,0.015664,0.001000,0.795486,0.001000,1.000000,0.096148
0.499926,0.584901,0.001000,0.001000,1.000000,0.901667,0.215338,1.000000,0.595656,0.001000
0.692563,0.001000,1.000000,1.000000,0.001000,1.000000,0.001000,0.481008,0.820793,0.001000
1.000000,0.182457,1.000000,0.001000,0.495060,0.001000,1.000000,0.001000,1.000000,0.065776
0.001000,0.001000,0.501093,0.410570,0.001000,0.001000,0.060582,1.000000,1.000000,0.541006
0.001000,1.000000,0.001000,0.258859,0.001000,0.001000,1.000000,0.001000,0.741844,0.383729
1.000000,0.160157,0.241500,0.459675,1.000000,0.651986,0.956442,1.000000,1.000000,1.000000
0.369197,1.000000,1.000000,1.000000,0.802563,0.001000,0.664380,1.000000,1.000000,0.899373
0.001000,0.422752,1.000000,1.000000,1.000000,0.211193,0.001000,0.535938,1.000000,0.726678
0.001000,1.000000,1.000000,0.001000,0.872811,0.001000,0.308106,0.547153,1.000000,1.000000
0.001000,0.001000,0.001000,0.203236,1.000000,1.000000,1.000000,1.000000,0.763341,0.001000
1.000000,0.720584,0.268391,1.000000,1.000000,0.493996,0.001000,0.001000,0.898179,0.001000
0.048609,0.814432,1.000000,0.053158,0.493327,0.436423,0.001000,0.109451,1.000000,0.001000
0.606826,0.001000,0.739238,0.001000,0.001000,1.000000,0.233411,0.001000,0.205346,0.001000
