10,79,1,-1,0,0,1
5,220,1,339,4,2,1
4,185,1,330,1,2,1
6,199,4,-1,0,0,1
5,226,1,-1,0,0,1
2,141,2,176,3,2,1
5,341,1,330,2,3,1
5,151,2,-1,0,0,1
5,57,2,-1,0,0,1
4,313,1,147,2,2,1
5,273,1,-1,0,0,1
4,113,2,-1,0,0,1
8,328,2,-1,0,0,1
4,261,1,-1,0,0,0
1,89,1,241,1,2,1
8,189,2,-1,0,0,1
8,239,5,-1,0,0,1
4,114,1,152,2,2,1
5,250,1,-1,0,0,1
7,148,1,152,1,3,1
11,96,2,-1,0,0,1
11,140,3,-1,0,0,1
6,109,2,-1,0,0,1
7,125,2,-1,0,0,1
1,169,3,-1,0,0,1
11,182,2,-1,0,0,1
5,247,1,-1,0,0,1
8,119,1,105,2,2,1
7,149,2,-1,0,0,1
8,74,2,-1,0,0,1
7,897,2,-1,0,0,0
8,81,3,-1,0,0,1
11,40,1,-1,0,0,1
8,958,6,-1,0,0,0
8,354,3,-1,0,0,0
5,150,1,-1,0,0,1
10,97,1,-1,0,0,0
11,132,1,-1,0,0,0
5,765,1,342,2,2,0
5,16,18,-1,0,0,1
11,609,2,101,3,2,1
8,106,2,-1,0,0,1
5,365,1,-1,0,0,1
5,205,3,-1,0,0,1
11,11,4,-1,0,0,1
5,105,2,-1,0,0,1
2,59,3,5,2,3,1
5,425,1,-1,0,0,1
2,204,1,-1,0,0,1
1,181,1,92,1,1,0
6,1018,3,-1,0,0,0
8,1740,2,-1,0,0,1
8,98,2,-1,0,0,1
6,441,1,56,1,3,0
7,272,3,-1,0,0,1
7,159,2,-1,0,0,1
2,140,1,-1,0,0,1
11,295,1,-1,0,0,1
5,314,1,-1,0,0,1
5,579,1,-1,0,0,1
7,554,3,-1,0,0,1
10,323,1,-1,0,0,1
8,227,2,-1,0,0,1
7,134,2,-1,0,0,1
10,223,1,-1,0,0,1
5,134,1,170,5,2,1
1,155,1,-1,0,0,1
7,130,4,-1,0,0,1
7,630,3,-1,0,0,1
11,164,2,-1,0,0,1
7,268,2,182,3,1,0
5,380,1,-1,0,0,1
5,154,2,-1,0,0,1
6,154,5,-1,0,0,1
5,221,1,-1,0,0,1
8,67,2,-1,0,0,1
5,367,2,297,1,3,1
8,87,6,-1,0,0,1
2,701,1,-1,0,0,1
11,204,2,196,1,2,1
7,652,1,-1,0,0,0
8,63,2,-1,0,0,1
5,150,1,-1,0,0,1
7,398,2,460,2,2,0
6,224,1,-1,0,0,0
5,406,2,-1,0,0,1
7,60,4,-1,0,0,1
5,521,2,-1,0,0,1
4,279,1,-1,0,0,1
5,203,2,-1,0,0,1
11,201,2,-1,0,0,1
6,372,3,-1,0,0,1
5,391,1,-1,0,0,0
8,165,2,-1,0,0,1
8,231,5,-1,0,0,1
7,291,2,-1,0,0,1
5,149,2,-1,0,0,1
10,233,1,137,20,2,1
2,473,1,182,1,1,1
2,736,1,-1,0,0,0
5,337,1,-1,0,0,1
5,553,1,367,7,2,1
11,345,2,-1,0,0,1
5,65,2,-1,0,0,1
8,9,1,-1,0,0,1
4,259,2,145,3,2,1
6,371,3,-1,0,0,1
2,280,2,-1,0,0,1
4,243,1,-1,0,0,0
7,435,3,-1,0,0,1
6,258,6,169,3,1,0
7,7,5,-1,0,0,1
7,317,5,-1,0,0,1
1,76,2,207,1,2,1
8,170,4,-1,0,0,0
11,386,2,-1,0,0,0
5,83,2,-1,0,0,1
8,65,1,-1,0,0,1
8,69,1,-1,0,0,1
6,564,2,-1,0,0,1
7,588,1,-1,0,0,1
8,113,4,-1,0,0,1
5,16,1,-1,0,0,1
7,779,2,-1,0,0,1
5,281,2,266,6,2,1
8,1877,3,-1,0,0,0
9,51,1,-1,0,0,1
7,32,3,-1,0,0,1
2,176,1,288,3,2,1
4,161,1,-1,0,0,0
11,187,3,-1,0,0,1
5,24,1,-1,0,0,1
5,67,3,-1,0,0,1
5,85,1,168,2,2,1
5,317,2,-1,0,0,1
8,236,10,-1,0,0,1
5,54,1,345,2,2,1
2,71,1,-1,0,0,1
2,489,1,-1,0,0,0
6,39,2,-1,0,0,1
8,204,2,-1,0,0,1
7,455,2,-1,0,0,1
5,86,1,-1,0,0,1
11,190,2,-1,0,0,1
5,280,2,-1,0,0,1
8,588,2,-1,0,0,1
6,45,9,-1,0,0,1
7,168,5,-1,0,0,1
1,194,4,436,1,3,1
5,103,3,-1,0,0,1
5,333,2,-1,0,0,1
7,102,3,-1,0,0,1
7,92,1,-1,0,0,1
2,213,2,-1,0,0,1
5,289,1,-1,0,0,1
8,77,2,-1,0,0,1
6,324,3,90,2,1,0
1,84,3,183,3,2,1
1,168,1,-1,0,0,1
4,380,1,-1,0,0,1
10,10,1,-1,0,0,1
5,199,2,-1,0,0,1
5,35,3,-1,0,0,1
5,82,2,-1,0,0,1
10,676,2,146,2,2,0
6,455,1,-1,0,0,1
3,80,4,-1,0,0,1
1,549,2,-1,0,0,1
5,135,1,-1,0,0,1
7,412,1,-1,0,0,1
6,101,3,-1,0,0,1
1,253,2,-1,0,0,1
4,272,1,335,4,3,1
7,84,1,-1,0,0,1
11,135,2,-1,0,0,1
7,166,1,-1,0,0,1
7,18,7,-1,0,0,1
5,147,2,347,1,2,1
6,63,1,-1,0,0,1
11,65,2,119,1,2,1
2,194,2,-1,0,0,1
7,333,2,-1,0,0,1
5,14,5,-1,0,0,1
6,140,1,-1,0,0,1
6,109,3,-1,0,0,1
7,61,2,-1,0,0,1
11,377,3,7,4,1,1
2,96,1,271,2,3,1
5,152,2,347,1,2,1
6,382,2,-1,0,0,0
7,97,6,-1,0,0,1
7,543,12,-1,0,0,1
11,240,2,-1,0,0,1
6,48,2,-1,0,0,1
6,471,2,-1,0,0,1
7,354,3,-1,0,0,1
5,435,2,-1,0,0,1
11,152,2,-1,0,0,1
4,285,1,-1,0,0,1
4,185,1,181,2,1,0
5,301,1,88,2,1,1
8,273,2,-1,0,0,1
8,768,2,141,3,2,0
11,1337,4,126,1,2,1
4,403,1,-1,0,0,0
11,139,2,-1,0,0,1
7,196,1,-1,0,0,1
7,115,1,61,1,2,1
2,60,1,271,1,2,1
8,17,14,-1,0,0,1
8,141,3,-1,0,0,1
6,95,3,-1,0,0,1
5,10,2,373,1,3,1
11,198,1,-1,0,0,1
8,220,4,-1,0,0,1
8,654,2,-1,0,0,0
8,71,2,-1,0,0,1
5,256,2,351,2,2,1
7,834,10,-1,0,0,1
8,151,3,-1,0,0,1
7,20,3,-1,0,0,1
5,178,5,-1,0,0,1
5,59,2,-1,0,0,1
8,111,7,-1,0,0,1
11,186,1,-1,0,0,1
5,227,1,-1,0,0,1
5,297,3,-1,0,0,1
4,210,1,242,1,3,1
5,9,1,-1,0,0,1
9,112,1,62,6,3,1
8,112,6,-1,0,0,1
6,222,3,-1,0,0,1
5,195,3,351,10,2,1
7,768,2,91,5,1,1
1,123,1,-1,0,0,1
8,145,3,-1,0,0,1
4,124,1,308,2,3,1
5,216,3,-1,0,0,1
6,69,3,-1,0,0,1
7,168,4,-1,0,0,1
7,483,7,-1,0,0,1
11,690,3,-1,0,0,1
8,125,12,-1,0,0,1
6,344,2,-1,0,0,1
5,673,2,-1,0,0,1
1,60,1,250,1,3,1
5,247,2,-1,0,0,1
5,123,2,-1,0,0,1
7,144,2,-1,0,0,1
5,9,2,172,5,2,1
2,155,3,-1,0,0,1
8,134,5,-1,0,0,1
7,221,2,-1,0,0,1
2,84,3,265,2,2,1
8,71,2,-1,0,0,1
5,246,4,-1,0,0,1
7,361,2,-1,0,0,1
8,119,4,-1,0,0,1
7,375,2,-1,0,0,1
7,1097,3,-1,0,0,0
7,97,1,-1,0,0,1
8,181,2,-1,0,0,1
2,83,3,-1,0,0,1
7,180,4,-1,0,0,1
8,543,1,78,2,2,1
5,373,1,-1,0,0,1
5,230,1,-1,0,0,1
7,83,3,-1,0,0,1
7,58,13,-1,0,0,1
7,88,6,-1,0,0,1
6,297,1,28,3,2,1
5,487,1,-1,0,0,0
6,29,3,-1,0,0,1
11,484,4,-1,0,0,1
7,262,4,-1,0,0,1
5,644,1,-1,0,0,1
8,699,2,79,1,2,1
8,247,2,-1,0,0,1
11,49,3,-1,0,0,1
5,341,1,-1,0,0,1
5,64,2,-1,0,0,1
4,121,1,-1,0,0,1
6,98,1,-1,0,0,1
5,88,6,-1,0,0,1
6,197,6,-1,0,0,1
5,331,1,-1,0,0,1
6,83,3,-1,0,0,1
5,138,2,-1,0,0,1
7,312,5,-1,0,0,1
8,120,3,1,6,1,0
8,526,2,-1,0,0,0
5,211,2,-1,0,0,1
8,62,6,-1,0,0,1
7,135,5,-1,0,0,1
8,101,2,-1,0,0,1
7,988,2,-1,0,0,0
1,451,1,-1,0,0,1
5,1030,1,-1,0,0,0
7,1484,24,-1,0,0,0
4,317,5,-1,0,0,0
5,445,1,-1,0,0,1
6,383,2,188,5,2,1
7,605,1,-1,0,0,1
7,330,2,-1,0,0,1
7,171,2,-1,0,0,1
7,442,2,-1,0,0,1
4,772,1,-1,0,0,0
5,249,5,-1,0,0,1
5,357,1,-1,0,0,1
11,147,2,-1,0,0,1
5,199,7,167,1,2,1
1,271,2,-1,0,0,1
7,783,3,-1,0,0,1
8,472,2,-1,0,0,1
5,223,3,89,2,2,0
5,395,2,-1,0,0,1
2,56,1,-1,0,0,1
6,641,6,-1,0,0,1
5,429,4,164,2,2,0
5,113,1,-1,0,0,1
6,11,11,-1,0,0,1
2,157,1,-1,0,0,1
7,79,4,-1,0,0,1
8,178,1,1,1,1,0
6,168,1,-1,0,0,1
11,425,1,462,1,2,1
11,162,1,-1,0,0,1
7,799,2,-1,0,0,0
12,1370,3,209,3,1,0
5,357,1,-1,0,0,1
7,22,6,-1,0,0,1
4,215,3,321,3,3,1
7,56,4,-1,0,0,1
7,1017,6,-1,0,0,0
4,298,4,-1,0,0,0
5,126,1,-1,0,0,1
9,9,1,-1,0,0,1
2,8,1,254,5,2,1
10,201,1,183,1,1,1
5,106,2,-1,0,0,1
11,164,1,176,1,2,1
2,97,1,-1,0,0,1
7,151,1,-1,0,0,1
5,96,2,-1,0,0,1
4,555,1,-1,0,0,1
5,270,2,347,1,2,1
7,339,3,-1,0,0,1
9,328,2,94,2,1,0
5,159,1,-1,0,0,1
5,323,2,364,1,2,1
4,342,1,-1,0,0,1
11,180,1,-1,0,0,1
7,60,3,-1,0,0,1
11,223,1,96,2,2,1
5,1434,2,356,4,2,1
5,30,2,-1,0,0,1
5,134,4,-1,0,0,1
2,10,2,-1,0,0,1
4,397,2,-1,0,0,0
5,620,1,-1,0,0,1
11,6,6,-1,0,0,1
5,209,2,-1,0,0,1
5,419,2,-1,0,0,1
11,283,2,-1,0,0,1
8,188,2,-1,0,0,1
9,267,1,-1,0,0,1
4,196,2,-1,0,0,1
4,245,1,149,2,2,1
8,323,1,-1,0,0,0
11,1065,1,183,1,3,1
6,138,5,-1,0,0,1
6,207,1,-1,0,0,1
6,456,3,-1,0,0,1
8,261,1,-1,0,0,1
5,80,1,308,4,2,1
5,131,6,363,9,2,1
6,94,7,-1,0,0,1
5,567,3,275,4,2,0
5,153,1,-1,0,0,1
5,109,1,-1,0,0,1
4,53,1,325,1,2,1
6,77,1,-1,0,0,1
3,234,2,-1,0,0,0
5,121,2,341,4,2,1
7,155,2,-1,0,0,1
4,108,1,-1,0,0,1
6,159,3,-1,0,0,1
5,208,3,-1,0,0,1
5,215,1,-1,0,0,1
5,597,3,-1,0,0,1
2,505,2,260,1,3,1
6,380,4,-1,0,0,1
3,120,1,-1,0,0,1
8,106,4,-1,0,0,1
5,332,2,358,2,2,1
5,221,4,-1,0,0,1
6,80,1,-1,0,0,1
5,60,5,87,1,1,1
5,212,3,-1,0,0,1
4,493,3,-1,0,0,1
11,98,2,-1,0,0,1
7,681,1,-1,0,0,0
7,203,1,-1,0,0,1
11,157,1,-1,0,0,1
6,287,1,-1,0,0,1
8,159,2,-1,0,0,1
5,125,1,-1,0,0,1
7,202,2,-1,0,0,1
5,37,3,303,1,2,1
1,161,1,98,2,2,0
8,72,4,-1,0,0,1
2,342,1,-1,0,0,1
11,262,1,183,1,2,0
8,325,2,-1,0,0,1
8,223,7,-1,0,0,1
7,1212,4,-1,0,0,0
8,319,2,-1,0,0,1
1,182,2,-1,0,0,1
7,330,1,-1,0,0,1
11,514,1,-1,0,0,1
5,213,1,-1,0,0,1
5,551,1,351,1,2,1
4,472,2,-1,0,0,1
4,140,4,327,2,2,1
5,142,1,-1,0,0,1
6,135,3,-1,0,0,1
5,293,1,-1,0,0,1
5,107,1,-1,0,0,1
5,127,2,-1,0,0,1
11,1816,1,-1,0,0,1
2,200,3,-1,0,0,1
5,418,1,-1,0,0,1
7,387,4,-1,0,0,1
5,156,1,337,3,2,1
7,121,2,-1,0,0,1
6,108,2,-1,0,0,1
5,47,1,-1,0,0,1
4,16,5,322,4,3,1
11,54,2,-1,0,0,1
8,265,2,-1,0,0,1
5,168,1,-1,0,0,1
5,115,3,-1,0,0,1
8,31,8,-1,0,0,1
7,279,4,-1,0,0,0
9,28,2,-1,0,0,1
4,369,1,-1,0,0,1
5,247,1,-1,0,0,1
4,155,1,-1,0,0,1
7,89,1,-1,0,0,1
11,180,1,-1,0,0,1
11,854,1,-1,0,0,0
4,46,1,-1,0,0,1
5,266,2,-1,0,0,1
5,321,2,-1,0,0,1
8,99,24,-1,0,0,1
5,147,1,-1,0,0,1
4,430,1,-1,0,0,0
7,264,1,-1,0,0,1
7,156,6,-1,0,0,1
5,118,1,102,2,2,1
5,343,3,-1,0,0,1
8,226,3,-1,0,0,1
6,5,1,-1,0,0,1
11,138,1,-1,0,0,1
9,185,1,99,5,1,0
2,722,1,99,4,2,1
5,748,1,-1,0,0,1
5,142,1,-1,0,0,1
11,523,3,-1,0,0,1
6,8,10,-1,0,0,1
11,153,1,-1,0,0,1
5,210,2,-1,0,0,1
7,121,1,-1,0,0,1
3,212,1,-1,0,0,0
5,253,3,-1,0,0,1
5,139,4,-1,0,0,1
5,71,1,-1,0,0,1
5,421,1,92,2,1,0
5,199,1,-1,0,0,1
5,108,1,-1,0,0,1
5,247,2,-1,0,0,1
7,236,4,-1,0,0,1
2,97,4,196,5,2,1
7,109,8,-1,0,0,1
6,112,2,-1,0,0,1
6,15,10,-1,0,0,1
7,502,3,-1,0,0,1
5,30,3,-1,0,0,1
6,193,2,-1,0,0,1
8,347,2,-1,0,0,1
5,468,2,-1,0,0,1
5,148,1,-1,0,0,1
3,295,1,91,2,1,0
8,388,6,-1,0,0,0
8,1735,4,-1,0,0,0
5,339,1,-1,0,0,1
5,172,1,370,1,2,1
11,117,2,-1,0,0,1
6,587,2,-1,0,0,1
11,501,2,-1,0,0,1
8,203,5,84,1,2,1
7,282,9,-1,0,0,1
8,110,5,-1,0,0,1
7,104,2,-1,0,0,0
10,231,1,-1,0,0,1
5,378,3,-1,0,0,1
7,193,6,-1,0,0,1
6,110,5,-1,0,0,1
5,92,1,-1,0,0,1
6,1407,1,-1,0,0,0
2,168,1,212,2,2,1
7,738,3,-1,0,0,1
2,220,1,63,5,2,0
5,89,2,-1,0,0,1
7,30,29,-1,0,0,1
4,103,1,325,4,2,1
6,70,1,-1,0,0,1
4,904,2,-1,0,0,0
5,159,1,367,2,3,1
9,336,1,81,2,3,1
6,220,1,-1,0,0,1
11,238,1,-1,0,0,1
11,585,4,191,4,2,1
8,293,3,-1,0,0,1
5,68,1,-1,0,0,1
6,97,1,-1,0,0,1
5,1713,1,-1,0,0,1
7,218,3,-1,0,0,1
5,109,1,360,2,2,1
11,661,1,-1,0,0,1
5,145,1,-1,0,0,1
5,54,4,-1,0,0,1
4,111,1,-1,0,0,1
5,566,2,-1,0,0,1
6,136,1,-1,0,0,1
8,273,1,-1,0,0,1
6,160,1,-1,0,0,1
7,76,4,-1,0,0,1
8,44,1,-1,0,0,1
5,239,1,-1,0,0,1
7,250,2,181,4,1,0
7,792,4,-1,0,0,1
7,198,13,-1,0,0,1
5,73,1,-1,0,0,1
8,157,3,-1,0,0,1
7,90,6,-1,0,0,1
2,236,2,-1,0,0,1
7,118,5,-1,0,0,1
11,40,1,-1,0,0,1
4,346,1,-1,0,0,1
6,200,2,-1,0,0,1
4,187,3,332,3,3,1
9,113,1,80,1,2,1
5,192,32,-1,0,0,1
5,92,1,-1,0,0,1
5,682,2,85,7,1,1
8,139,9,-1,0,0,1
8,501,2,-1,0,0,0
7,651,1,-1,0,0,0
8,405,13,-1,0,0,1
5,350,1,-1,0,0,1
4,125,2,-1,0,0,1
5,36,2,-1,0,0,1
11,35,1,176,1,2,1
5,389,2,-1,0,0,1
1,194,1,247,1,2,1
1,168,3,-1,0,0,1
6,347,3,-1,0,0,1
1,3025,2,-1,0,0,1
3,83,13,-1,0,0,1
5,332,2,-1,0,0,1
8,219,10,-1,0,0,1
4,427,1,150,1,2,1
8,65,5,-1,0,0,1
5,192,2,-1,0,0,1
8,155,1,-1,0,0,1
5,161,1,-1,0,0,1
7,533,1,-1,0,0,1
2,19,3,175,2,3,1
2,193,1,176,8,2,1
7,819,3,-1,0,0,1
4,278,1,-1,0,0,0
5,211,3,-1,0,0,1
1,617,2,-1,0,0,1
7,61,2,-1,0,0,1
7,197,6,-1,0,0,1
5,34,7,-1,0,0,1
7,95,4,-1,0,0,1
6,147,2,-1,0,0,1
7,668,2,-1,0,0,1
6,87,2,-1,0,0,1
7,405,1,-1,0,0,1
5,83,7,-1,0,0,1
6,115,1,-1,0,0,1
7,108,1,-1,0,0,1
1,113,1,-1,0,0,1
8,58,2,382,1,2,1
8,148,4,-1,0,0,1
1,188,1,261,2,2,1
7,75,3,-1,0,0,1
7,523,3,-1,0,0,1
11,103,1,-1,0,0,1
4,146,2,147,4,1,1
7,356,1,-1,0,0,0
7,71,1,-1,0,0,1
8,189,2,-1,0,0,1
5,251,1,-1,0,0,1
7,127,8,-1,0,0,1
2,197,1,-1,0,0,1
5,84,1,-1,0,0,1
5,141,2,-1,0,0,1
6,171,1,-1,0,0,1
7,262,3,-1,0,0,1
8,352,2,-1,0,0,0
4,236,1,336,1,2,1
6,184,1,-1,0,0,1
7,568,2,-1,0,0,1
8,105,2,-1,0,0,1
5,260,1,-1,0,0,1
8,222,3,182,4,1,0
6,447,2,-1,0,0,1
8,239,8,-1,0,0,1
5,426,1,-1,0,0,1
5,333,1,58,3,2,1
2,174,2,-1,0,0,1
5,284,2,-1,0,0,1
5,428,1,-1,0,0,1
7,236,1,-1,0,0,1
8,150,2,-1,0,0,1
12,237,1,206,2,2,1
7,1031,8,-1,0,0,0
11,107,1,105,3,2,1
5,45,13,-1,0,0,1
3,140,10,-1,0,0,1
6,700,1,-1,0,0,0
11,155,1,-1,0,0,1
6,211,5,-1,0,0,1
8,165,4,-1,0,0,1
7,144,5,-1,0,0,1
6,590,3,-1,0,0,0
6,43,8,-1,0,0,1
6,471,2,-1,0,0,1
5,295,2,-1,0,0,1
6,526,2,-1,0,0,0
8,27,10,-1,0,0,1
8,1181,4,-1,0,0,0
8,103,2,-1,0,0,1
11,249,3,112,2,2,1
5,231,4,-1,0,0,1
4,123,2,147,3,2,1
4,199,2,146,2,2,1
2,197,1,199,3,2,1
5,67,2,-1,0,0,1
7,220,1,-1,0,0,1
8,122,6,-1,0,0,1
5,104,7,-1,0,0,1
7,307,6,-1,0,0,1
3,117,1,91,1,1,1
5,253,1,342,1,1,1
7,770,2,-1,0,0,1
4,190,1,133,1,3,1
7,767,5,-1,0,0,0
6,232,2,-1,0,0,0
11,854,2,170,3,3,1
5,293,6,-1,0,0,1
11,986,1,94,8,2,1
11,66,1,-1,0,0,1
2,114,1,208,1,2,1
7,205,1,-1,0,0,1
7,31,4,-1,0,0,1
6,113,1,-1,0,0,1
2,200,1,253,1,2,1
11,158,1,135,1,2,1
6,99,4,-1,0,0,1
7,45,3,-1,0,0,1
5,239,4,278,2,3,1
5,168,3,-1,0,0,1
8,196,2,-1,0,0,1
6,319,6,-1,0,0,1
6,209,3,-1,0,0,1
9,184,1,-1,0,0,1
8,156,2,-1,0,0,1
7,35,16,-1,0,0,1
2,88,2,-1,0,0,1
6,347,3,140,2,1,0
4,126,2,149,8,2,1
11,157,5,-1,0,0,1
5,212,5,-1,0,0,1
10,123,1,-1,0,0,1
5,306,5,-1,0,0,1
6,63,1,-1,0,0,1
6,119,1,-1,0,0,1
5,29,1,-1,0,0,1
7,117,2,-1,0,0,1
11,231,2,-1,0,0,1
7,123,4,-1,0,0,1
11,265,1,-1,0,0,1
7,144,1,-1,0,0,1
6,559,3,-1,0,0,1
5,74,1,168,4,2,1
7,183,1,-1,0,0,1
7,631,1,-1,0,0,1
8,1282,6,-1,0,0,0
5,108,2,-1,0,0,1
6,1199,1,-1,0,0,0
5,736,2,-1,0,0,0
8,264,1,-1,0,0,1
6,262,1,-1,0,0,1
5,244,1,-1,0,0,1
5,107,2,-1,0,0,1
6,9,1,-1,0,0,1
7,149,2,-1,0,0,1
1,321,2,-1,0,0,1
4,224,1,322,3,2,1
4,157,6,-1,0,0,1
7,250,1,-1,0,0,1
8,209,4,-1,0,0,1
6,111,3,-1,0,0,1
5,55,2,298,4,2,1
7,290,13,-1,0,0,1
6,383,1,-1,0,0,1
5,380,1,-1,0,0,1
2,124,3,-1,0,0,1
5,224,2,-1,0,0,1
1,240,1,182,8,3,1
5,385,3,364,9,3,1
5,133,1,-1,0,0,1
8,91,1,-1,0,0,1
5,63,3,-1,0,0,1
11,192,2,-1,0,0,1
5,91,2,-1,0,0,1
11,79,1,172,8,2,1
10,96,1,-1,0,0,0
4,25,2,-1,0,0,1
5,227,2,-1,0,0,1
2,110,1,-1,0,0,1
8,134,2,-1,0,0,1
10,213,1,-1,0,0,0
2,75,1,273,1,2,1
8,109,2,-1,0,0,1
8,162,3,-1,0,0,1
6,275,1,-1,0,0,0
6,154,1,124,1,3,1
8,632,4,-1,0,0,0
4,251,1,-1,0,0,1
7,141,1,-1,0,0,1
4,154,1,-1,0,0,1
5,63,1,-1,0,0,1
7,259,1,-1,0,0,1
5,100,1,-1,0,0,1
5,17,10,-1,0,0,1
11,192,9,-1,0,0,1
5,97,9,-1,0,0,1
8,41,2,-1,0,0,1
6,200,3,-1,0,0,1
11,91,3,-1,0,0,1
6,264,1,-1,0,0,0
11,397,2,-1,0,0,1
5,86,1,-1,0,0,1
2,446,1,-1,0,0,1
4,304,1,-1,0,0,1
6,88,4,-1,0,0,1
4,86,2,-1,0,0,1
5,63,1,-1,0,0,1
5,335,2,281,8,2,1
1,293,2,162,4,2,1
5,227,4,-1,0,0,1
5,146,2,-1,0,0,1
7,276,3,-1,0,0,1
4,238,3,323,2,2,1
7,14,6,-1,0,0,1
5,144,2,-1,0,0,1
7,367,1,-1,0,0,1
7,132,1,-1,0,0,1
5,42,4,-1,0,0,1
6,227,1,-1,0,0,1
5,40,8,349,6,2,1
5,614,2,-1,0,0,1
5,270,1,-1,0,0,1
9,15,1,-1,0,0,1
5,304,2,-1,0,0,1
5,79,3,-1,0,0,1
6,101,1,-1,0,0,1
5,55,3,-1,0,0,1
5,205,3,-1,0,0,1
5,259,2,-1,0,0,1
8,60,2,-1,0,0,1
4,122,2,-1,0,0,1
7,557,5,-1,0,0,1
5,42,1,-1,0,0,1
8,373,8,-1,0,0,1
7,80,3,-1,0,0,1
5,239,3,-1,0,0,1
6,29,1,-1,0,0,1
6,1663,1,-1,0,0,0
5,186,4,-1,0,0,1
6,430,1,-1,0,0,1
3,58,2,-1,0,0,1
8,279,1,117,1,2,1
7,332,2,-1,0,0,1
8,510,2,2,5,3,1
4,218,1,330,2,2,1
4,74,2,256,1,2,1
10,676,1,-1,0,0,1
5,1259,2,333,18,2,1
11,285,3,116,4,2,1
5,298,1,-1,0,0,1
7,225,4,-1,0,0,1
5,80,2,268,2,3,1
4,342,1,-1,0,0,0
7,404,3,-1,0,0,1
7,332,1,-1,0,0,1
1,158,1,-1,0,0,1
5,164,1,-1,0,0,1
2,57,1,247,1,3,1
5,121,1,-1,0,0,1
5,56,1,-1,0,0,1
7,178,1,-1,0,0,1
1,283,1,-1,0,0,1
5,113,1,337,2,3,1
11,22,5,-1,0,0,1
2,159,2,271,1,2,1
10,138,1,136,8,3,1
11,1015,1,198,2,3,0
2,182,1,-1,0,0,1
2,112,3,-1,0,0,1
7,114,1,-1,0,0,1
7,80,8,-1,0,0,1
1,66,1,241,1,3,1
8,135,22,-1,0,0,1
9,99,1,-1,0,0,1
6,761,2,-1,0,0,0
7,464,1,-1,0,0,1
6,20,2,-1,0,0,1
7,206,4,-1,0,0,1
7,283,2,-1,0,0,1
6,64,1,-1,0,0,1
5,667,3,357,3,3,0
2,73,3,-1,0,0,1
5,156,2,-1,0,0,1
6,559,7,-1,0,0,1
8,143,2,-1,0,0,1
5,62,1,-1,0,0,1
1,219,2,259,5,2,1
5,15,3,-1,0,0,1
4,567,1,-1,0,0,1
7,188,2,-1,0,0,1
7,159,2,-1,0,0,1
7,121,2,-1,0,0,1
6,345,1,94,3,3,0
5,717,1,-1,0,0,1
8,71,3,-1,0,0,1
11,144,2,-1,0,0,1
7,38,1,-1,0,0,1
8,60,2,-1,0,0,1
9,336,2,183,2,1,0
6,92,4,-1,0,0,1
5,254,2,353,1,2,1
10,104,1,85,19,2,1
4,74,5,-1,0,0,1
8,156,2,-1,0,0,1
1,146,2,-1,0,0,1
5,882,1,-1,0,0,0
5,84,4,-1,0,0,1
5,114,2,-1,0,0,1
7,957,3,-1,0,0,1
6,67,3,-1,0,0,1
7,211,11,-1,0,0,1
8,299,2,-1,0,0,1
5,102,6,349,1,2,1
5,225,1,-1,0,0,1
4,654,2,-1,0,0,0
5,234,2,-1,0,0,1
7,48,6,-1,0,0,1
5,167,1,174,7,3,1
5,500,2,-1,0,0,1
8,22,2,-1,0,0,1
11,258,2,-1,0,0,1
11,177,1,-1,0,0,1
5,62,2,-1,0,0,1
4,457,1,80,1,1,0
4,460,2,345,2,2,1
7,184,4,-1,0,0,1
5,119,3,371,3,2,1
3,77,6,-1,0,0,1
7,107,1,-1,0,0,1
5,1028,2,-1,0,0,0
5,87,1,-1,0,0,1
5,315,4,-1,0,0,1
11,107,2,-1,0,0,1
7,201,5,-1,0,0,1
1,94,1,205,2,2,1
11,192,2,92,2,2,0
1,185,2,246,1,2,1
11,77,1,-1,0,0,1
5,142,3,-1,0,0,1
2,381,1,-1,0,0,1
11,222,2,-1,0,0,1
4,106,1,-1,0,0,1
5,117,1,-1,0,0,1
8,67,3,-1,0,0,1
5,45,2,169,2,2,1
7,643,2,-1,0,0,1
10,76,1,69,2,2,1
8,508,6,-1,0,0,1
7,128,2,-1,0,0,0
4,193,2,322,1,3,1
6,172,6,-1,0,0,1
2,142,2,-1,0,0,1
5,492,2,-1,0,0,1
6,140,1,-1,0,0,1
6,140,2,-1,0,0,1
5,257,2,-1,0,0,1
1,41,2,266,2,2,1
8,91,2,-1,0,0,1
4,132,2,-1,0,0,1
6,284,1,-1,0,0,1
7,184,2,-1,0,0,1
7,225,1,-1,0,0,1
5,241,3,-1,0,0,1
8,79,3,-1,0,0,1
4,156,1,-1,0,0,1
10,223,2,-1,0,0,1
5,198,1,-1,0,0,1
8,536,2,-1,0,0,1
5,304,2,-1,0,0,1
4,196,2,315,2,2,1
5,298,2,-1,0,0,1
5,86,6,-1,0,0,1
5,186,1,-1,0,0,1
7,167,3,-1,0,0,1
7,24,12,-1,0,0,1
8,74,3,-1,0,0,1
6,601,1,-1,0,0,1
5,1168,2,-1,0,0,1
4,277,2,-1,0,0,1
2,748,3,-1,0,0,1
5,364,1,-1,0,0,1
5,229,3,-1,0,0,1
8,43,13,-1,0,0,1
6,177,1,-1,0,0,0
8,262,1,99,2,1,0
5,317,1,169,2,2,1
6,402,22,-1,0,0,1
6,314,1,-1,0,0,0
2,109,3,-1,0,0,0
8,56,6,-1,0,0,1
5,169,2,-1,0,0,1
5,127,1,-1,0,0,1
8,175,3,-1,0,0,1
8,56,2,-1,0,0,1
7,123,1,-1,0,0,1
1,148,2,-1,0,0,1
2,231,1,-1,0,0,1
7,255,1,-1,0,0,1
8,37,3,-1,0,0,1
8,106,1,110,2,3,1
5,95,1,-1,0,0,1
7,134,2,-1,0,0,1
4,820,2,-1,0,0,1
2,116,1,273,3,2,1
5,463,1,-1,0,0,1
8,603,3,-1,0,0,1
5,47,5,-1,0,0,1
11,126,1,-1,0,0,1
6,421,2,-1,0,0,0
6,174,8,-1,0,0,1
1,144,1,266,2,2,1
8,191,2,-1,0,0,1
4,222,1,-1,0,0,1
8,206,1,461,1,2,0
7,74,1,-1,0,0,1
5,24,1,-1,0,0,1
5,7,11,351,1,2,1
5,493,7,-1,0,0,1
3,350,3,-1,0,0,0
6,250,3,-1,0,0,1
8,86,4,-1,0,0,1
11,371,1,-1,0,0,1
6,419,2,-1,0,0,1
5,2087,2,-1,0,0,0
5,22,4,-1,0,0,1
5,266,1,-1,0,0,1
7,191,1,-1,0,0,1
2,222,4,94,2,1,0
7,264,3,-1,0,0,1
6,184,5,-1,0,0,1
5,95,3,-1,0,0,1
8,127,2,-1,0,0,1
7,395,4,-1,0,0,1
4,174,1,-1,0,0,1
4,124,1,-1,0,0,0
5,102,2,-1,0,0,1
4,279,1,-1,0,0,1
8,76,11,-1,0,0,1
5,472,2,-1,0,0,1
8,84,11,-1,0,0,1
11,271,1,184,1,2,1
5,754,1,-1,0,0,1
5,172,5,371,5,2,1
4,375,2,-1,0,0,1
8,130,2,-1,0,0,1
5,303,3,-1,0,0,1
5,261,1,-1,0,0,1
4,229,3,-1,0,0,1
6,288,1,-1,0,0,1
11,219,3,-1,0,0,1
5,891,4,-1,0,0,0
5,204,1,-1,0,0,1
6,19,6,-1,0,0,1
8,158,2,-1,0,0,1
5,314,1,-1,0,0,1
5,215,1,-1,0,0,1
8,169,4,-1,0,0,1
7,101,4,-1,0,0,1
5,15,13,-1,0,0,1
5,260,5,-1,0,0,1
5,558,1,-1,0,0,0
6,287,4,-1,0,0,1
4,371,2,-1,0,0,0
8,149,1,78,5,2,0
10,187,1,-1,0,0,0
5,32,1,-1,0,0,1
5,138,1,-1,0,0,1
6,228,2,-1,0,0,1
7,353,2,-1,0,0,0
5,45,2,-1,0,0,1
7,76,2,-1,0,0,1
5,144,2,-1,0,0,1
8,168,2,-1,0,0,1
1,140,1,2,3,3,1
6,94,1,-1,0,0,1
6,118,3,-1,0,0,1
5,382,1,-1,0,0,1
11,111,1,-1,0,0,1
5,298,2,-1,0,0,1
5,121,1,-1,0,0,1
5,317,7,-1,0,0,1
5,42,1,-1,0,0,1
8,81,2,-1,0,0,1
4,296,1,270,3,2,0
7,259,2,-1,0,0,1
8,121,6,112,3,3,1
5,432,3,-1,0,0,1
8,126,2,-1,0,0,1
7,120,4,-1,0,0,1
1,136,1,-1,0,0,1
4,1130,3,-1,0,0,1
12,330,2,127,3,1,0
7,305,2,-1,0,0,1
6,332,3,-1,0,0,1
5,412,1,-1,0,0,1
5,157,1,-1,0,0,1
7,71,2,-1,0,0,1
5,297,2,-1,0,0,1
11,307,1,-1,0,0,1
8,250,2,187,2,1,0
4,119,1,-1,0,0,1
8,116,2,-1,0,0,1
7,274,1,-1,0,0,1
8,389,1,64,2,1,0
8,143,1,-1,0,0,1
5,860,2,-1,0,0,1
5,420,2,-1,0,0,1
5,213,1,-1,0,0,1
11,756,1,-1,0,0,1
8,259,3,-1,0,0,1
7,201,16,-1,0,0,1
5,19,9,-1,0,0,1
11,53,1,172,3,2,1
5,224,4,-1,0,0,0
5,57,5,349,1,3,1
5,251,1,-1,0,0,1
4,39,1,342,3,2,1
6,54,3,-1,0,0,1
5,28,18,-1,0,0,1
11,104,1,99,2,3,0
3,164,2,130,2,2,0
8,268,2,-1,0,0,1
11,148,1,-1,0,0,1
5,228,3,-1,0,0,1
8,139,5,-1,0,0,1
8,89,3,-1,0,0,1
7,250,2,182,1,1,1
5,106,6,-1,0,0,1
7,968,1,-1,0,0,0
8,168,3,-1,0,0,1
7,408,14,-1,0,0,1
10,56,4,-1,0,0,1
7,55,5,-1,0,0,1
5,76,4,-1,0,0,1
8,72,5,-1,0,0,1
8,99,3,-1,0,0,1
8,13,15,-1,0,0,1
4,178,1,-1,0,0,1
6,287,1,-1,0,0,1
5,141,1,346,2,3,1
11,127,1,100,2,2,1
8,69,2,-1,0,0,1
6,763,4,-1,0,0,1
2,122,1,92,1,2,1
5,143,1,-1,0,0,1
2,316,3,-1,0,0,1
7,89,2,-1,0,0,1
5,151,1,352,1,2,1
11,40,1,-1,0,0,1
10,5,1,808,12,2,1
7,90,1,-1,0,0,1
11,50,1,113,5,3,1
4,159,2,378,3,2,0
7,369,6,-1,0,0,1
10,344,2,182,8,3,0
9,256,2,94,1,2,1
10,298,1,-1,0,0,1
8,268,3,-1,0,0,1
4,231,1,-1,0,0,1
5,4,4,-1,0,0,1
5,78,5,292,3,2,1
6,419,1,-1,0,0,1
5,421,3,-1,0,0,1
7,105,1,-1,0,0,1
6,42,1,-1,0,0,1
5,114,7,287,3,2,1
8,286,2,-1,0,0,1
10,238,1,107,2,1,0
6,91,1,-1,0,0,1
8,766,3,-1,0,0,1
1,92,1,-1,0,0,1
8,211,3,-1,0,0,1
5,160,2,360,3,2,1
2,166,3,-1,0,0,1
11,195,1,-1,0,0,1
7,106,1,-1,0,0,1
7,85,3,-1,0,0,1
7,78,1,-1,0,0,1
5,648,1,-1,0,0,0
11,177,2,174,1,3,1
5,32,1,-1,0,0,1
8,24,12,-1,0,0,1
5,688,2,-1,0,0,1
5,21,5,-1,0,0,1
5,112,1,-1,0,0,1
6,593,1,-1,0,0,0
8,59,2,-1,0,0,1
1,121,3,-1,0,0,1
7,97,2,-1,0,0,1
8,86,2,-1,0,0,1
5,10,10,-1,0,0,1
6,205,3,-1,0,0,1
6,77,2,-1,0,0,1
11,138,2,-1,0,0,1
11,289,1,-1,0,0,0
8,86,4,-1,0,0,1
8,9,3,-1,0,0,1
5,225,1,364,1,2,1
7,407,4,-1,0,0,1
6,1030,6,-1,0,0,1
8,123,2,-1,0,0,1
10,119,4,-1,0,0,1
5,175,1,293,5,2,1
6,299,5,-1,0,0,1
2,563,1,-1,0,0,1
5,241,1,-1,0,0,1
5,52,4,91,1,3,1
6,76,3,-1,0,0,1
11,441,1,-1,0,0,1
4,319,1,182,1,1,0
9,13,1,373,6,1,1
5,803,1,-1,0,0,0
5,396,2,-1,0,0,1
6,188,1,-1,0,0,1
4,637,1,-1,0,0,1
6,175,7,-1,0,0,1
4,945,1,139,1,1,1
5,162,3,-1,0,0,1
6,1178,3,-1,0,0,1
5,506,2,170,3,2,1
1,409,2,-1,0,0,0
7,116,3,-1,0,0,1
4,244,1,-1,0,0,0
5,352,4,-1,0,0,0
5,152,1,182,6,1,0
5,164,2,-1,0,0,1
5,234,3,-1,0,0,1
8,154,4,-1,0,0,1
5,566,2,-1,0,0,1
10,327,2,183,3,1,1
5,265,3,-1,0,0,1
6,172,1,-1,0,0,1
7,257,2,-1,0,0,1
5,618,1,-1,0,0,0
1,241,3,-1,0,0,1
7,936,4,-1,0,0,1
4,329,1,322,1,2,1
5,24,1,346,1,2,1
6,177,5,138,1,2,1
10,120,1,-1,0,0,1
4,135,3,-1,0,0,1
7,175,1,-1,0,0,1
5,179,1,-1,0,0,1
5,58,1,-1,0,0,1
4,342,2,-1,0,0,1
5,139,2,-1,0,0,1
6,88,8,-1,0,0,1
8,210,3,-1,0,0,1
2,731,1,193,3,2,1
2,670,3,-1,0,0,0
5,63,5,-1,0,0,1
7,70,2,-1,0,0,1
2,72,6,274,4,2,1
5,241,1,364,1,2,1
5,272,4,-1,0,0,1
8,207,8,98,1,2,0
5,64,6,-1,0,0,1
6,543,2,-1,0,0,1
4,166,1,-1,0,0,1
5,245,3,97,7,1,1
5,94,1,-1,0,0,1
6,34,8,-1,0,0,1
7,203,2,-1,0,0,1
7,318,1,-1,0,0,1
4,158,4,-1,0,0,1
7,177,1,-1,0,0,1
11,56,1,103,2,3,1
6,172,2,-1,0,0,1
5,136,1,359,1,2,1
5,82,3,363,2,3,1
5,123,1,-1,0,0,1
11,110,1,-1,0,0,1
5,385,5,-1,0,0,1
12,415,7,-1,0,0,0
2,73,1,-1,0,0,1
6,243,2,-1,0,0,1
5,137,2,-1,0,0,1
5,55,4,-1,0,0,1
4,18,5,-1,0,0,1
7,255,2,-1,0,0,1
5,95,1,-1,0,0,1
7,112,1,-1,0,0,1
5,205,2,-1,0,0,1
5,97,1,370,1,2,1
9,154,1,-1,0,0,1
5,135,2,370,2,2,1
8,230,1,-1,0,0,1
11,349,1,-1,0,0,1
5,38,1,-1,0,0,1
7,268,1,-1,0,0,1
5,94,4,-1,0,0,1
7,263,2,-1,0,0,1
8,671,4,-1,0,0,0
6,197,1,-1,0,0,1
1,180,2,-1,0,0,1
11,452,2,-1,0,0,1
5,352,1,-1,0,0,1
7,175,4,-1,0,0,1
11,163,2,-1,0,0,1
5,200,2,-1,0,0,1
6,75,7,-1,0,0,1
4,227,1,-1,0,0,1
2,586,3,-1,0,0,1
7,119,5,-1,0,0,1
7,80,2,-1,0,0,1
5,112,2,330,3,3,1
5,130,2,-1,0,0,1
2,237,3,-1,0,0,1
8,377,8,-1,0,0,1
10,335,1,-1,0,0,0
7,121,3,-1,0,0,1
7,127,5,-1,0,0,1
7,650,2,-1,0,0,0
5,107,1,-1,0,0,1
5,610,2,-1,0,0,1
8,124,4,-1,0,0,1
5,216,1,-1,0,0,1
7,747,4,-1,0,0,1
5,313,1,349,3,3,1
4,252,9,185,5,3,0
2,121,1,-1,0,0,0
5,799,1,-1,0,0,1
6,883,1,674,4,2,1
5,197,1,-1,0,0,1
7,271,2,-1,0,0,1
5,221,2,-1,0,0,1
7,243,3,-1,0,0,1
5,72,1,-1,0,0,1
8,155,2,-1,0,0,1
1,70,2,-1,0,0,1
2,280,4,-1,0,0,0
5,115,2,-1,0,0,1
6,29,2,-1,0,0,1
5,406,2,-1,0,0,1
8,113,3,-1,0,0,1
7,47,2,-1,0,0,1
6,36,2,-1,0,0,1
5,135,2,-1,0,0,1
7,67,2,-1,0,0,1
6,684,1,-1,0,0,1
8,686,5,-1,0,0,0
3,170,3,-1,0,0,1
6,150,3,-1,0,0,1
5,1060,2,-1,0,0,0
6,122,16,-1,0,0,1
5,724,1,-1,0,0,1
10,230,1,92,1,1,0
6,187,2,-1,0,0,1
5,179,4,-1,0,0,1
8,357,3,-1,0,0,1
6,82,1,-1,0,0,1
8,176,15,-1,0,0,1
4,424,1,138,1,2,1
6,115,1,-1,0,0,1
2,177,2,211,3,2,1
6,712,1,64,12,2,0
5,118,1,-1,0,0,1
6,25,7,-1,0,0,1
6,753,1,-1,0,0,1
7,124,1,-1,0,0,1
1,208,2,-1,0,0,1
8,136,4,-1,0,0,1
11,1081,2,-1,0,0,0
5,376,2,339,7,2,1
6,78,1,-1,0,0,1
11,354,1,-1,0,0,1
5,29,1,356,2,2,1
11,209,1,191,4,2,1
5,433,1,-1,0,0,1
5,147,2,-1,0,0,1
5,41,2,300,5,2,1
5,111,1,-1,0,0,1
4,108,2,-1,0,0,1
5,411,2,-1,0,0,1
7,108,2,-1,0,0,1
6,224,2,-1,0,0,0
5,1083,2,-1,0,0,1
5,757,2,-1,0,0,0
6,57,1,-1,0,0,1
7,95,5,-1,0,0,1
3,144,2,124,1,2,1
7,135,1,-1,0,0,1
1,176,2,-1,0,0,1
8,524,5,-1,0,0,1
5,65,1,-1,0,0,1
5,653,1,334,2,1,0
9,91,1,100,2,3,0
3,93,1,-1,0,0,0
5,503,2,280,2,2,1
4,186,1,327,2,2,1
5,121,2,-1,0,0,1
8,452,2,-1,0,0,1
6,883,1,140,1,2,0
5,104,2,-1,0,0,1
1,24,3,-1,0,0,1
6,79,9,-1,0,0,1
7,178,2,-1,0,0,1
5,74,2,-1,0,0,1
3,217,1,184,7,3,1
2,475,1,-1,0,0,1
5,127,1,-1,0,0,1
3,101,1,-1,0,0,1
7,340,3,-1,0,0,1
7,158,4,-1,0,0,1
1,242,1,-1,0,0,1
5,323,1,-1,0,0,1
6,18,30,-1,0,0,1
7,68,3,-1,0,0,1
7,134,4,-1,0,0,1
5,113,3,-1,0,0,1
8,43,4,-1,0,0,1
6,200,2,-1,0,0,1
8,245,2,-1,0,0,1
5,343,4,-1,0,0,1
3,229,1,-1,0,0,1
5,530,1,-1,0,0,1
8,58,5,-1,0,0,1
4,78,2,176,1,1,1
6,147,1,-1,0,0,1
7,40,1,-1,0,0,1
11,618,2,-1,0,0,1
4,23,4,-1,0,0,1
8,293,1,90,4,3,0
5,16,6,176,5,3,1
7,286,2,-1,0,0,1
5,209,1,321,1,2,1
5,935,1,-1,0,0,1
5,260,1,-1,0,0,1
6,298,4,-1,0,0,1
4,397,2,337,1,2,1
9,113,4,479,1,2,1
11,76,1,-1,0,0,1
6,141,1,-1,0,0,1
5,773,2,-1,0,0,1
6,329,1,95,1,3,1
5,423,1,-1,0,0,1
8,67,4,-1,0,0,1
6,626,1,-1,0,0,1
11,578,2,-1,0,0,0
5,61,1,-1,0,0,1
5,248,4,-1,0,0,1
1,136,1,262,3,2,1
8,126,3,-1,0,0,1
1,653,3,-1,0,0,1
5,7,7,-1,0,0,1
4,528,1,-1,0,0,1
5,785,1,-1,0,0,1
7,243,5,-1,0,0,1
5,24,2,362,1,3,1
6,82,1,-1,0,0,1
6,952,3,-1,0,0,1
5,27,5,-1,0,0,1
5,143,1,-1,0,0,1
5,274,6,-1,0,0,1
4,1174,1,345,4,3,0
11,915,1,-1,0,0,1
2,115,1,-1,0,0,1
5,222,2,-1,0,0,1
3,341,1,-1,0,0,1
5,112,2,-1,0,0,1
5,64,2,-1,0,0,1
5,937,3,-1,0,0,0
7,129,1,-1,0,0,1
5,59,1,-1,0,0,1
1,79,1,225,2,1,1
7,151,5,-1,0,0,1
5,83,1,-1,0,0,1
8,101,5,3,6,3,1
8,157,3,97,2,1,0
5,57,11,366,1,3,1
5,176,3,-1,0,0,1
5,222,3,-1,0,0,1
6,217,4,-1,0,0,1
5,252,1,-1,0,0,1
5,1063,5,-1,0,0,0
8,41,2,-1,0,0,1
6,27,25,-1,0,0,1
4,758,2,-1,0,0,1
7,301,3,-1,0,0,0
7,574,1,-1,0,0,1
10,847,1,60,1,1,0
7,78,5,-1,0,0,1
5,514,1,-1,0,0,1
6,1558,1,-1,0,0,0
8,789,2,-1,0,0,1
7,146,3,190,3,1,1
8,272,2,-1,0,0,1
5,323,2,368,2,2,1
7,712,2,-1,0,0,1
5,860,2,-1,0,0,0
8,75,9,-1,0,0,1
5,191,4,-1,0,0,1
7,1441,2,-1,0,0,0
8,428,2,-1,0,0,1
5,322,3,-1,0,0,1
1,104,1,-1,0,0,1
5,127,1,-1,0,0,1
6,1259,6,-1,0,0,0
1,114,2,-1,0,0,1
5,106,1,-1,0,0,1
11,305,1,182,3,2,1
8,307,1,-1,0,0,0
8,1504,2,-1,0,0,1
7,396,3,-1,0,0,1
6,71,1,-1,0,0,1
8,205,3,-1,0,0,1
5,134,2,-1,0,0,1
6,166,2,-1,0,0,0
7,81,5,-1,0,0,1
5,77,2,-1,0,0,1
3,80,2,-1,0,0,0
5,537,5,303,2,2,1
6,415,1,89,1,1,0
11,291,1,-1,0,0,1
5,283,1,288,12,3,1
4,70,4,-1,0,0,1
5,611,2,-1,0,0,1
2,132,3,-1,0,0,1
6,26,1,-1,0,0,1
5,262,3,-1,0,0,1
5,272,1,-1,0,0,1
12,137,1,122,3,2,1
3,95,1,-1,0,0,1
11,140,2,-1,0,0,1
5,71,11,-1,0,0,1
5,502,1,7,2,2,1
6,164,7,-1,0,0,1
5,219,1,-1,0,0,1
2,328,2,183,4,1,0
5,224,2,-1,0,0,1
11,63,2,-1,0,0,1
8,24,13,-1,0,0,1
1,147,4,-1,0,0,1
7,84,3,-1,0,0,1
7,175,1,-1,0,0,1
8,12,21,-1,0,0,1
8,40,15,-1,0,0,1
7,217,1,-1,0,0,1
7,235,11,-1,0,0,1
1,255,1,-1,0,0,1
7,256,1,-1,0,0,1
7,41,2,-1,0,0,1
6,75,1,-1,0,0,1
2,192,4,-1,0,0,1
5,796,1,-1,0,0,0
8,220,3,-1,0,0,1
8,614,2,-1,0,0,1
8,1126,4,-1,0,0,0
6,161,2,-1,0,0,1
7,141,3,-1,0,0,1
7,697,1,-1,0,0,1
6,223,2,-1,0,0,1
1,931,1,-1,0,0,0
11,483,1,116,1,2,1
11,63,2,-1,0,0,1
7,271,5,-1,0,0,1
5,144,5,-1,0,0,1
8,79,3,-1,0,0,1
7,171,1,-1,0,0,1
7,73,4,-1,0,0,1
1,69,1,-1,0,0,1
4,60,1,343,4,2,1
5,257,1,-1,0,0,1
5,198,2,88,1,3,1
4,217,3,327,1,2,1
11,134,1,-1,0,0,1
5,41,1,-1,0,0,1
11,611,2,175,12,3,1
6,216,3,-1,0,0,1
8,388,8,-1,0,0,1
5,242,1,-1,0,0,1
7,387,1,-1,0,0,1
10,90,1,-1,0,0,1
11,281,2,-1,0,0,1
11,332,1,-1,0,0,1
5,218,1,-1,0,0,0
5,650,2,-1,0,0,1
11,1034,1,-1,0,0,0
5,182,2,169,2,2,1
5,156,1,-1,0,0,1
8,171,3,-1,0,0,1
11,265,1,127,4,3,1
4,10,3,-1,0,0,1
7,350,1,-1,0,0,1
11,65,1,131,1,2,1
7,58,1,-1,0,0,1
7,69,3,-1,0,0,1
1,127,2,-1,0,0,1
11,154,2,-1,0,0,1
7,36,4,-1,0,0,1
2,85,7,196,3,2,1
5,362,1,287,13,2,1
5,49,1,-1,0,0,1
5,410,1,-1,0,0,1
5,253,3,-1,0,0,1
11,570,1,-1,0,0,1
7,633,7,-1,0,0,1
6,82,4,-1,0,0,1
7,164,1,-1,0,0,1
6,175,3,-1,0,0,1
2,659,4,-1,0,0,0
4,139,2,-1,0,0,1
7,43,11,-1,0,0,1
8,343,5,-1,0,0,1
11,74,1,152,1,1,1
5,302,8,-1,0,0,1
7,455,13,-1,0,0,1
5,126,4,-1,0,0,1
11,107,1,-1,0,0,1
5,120,1,-1,0,0,1
11,727,4,-1,0,0,1
5,275,4,-1,0,0,1
1,41,1,-1,0,0,1
8,61,4,-1,0,0,1
5,232,2,365,5,3,1
7,214,1,-1,0,0,1
5,21,1,-1,0,0,1
2,138,2,-1,0,0,0
5,173,1,299,2,3,1
4,635,1,-1,0,0,1
7,77,2,-1,0,0,1
6,73,1,-1,0,0,1
1,540,2,115,3,2,1
6,179,2,-1,0,0,1
7,119,1,-1,0,0,1
11,107,1,167,1,3,1
5,48,2,-1,0,0,1
5,447,4,-1,0,0,1
7,430,2,-1,0,0,1
8,64,2,-1,0,0,1
5,217,5,-1,0,0,1
5,77,1,-1,0,0,1
5,16,11,-1,0,0,1
8,753,2,-1,0,0,1
4,125,2,182,1,2,1
5,1210,1,-1,0,0,1
7,185,1,-1,0,0,1
2,80,1,-1,0,0,1
8,156,2,-1,0,0,1
7,403,3,-1,0,0,1
11,145,2,-1,0,0,1
5,17,7,-1,0,0,1
7,160,1,-1,0,0,1
11,486,2,181,2,2,1
2,321,1,-1,0,0,1
5,203,4,-1,0,0,1
12,646,3,198,2,1,1
7,97,3,-1,0,0,0
4,144,2,-1,0,0,1
6,30,6,-1,0,0,1
7,82,2,-1,0,0,1
5,326,4,-1,0,0,1
11,414,3,-1,0,0,1
4,285,5,-1,0,0,1
8,716,3,-1,0,0,0
5,449,4,-1,0,0,1
6,16,3,-1,0,0,1
6,65,1,-1,0,0,1
11,138,1,-1,0,0,1
7,121,3,-1,0,0,1
5,140,2,-1,0,0,1
8,256,6,-1,0,0,1
7,61,4,-1,0,0,1
7,367,2,-1,0,0,1
5,9,5,174,12,3,1
7,395,4,-1,0,0,1
11,125,2,-1,0,0,1
6,580,3,-1,0,0,1
4,15,1,316,1,2,1
5,119,2,-1,0,0,1
5,26,2,-1,0,0,1
11,224,2,180,1,2,1
5,285,1,-1,0,0,1
5,399,4,-1,0,0,1
7,88,3,-1,0,0,1
8,185,4,-1,0,0,1
1,98,1,154,6,2,1
1,97,1,169,3,2,1
5,72,2,370,1,2,1
5,109,1,87,2,2,1
5,208,3,-1,0,0,1
6,1029,1,-1,0,0,0
5,273,1,-1,0,0,1
5,130,1,-1,0,0,1
2,590,2,-1,0,0,1
11,107,2,-1,0,0,1
5,88,2,-1,0,0,1
8,305,2,-1,0,0,1
11,90,2,-1,0,0,1
4,222,1,-1,0,0,1
7,127,1,-1,0,0,1
1,38,1,-1,0,0,1
5,380,3,-1,0,0,1
4,244,3,313,1,2,1
8,189,17,-1,0,0,1
6,217,2,-1,0,0,1
7,388,3,181,1,1,0
6,22,3,-1,0,0,1
8,289,2,-1,0,0,1
7,221,8,-1,0,0,1
7,129,2,-1,0,0,1
2,147,2,264,4,3,1
5,299,1,-1,0,0,1
5,543,12,-1,0,0,1
5,247,1,-1,0,0,1
5,166,2,-1,0,0,1
5,755,1,-1,0,0,0
5,336,2,-1,0,0,1
5,619,1,-1,0,0,1
5,159,2,350,2,2,1
5,29,3,-1,0,0,1
6,606,2,-1,0,0,1
6,971,2,-1,0,0,1
5,231,2,-1,0,0,1
5,163,1,-1,0,0,1
10,385,2,-1,0,0,0
7,119,2,-1,0,0,1
1,348,1,-1,0,0,1
3,30,1,-1,0,0,1
5,249,2,169,1,2,1
5,119,2,-1,0,0,1
5,177,1,-1,0,0,1
5,110,5,-1,0,0,1
8,594,4,-1,0,0,0
1,105,1,-1,0,0,1
8,123,1,-1,0,0,1
5,172,4,-1,0,0,1
7,178,1,-1,0,0,1
4,230,1,-1,0,0,1
6,89,3,-1,0,0,1
5,118,4,-1,0,0,1
7,143,2,-1,0,0,1
5,7,1,-1,0,0,1
5,104,2,-1,0,0,1
7,220,2,-1,0,0,1
6,85,2,-1,0,0,1
2,91,3,-1,0,0,0
2,19,8,-1,0,0,1
8,574,1,84,3,1,0
5,49,1,-1,0,0,1
2,171,2,193,2,3,1
2,258,1,73,1,2,0
11,41,2,-1,0,0,1
11,83,1,-1,0,0,1
4,95,1,-1,0,0,1
5,78,2,-1,0,0,1
2,134,1,266,7,2,1
3,215,1,-1,0,0,0
5,226,2,-1,0,0,0
7,1275,1,-1,0,0,0
7,66,1,85,5,3,1
7,196,3,-1,0,0,1
3,229,2,-1,0,0,0
5,241,2,-1,0,0,1
11,354,2,-1,0,0,1
5,471,3,-1,0,0,1
1,90,2,232,1,2,1
6,58,8,-1,0,0,1
5,379,2,-1,0,0,1
6,12,5,-1,0,0,1
4,67,1,-1,0,0,1
6,165,7,-1,0,0,1
4,1032,3,141,7,2,0
5,84,3,-1,0,0,1
8,393,4,-1,0,0,1
11,808,1,-1,0,0,1
5,923,3,-1,0,0,1
8,63,6,-1,0,0,1
2,274,1,-1,0,0,1
8,84,4,-1,0,0,1
8,78,3,-1,0,0,0
6,41,7,-1,0,0,1
8,317,1,180,2,2,0
5,138,1,-1,0,0,1
8,88,4,-1,0,0,1
5,413,2,-1,0,0,1
2,139,1,-1,0,0,1
8,82,2,-1,0,0,1
4,12,6,-1,0,0,1
8,221,1,461,1,1,0
6,38,1,-1,0,0,1
11,661,1,-1,0,0,1
7,388,1,-1,0,0,0
7,151,7,-1,0,0,1
8,140,8,-1,0,0,1
7,124,1,-1,0,0,1
7,200,1,-1,0,0,1
2,101,3,-1,0,0,1
7,261,12,-1,0,0,1
11,176,2,-1,0,0,1
6,209,12,-1,0,0,1
4,223,1,182,2,2,0
4,38,1,335,1,3,1
10,541,1,204,3,2,1
5,84,1,-1,0,0,1
8,602,9,-1,0,0,1
8,26,11,-1,0,0,1
4,328,2,143,2,1,0
5,762,3,-1,0,0,0
8,107,4,-1,0,0,1
5,46,5,-1,0,0,1
7,128,6,-1,0,0,1
5,360,5,-1,0,0,1
11,524,1,96,5,1,0
7,128,3,-1,0,0,1
9,310,2,96,2,3,1
8,819,10,-1,0,0,0
7,202,1,87,2,2,1
5,144,2,-1,0,0,1
7,311,1,-1,0,0,1
5,415,4,375,1,2,0
6,93,8,-1,0,0,1
5,101,1,-1,0,0,1
5,72,1,-1,0,0,1
7,282,1,-1,0,0,1
5,210,2,-1,0,0,1
9,369,1,-1,0,0,1
4,125,6,-1,0,0,1
6,301,6,-1,0,0,1
8,14,14,-1,0,0,1
5,57,3,-1,0,0,1
11,420,1,-1,0,0,1
5,638,1,175,3,1,1
5,137,2,-1,0,0,1
8,557,7,-1,0,0,1
5,66,2,-1,0,0,1
5,206,1,-1,0,0,1
5,19,14,-1,0,0,1
2,166,2,-1,0,0,1
5,102,1,333,2,2,1
6,46,2,-1,0,0,1
6,126,1,-1,0,0,1
5,161,1,-1,0,0,1
7,355,1,-1,0,0,1
5,40,2,-1,0,0,1
5,143,1,-1,0,0,1
8,133,2,-1,0,0,1
5,185,2,-1,0,0,1
6,22,12,-1,0,0,1
8,184,7,-1,0,0,1
8,78,2,-1,0,0,1
7,125,4,-1,0,0,1
6,189,2,-1,0,0,1
7,300,1,-1,0,0,1
5,396,1,-1,0,0,1
5,340,3,-1,0,0,1
11,55,2,-1,0,0,1
8,238,6,-1,0,0,1
4,172,3,186,1,2,1
6,36,3,-1,0,0,1
11,303,2,-1,0,0,1
7,417,3,-1,0,0,1
6,162,3,-1,0,0,1
5,10,9,344,1,2,1
7,99,1,-1,0,0,1
6,32,3,-1,0,0,1
11,308,3,-1,0,0,1
6,298,3,-1,0,0,1
8,92,4,-1,0,0,1
8,288,12,-1,0,0,1
4,130,1,323,1,3,1
1,255,2,-1,0,0,1
11,167,5,-1,0,0,1
11,64,3,150,5,3,1
8,166,2,-1,0,0,1
8,657,7,-1,0,0,0
5,434,4,-1,0,0,1
8,75,1,-1,0,0,1
7,40,1,-1,0,0,1
6,398,2,-1,0,0,1
11,163,2,113,3,2,1
8,137,8,-1,0,0,1
6,257,3,-1,0,0,1
2,231,2,259,1,2,1
7,192,1,-1,0,0,1
7,186,1,-1,0,0,1
5,226,1,363,3,3,1
11,67,1,-1,0,0,1
8,205,2,-1,0,0,1
4,14,1,-1,0,0,1
5,488,1,-1,0,0,0
5,50,3,-1,0,0,1
7,312,1,-1,0,0,1
7,163,3,-1,0,0,1
6,76,2,-1,0,0,1
2,150,1,-1,0,0,1
4,244,2,-1,0,0,1
6,207,1,-1,0,0,0
5,113,1,-1,0,0,1
7,1309,4,-1,0,0,0
8,72,6,-1,0,0,1
11,551,1,183,1,2,1
6,163,3,-1,0,0,1
7,179,10,-1,0,0,1
5,217,2,-1,0,0,1
6,88,1,-1,0,0,1
6,21,1,-1,0,0,1
4,142,1,-1,0,0,0
2,1056,1,-1,0,0,1
5,72,1,363,2,3,1
5,411,1,-1,0,0,1
5,145,1,-1,0,0,1
5,80,2,-1,0,0,1
5,344,1,-1,0,0,1
5,128,1,-1,0,0,1
4,412,1,169,1,1,0
5,908,3,344,7,3,1
4,819,4,-1,0,0,1
8,210,2,-1,0,0,1
3,165,3,101,1,3,1
8,118,8,-1,0,0,1
5,159,1,343,2,2,1
7,618,1,-1,0,0,1
12,102,2,210,2,3,1
5,89,1,344,1,2,1
10,401,2,-1,0,0,0
7,200,3,-1,0,0,1
7,152,5,-1,0,0,1
7,203,1,183,2,2,1
5,827,2,-1,0,0,0
5,735,1,-1,0,0,1
5,185,6,-1,0,0,1
5,149,1,-1,0,0,1
7,303,2,-1,0,0,1
6,71,2,-1,0,0,1
5,445,2,345,2,2,1
5,232,2,-1,0,0,1
1,144,5,248,2,2,1
8,209,2,-1,0,0,1
2,691,2,180,5,2,0
5,415,1,-1,0,0,1
7,273,5,-1,0,0,1
9,376,2,-1,0,0,0
7,37,10,-1,0,0,1
4,148,2,-1,0,0,1
7,57,2,-1,0,0,1
5,461,3,-1,0,0,1
6,198,6,-1,0,0,1
1,327,4,-1,0,0,1
8,669,6,-1,0,0,1
1,165,1,-1,0,0,1
8,58,2,-1,0,0,1
1,1473,1,-1,0,0,0
2,123,3,-1,0,0,1
5,289,1,-1,0,0,1
7,239,5,-1,0,0,1
10,1386,1,-1,0,0,1
9,294,2,105,7,3,0
3,910,2,184,4,1,0
5,550,7,-1,0,0,1
11,75,1,-1,0,0,1
5,100,3,-1,0,0,1
7,204,4,-1,0,0,1
5,155,1,177,7,2,1
7,46,3,-1,0,0,1
4,1366,1,150,1,2,1
11,609,2,-1,0,0,0
8,1532,2,-1,0,0,0
11,226,1,92,1,3,0
5,168,1,-1,0,0,1
12,352,1,-1,0,0,0
7,335,6,-1,0,0,1
9,74,1,-1,0,0,1
5,85,1,-1,0,0,1
5,117,1,-1,0,0,1
7,184,1,-1,0,0,1
8,72,3,-1,0,0,1
5,171,1,-1,0,0,1
7,44,8,-1,0,0,1
8,336,2,-1,0,0,1
2,93,5,-1,0,0,0
10,332,1,183,3,2,0
2,398,1,-1,0,0,1
5,86,2,-1,0,0,1
2,45,2,-1,0,0,1
5,110,2,-1,0,0,1
2,152,3,221,1,2,1
7,356,4,-1,0,0,0
6,382,3,-1,0,0,1
1,233,1,-1,0,0,1
5,87,1,-1,0,0,1
5,387,2,-1,0,0,1
6,103,1,-1,0,0,1
3,378,1,-1,0,0,0
6,257,2,-1,0,0,1
7,282,1,-1,0,0,1
1,176,1,-1,0,0,1
5,24,6,-1,0,0,1
11,766,3,-1,0,0,1
5,955,2,-1,0,0,0
2,426,3,-1,0,0,1
5,244,2,-1,0,0,1
11,136,1,-1,0,0,1
11,172,1,-1,0,0,1
11,93,1,189,8,2,1
3,300,6,182,2,1,0
11,118,4,104,7,2,1
7,191,2,-1,0,0,1
5,107,2,-1,0,0,1
2,513,2,89,7,2,1
6,91,18,-1,0,0,1
7,76,4,-1,0,0,1
5,1236,2,-1,0,0,1
6,193,5,-1,0,0,1
6,324,5,-1,0,0,1
6,377,1,-1,0,0,0
11,408,1,-1,0,0,1
5,246,2,-1,0,0,1
8,58,7,-1,0,0,1
7,196,1,-1,0,0,1
4,219,4,-1,0,0,1
7,197,1,-1,0,0,1
8,257,2,-1,0,0,1
1,381,1,247,2,2,1
5,486,2,-1,0,0,1
5,162,1,-1,0,0,1
6,153,1,-1,0,0,1
8,809,2,-1,0,0,0
4,50,1,-1,0,0,1
7,39,17,-1,0,0,1
8,131,2,-1,0,0,1
1,526,4,258,3,3,1
5,172,3,-1,0,0,1
2,405,1,305,1,1,1
7,77,3,-1,0,0,1
5,158,2,-1,0,0,1
5,146,2,171,3,2,1
5,27,1,-1,0,0,1
8,105,1,-1,0,0,1
6,119,4,-1,0,0,1
4,327,1,-1,0,0,1
8,150,2,-1,0,0,1
11,482,3,120,2,2,1
5,81,2,-1,0,0,1
11,1164,2,-1,0,0,0
7,674,3,-1,0,0,1
7,347,1,-1,0,0,1
7,712,6,-1,0,0,0
11,48,2,-1,0,0,1
11,279,1,-1,0,0,1
5,236,2,-1,0,0,1
7,91,2,-1,0,0,1
5,15,8,-1,0,0,1
5,161,1,337,1,2,1
5,187,19,-1,0,0,1
11,100,1,182,1,2,1
7,214,4,-1,0,0,1
4,406,1,317,1,2,1
5,361,1,364,1,2,1
6,30,3,-1,0,0,1
6,99,2,-1,0,0,1
5,202,2,-1,0,0,1
6,318,2,-1,0,0,1
8,275,12,-1,0,0,1
5,59,4,-1,0,0,1
8,70,4,-1,0,0,1
4,1126,1,335,1,2,1
10,343,3,-1,0,0,0
2,228,2,182,6,2,0
8,209,2,-1,0,0,1
4,709,1,-1,0,0,0
3,275,2,-1,0,0,1
5,51,2,342,3,2,1
7,267,1,-1,0,0,1
6,95,1,-1,0,0,1
10,246,2,-1,0,0,1
7,46,1,-1,0,0,1
5,144,3,-1,0,0,1
8,249,2,-1,0,0,1
5,328,1,-1,0,0,1
8,17,1,-1,0,0,1
5,126,3,-1,0,0,1
7,52,8,-1,0,0,1
6,52,1,-1,0,0,1
7,285,5,-1,0,0,1
5,500,4,358,2,2,0
7,955,5,-1,0,0,0
7,216,5,-1,0,0,1
8,84,7,-1,0,0,1
5,138,3,-1,0,0,1
11,436,2,178,3,3,0
5,123,1,-1,0,0,1
8,36,4,-1,0,0,1
6,405,3,-1,0,0,1
10,103,1,-1,0,0,1
9,175,1,-1,0,0,1
7,374,3,-1,0,0,1
6,129,4,-1,0,0,1
7,246,3,-1,0,0,1
5,107,2,-1,0,0,1
6,385,1,-1,0,0,1
11,104,3,-1,0,0,1
1,309,1,91,10,1,0
5,198,2,170,2,2,1
5,543,2,-1,0,0,0
7,143,7,-1,0,0,1
5,23,1,-1,0,0,1
6,104,2,-1,0,0,1
9,378,2,386,1,1,0
11,364,1,-1,0,0,1
7,363,6,-1,0,0,1
7,248,1,-1,0,0,1
5,157,2,-1,0,0,1
5,402,2,-1,0,0,1
5,203,5,-1,0,0,1
5,422,1,363,1,2,1
11,44,1,-1,0,0,1
5,358,4,-1,0,0,1
2,39,2,-1,0,0,1
5,325,1,-1,0,0,1
11,238,3,126,4,3,1
4,968,1,87,5,2,0
4,156,1,273,3,2,1
4,681,1,118,11,1,1
11,187,2,-1,0,0,1
5,104,10,-1,0,0,1
2,860,2,-1,0,0,0
8,112,2,-1,0,0,1
7,112,1,78,1,2,1
5,32,3,-1,0,0,1
3,325,2,-1,0,0,0
11,410,1,-1,0,0,1
11,640,1,-1,0,0,1
6,118,1,-1,0,0,1
7,166,2,-1,0,0,1
2,173,1,-1,0,0,1
5,21,24,-1,0,0,1
5,89,7,-1,0,0,1
7,151,3,-1,0,0,1
6,112,4,-1,0,0,1
1,164,5,-1,0,0,1
1,145,2,164,1,3,1
5,606,3,-1,0,0,0
5,105,1,-1,0,0,1
7,85,1,-1,0,0,1
7,439,3,-1,0,0,1
5,278,1,-1,0,0,1
8,205,4,-1,0,0,1
7,221,1,-1,0,0,1
11,52,3,172,3,3,1
6,84,3,-1,0,0,1
5,476,3,-1,0,0,1
11,371,1,-1,0,0,1
4,128,3,-1,0,0,1
5,220,2,-1,0,0,1
7,44,14,-1,0,0,1
6,30,1,404,2,1,1
5,330,1,342,1,2,1
8,28,1,-1,0,0,1
5,908,1,-1,0,0,1
4,177,1,-1,0,0,1
5,113,4,-1,0,0,1
5,289,8,-1,0,0,1
7,357,1,-1,0,0,1
8,38,16,-1,0,0,1
8,414,4,-1,0,0,1
11,257,2,-1,0,0,1
8,480,1,-1,0,0,0
8,252,2,-1,0,0,1
5,151,1,-1,0,0,1
2,213,4,-1,0,0,1
8,119,12,-1,0,0,1
11,161,2,-1,0,0,1
11,227,2,-1,0,0,0
5,12,3,374,1,3,1
1,517,1,282,4,1,0
5,225,2,275,2,2,1
5,150,2,-1,0,0,1
7,89,1,-1,0,0,1
5,103,2,-1,0,0,1
5,128,1,-1,0,0,1
11,277,1,-1,0,0,1
5,500,1,-1,0,0,0
5,113,2,-1,0,0,1
5,326,5,179,4,2,0
5,755,1,-1,0,0,1
8,161,3,-1,0,0,1
11,100,1,-1,0,0,1
8,142,2,-1,0,0,1
5,214,2,-1,0,0,1
11,167,2,-1,0,0,1
7,676,5,-1,0,0,1
7,236,1,-1,0,0,1
6,993,6,-1,0,0,0
7,83,12,-1,0,0,1
5,100,1,-1,0,0,1
2,289,2,174,4,3,0
7,528,2,-1,0,0,1
6,340,2,-1,0,0,1
11,33,3,-1,0,0,1
4,284,3,-1,0,0,1
8,245,3,-1,0,0,0
4,115,1,-1,0,0,1
5,730,2,-1,0,0,1
5,347,1,284,2,2,1
7,58,1,-1,0,0,1
7,180,1,-1,0,0,1
6,56,8,-1,0,0,1
6,326,3,-1,0,0,1
7,342,9,-1,0,0,1
2,49,6,-1,0,0,1
8,110,1,-1,0,0,1
11,253,1,92,4,2,0
8,636,2,-1,0,0,1
8,137,2,-1,0,0,1
7,173,1,-1,0,0,1
7,227,2,-1,0,0,1
5,88,5,-1,0,0,1
6,426,3,-1,0,0,1
11,195,3,112,8,3,1
8,230,8,-1,0,0,1
5,750,2,-1,0,0,0
1,413,3,-1,0,0,1
6,104,2,-1,0,0,1
5,138,1,-1,0,0,1
5,334,2,-1,0,0,1
5,868,1,-1,0,0,1
7,102,14,-1,0,0,1
5,77,3,-1,0,0,1
9,199,1,92,14,1,0
5,332,2,-1,0,0,1
8,124,2,-1,0,0,1
8,91,9,-1,0,0,1
5,104,3,-1,0,0,1
5,125,1,368,4,2,1
7,635,3,-1,0,0,0
7,90,1,-1,0,0,1
7,310,1,-1,0,0,1
5,207,1,351,2,2,1
6,43,1,-1,0,0,1
7,126,4,-1,0,0,1
1,137,1,97,1,1,1
5,284,5,-1,0,0,1
8,68,6,-1,0,0,1
11,67,1,-1,0,0,1
5,8,2,-1,0,0,1
5,62,1,-1,0,0,1
7,175,1,-1,0,0,1
5,395,2,-1,0,0,0
2,27,1,84,3,2,1
5,195,1,-1,0,0,1
2,254,2,-1,0,0,1
7,199,1,-1,0,0,1
8,73,17,-1,0,0,1
5,351,1,-1,0,0,1
5,1689,4,-1,0,0,0
11,267,1,-1,0,0,1
5,234,2,-1,0,0,1
4,234,10,-1,0,0,1
8,94,4,-1,0,0,1
5,77,2,-1,0,0,1
5,242,1,-1,0,0,1
7,247,4,-1,0,0,1
6,85,4,-1,0,0,1
8,607,4,-1,0,0,1
6,485,2,227,4,2,0
10,184,1,91,2,2,0
5,258,1,-1,0,0,1
4,156,1,147,7,3,1
5,160,1,-1,0,0,1
6,1021,1,-1,0,0,1
7,5,25,-1,0,0,1
1,701,1,-1,0,0,0
5,732,2,291,5,2,0
8,122,1,-1,0,0,1
5,559,1,-1,0,0,1
5,141,1,-1,0,0,1
7,87,4,-1,0,0,1
2,577,1,-1,0,0,1
7,193,2,-1,0,0,1
8,210,5,-1,0,0,1
8,732,2,-1,0,0,1
5,121,2,-1,0,0,1
11,150,2,-1,0,0,1
11,140,1,-1,0,0,1
11,386,2,-1,0,0,1
5,733,2,-1,0,0,0
11,108,1,-1,0,0,1
11,80,1,152,1,2,1
5,155,3,-1,0,0,1
5,389,4,-1,0,0,1
2,133,3,-1,0,0,1
11,328,6,-1,0,0,1
7,119,2,-1,0,0,1
6,87,6,-1,0,0,1
11,162,1,173,3,2,1
5,294,2,-1,0,0,1
7,128,2,-1,0,0,1
5,108,1,-1,0,0,1
2,172,2,-1,0,0,1
5,208,5,-1,0,0,1
5,212,2,-1,0,0,1
11,148,1,871,2,2,1
2,99,1,-1,0,0,1
2,185,1,92,1,1,0
8,133,2,-1,0,0,1
2,170,1,-1,0,0,1
5,668,7,-1,0,0,1
5,81,3,170,1,2,1
6,230,2,-1,0,0,1
5,287,1,-1,0,0,1
3,618,1,-1,0,0,1
5,788,1,-1,0,0,0
2,285,6,-1,0,0,1
8,163,2,-1,0,0,1
7,159,1,-1,0,0,1
5,197,2,370,3,2,1
7,212,2,-1,0,0,1
5,44,15,-1,0,0,1
9,180,2,238,3,1,1
6,11,1,-1,0,0,1
5,863,1,-1,0,0,1
5,388,7,-1,0,0,1
5,143,3,-1,0,0,1
5,191,1,294,1,2,1
5,62,2,-1,0,0,1
5,13,1,-1,0,0,1
5,1073,1,-1,0,0,0
5,337,2,-1,0,0,1
7,88,10,-1,0,0,1
6,167,1,298,10,3,1
8,96,4,-1,0,0,1
4,537,3,-1,0,0,1
5,5,3,-1,0,0,1
8,139,1,-1,0,0,1
5,570,2,-1,0,0,1
7,100,3,-1,0,0,1
5,253,2,-1,0,0,1
4,525,2,-1,0,0,1
8,696,3,-1,0,0,1
5,535,6,-1,0,0,1
8,131,3,-1,0,0,1
8,6,1,-1,0,0,1
2,105,1,-1,0,0,1
6,370,1,-1,0,0,1
8,29,14,-1,0,0,1
5,184,1,167,6,2,1
2,47,2,222,3,3,1
7,193,4,-1,0,0,1
7,709,2,-1,0,0,0
8,358,2,-1,0,0,1
5,253,1,-1,0,0,1
6,197,3,-1,0,0,1
8,94,2,-1,0,0,1
7,445,2,-1,0,0,1
5,153,1,371,2,2,1
6,113,1,-1,0,0,1
8,80,1,-1,0,0,1
5,318,1,-1,0,0,1
1,100,1,435,1,2,1
6,40,3,-1,0,0,1
6,55,25,-1,0,0,1
11,67,1,-1,0,0,1
8,76,2,-1,0,0,1
5,73,1,-1,0,0,1
5,89,2,-1,0,0,1
8,109,3,-1,0,0,1
7,98,1,-1,0,0,1
6,21,17,-1,0,0,1
11,465,1,-1,0,0,1
7,106,3,-1,0,0,1
4,304,1,340,1,2,1
7,342,3,-1,0,0,1
5,16,25,-1,0,0,1
5,543,2,-1,0,0,0
7,338,3,-1,0,0,1
8,197,5,-1,0,0,1
5,956,2,-1,0,0,1
5,95,1,327,9,3,1
5,546,9,-1,0,0,1
5,124,4,-1,0,0,1
7,113,4,-1,0,0,1
5,245,3,-1,0,0,1
7,188,2,-1,0,0,1
8,199,5,-1,0,0,1
4,470,7,426,3,3,0
5,90,1,-1,0,0,1
5,350,5,-1,0,0,1
5,31,1,363,2,2,1
7,156,1,-1,0,0,1
5,299,1,-1,0,0,1
1,510,2,-1,0,0,1
8,177,4,-1,0,0,1
10,123,2,-1,0,0,1
2,270,1,-1,0,0,1
5,225,4,-1,0,0,1
1,63,1,-1,0,0,1
6,247,13,-1,0,0,1
1,206,5,239,3,2,1
5,168,2,-1,0,0,1
5,836,12,-1,0,0,1
8,131,2,-1,0,0,1
6,89,1,-1,0,0,1
8,116,4,-1,0,0,1
6,58,1,-1,0,0,1
9,36,1,-1,0,0,1
7,240,2,-1,0,0,1
8,132,4,-1,0,0,1
7,544,1,-1,0,0,1
5,266,1,-1,0,0,1
2,443,2,-1,0,0,1
7,324,1,-1,0,0,1
2,15,10,207,3,2,1
1,263,2,-1,0,0,1
6,199,1,-1,0,0,1
7,145,2,-1,0,0,1
6,56,1,-1,0,0,1
5,11,9,-1,0,0,1
11,411,1,173,2,3,1
7,165,23,-1,0,0,1
5,619,3,-1,0,0,1
4,203,1,-1,0,0,1
5,254,1,-1,0,0,1
8,1149,6,-1,0,0,0
5,189,1,-1,0,0,1
11,707,2,97,2,1,0
5,196,1,-1,0,0,1
5,171,1,-1,0,0,1
1,1451,2,-1,0,0,0
6,563,1,-1,0,0,0
8,239,4,-1,0,0,1
7,73,6,-1,0,0,1
5,203,2,334,2,2,1
5,158,1,167,1,1,1
7,100,4,-1,0,0,1
7,160,1,-1,0,0,1
11,661,1,-1,0,0,1
5,166,1,-1,0,0,1
7,114,2,-1,0,0,1
5,58,1,-1,0,0,1
7,25,8,-1,0,0,1
5,121,2,-1,0,0,1
6,226,4,-1,0,0,1
5,234,2,-1,0,0,1
7,88,1,-1,0,0,1
5,85,1,-1,0,0,1
11,134,1,-1,0,0,1
8,251,3,-1,0,0,1
5,152,1,-1,0,0,1
8,202,1,83,5,2,1
5,379,17,-1,0,0,1
7,123,6,-1,0,0,1
4,156,2,-1,0,0,1
6,332,1,-1,0,0,1
5,90,3,-1,0,0,1
11,291,1,-1,0,0,1
2,23,2,-1,0,0,1
7,122,2,-1,0,0,1
7,105,2,172,1,2,1
5,1143,4,-1,0,0,1
5,70,3,-1,0,0,1
5,264,2,-1,0,0,1
5,204,2,-1,0,0,1
11,182,1,-1,0,0,1
11,386,2,-1,0,0,1
6,295,3,-1,0,0,1
5,86,2,-1,0,0,1
8,16,20,-1,0,0,1
8,413,2,-1,0,0,1
5,323,3,-1,0,0,1
10,78,3,-1,0,0,1
8,121,3,-1,0,0,1
11,477,1,-1,0,0,0
11,265,1,-1,0,0,1
10,418,2,-1,0,0,0
7,386,4,-1,0,0,1
5,594,2,-1,0,0,1
7,161,1,-1,0,0,1
2,450,3,-1,0,0,1
8,217,6,-1,0,0,1
8,136,1,-1,0,0,1
5,322,1,-1,0,0,1
11,104,1,196,1,2,1
11,189,2,111,4,2,1
7,250,4,415,2,2,0
8,123,5,-1,0,0,1
10,427,1,182,2,2,0
7,632,2,-1,0,0,1
4,101,3,-1,0,0,1
8,467,2,88,4,3,0
4,640,2,-1,0,0,1
4,517,1,255,1,2,1
5,160,3,-1,0,0,1
6,177,3,-1,0,0,1
5,206,1,-1,0,0,1
5,208,2,-1,0,0,1
4,169,1,-1,0,0,1
7,287,2,415,1,2,0
7,505,3,-1,0,0,1
5,284,2,371,1,2,1
1,89,4,235,2,2,1
9,138,1,-1,0,0,1
12,321,3,189,4,1,0
5,262,4,-1,0,0,1
10,61,1,-1,0,0,1
7,217,9,-1,0,0,1
7,192,2,-1,0,0,1
10,174,2,-1,0,0,1
6,292,2,-1,0,0,1
5,240,2,-1,0,0,1
8,282,2,-1,0,0,1
8,128,6,-1,0,0,1
2,161,1,-1,0,0,1
1,291,1,244,4,2,1
11,356,1,-1,0,0,1
5,294,2,-1,0,0,1
6,422,1,-1,0,0,1
5,806,1,-1,0,0,0
6,227,1,-1,0,0,1
11,560,2,-1,0,0,1
4,135,1,-1,0,0,1
6,361,1,-1,0,0,1
7,246,1,-1,0,0,1
2,419,2,-1,0,0,1
11,449,2,38,10,3,0
11,71,1,-1,0,0,1
7,357,3,-1,0,0,1
11,164,2,179,3,2,1
5,263,4,-1,0,0,1
6,146,2,-1,0,0,1
10,759,2,-1,0,0,0
7,72,2,363,4,2,1
8,131,2,-1,0,0,1
11,808,2,-1,0,0,0
7,1183,1,-1,0,0,1
9,123,3,-1,0,0,1
5,483,2,-1,0,0,1
5,238,3,-1,0,0,1
7,90,1,-1,0,0,1
7,464,1,683,6,2,0
8,385,9,-1,0,0,1
5,240,2,-1,0,0,1
5,104,1,-1,0,0,1
8,109,2,-1,0,0,1
11,598,4,-1,0,0,1
5,274,8,-1,0,0,1
8,123,2,-1,0,0,1
7,70,1,-1,0,0,1
5,260,1,-1,0,0,1
1,190,3,-1,0,0,1
5,521,2,-1,0,0,1
5,228,1,-1,0,0,1
2,466,4,-1,0,0,0
2,74,2,-1,0,0,1
5,57,2,-1,0,0,1
1,119,3,-1,0,0,1
11,124,2,-1,0,0,1
7,65,50,-1,0,0,1
7,127,6,-1,0,0,1
7,172,3,-1,0,0,1
7,174,6,-1,0,0,1
7,41,6,-1,0,0,1
5,232,3,-1,0,0,1
6,161,1,-1,0,0,1
4,124,1,-1,0,0,1
6,701,1,-1,0,0,0
5,162,2,-1,0,0,1
6,431,2,-1,0,0,1
7,191,3,-1,0,0,1
8,249,5,-1,0,0,1
5,189,1,-1,0,0,1
8,167,4,-1,0,0,1
8,73,4,-1,0,0,1
5,162,1,-1,0,0,1
8,235,2,-1,0,0,1
5,44,1,-1,0,0,1
5,127,2,-1,0,0,1
4,93,3,329,7,2,1
1,143,1,2,3,3,1
4,81,2,-1,0,0,1
6,77,2,-1,0,0,1
5,115,4,-1,0,0,1
11,125,1,111,3,2,1
8,53,4,-1,0,0,1
5,77,2,-1,0,0,1
2,45,1,-1,0,0,1
8,74,2,-1,0,0,1
8,169,5,-1,0,0,1
8,269,2,-1,0,0,1
1,52,2,227,1,2,1
7,246,3,-1,0,0,1
6,218,1,-1,0,0,1
11,167,1,92,1,1,0
11,316,3,99,9,3,0
5,142,1,-1,0,0,1
11,75,1,-1,0,0,1
2,204,1,-1,0,0,1
7,542,1,-1,0,0,1
5,122,2,-1,0,0,1
5,70,1,-1,0,0,1
7,266,1,-1,0,0,1
5,34,9,-1,0,0,1
7,203,4,-1,0,0,1
6,85,3,-1,0,0,1
11,11,4,-1,0,0,1
6,13,10,-1,0,0,1
5,562,1,-1,0,0,0
5,185,3,-1,0,0,1
5,158,1,59,2,2,1
5,515,1,350,5,2,0
5,60,5,-1,0,0,1
4,173,2,-1,0,0,1
5,353,4,-1,0,0,1
5,143,3,357,1,2,1
4,18,5,-1,0,0,1
11,466,1,-1,0,0,1
4,85,1,151,1,2,1
7,148,1,-1,0,0,1
5,123,1,-1,0,0,1
4,121,1,-1,0,0,1
5,245,3,-1,0,0,1
10,215,1,-1,0,0,0
5,190,6,-1,0,0,1
5,44,1,-1,0,0,1
4,171,1,-1,0,0,1
7,62,12,-1,0,0,1
5,172,1,-1,0,0,1
5,78,10,-1,0,0,1
5,319,5,-1,0,0,1
2,111,1,-1,0,0,1
5,158,1,-1,0,0,1
8,82,12,-1,0,0,1
5,128,6,-1,0,0,1
5,102,4,-1,0,0,1
6,124,2,-1,0,0,1
4,334,2,-1,0,0,1
1,134,5,204,2,1,0
4,218,1,-1,0,0,1
6,313,1,-1,0,0,1
5,207,3,-1,0,0,1
5,262,1,-1,0,0,1
8,134,2,-1,0,0,1
6,197,3,-1,0,0,1
5,214,3,-1,0,0,1
7,1165,7,-1,0,0,1
5,177,2,-1,0,0,1
5,141,6,-1,0,0,1
7,164,6,-1,0,0,1
7,151,1,-1,0,0,1
2,145,2,260,4,2,1
5,111,1,-1,0,0,1
2,217,1,221,1,2,1
5,253,4,-1,0,0,1
6,74,1,-1,0,0,1
8,263,2,-1,0,0,1
6,233,1,-1,0,0,1
8,402,2,-1,0,0,1
9,585,1,-1,0,0,1
5,145,1,-1,0,0,1
6,143,5,-1,0,0,1
7,524,1,-1,0,0,1
8,270,1,-1,0,0,1
6,272,1,-1,0,0,1
11,187,2,-1,0,0,1
5,268,2,-1,0,0,1
11,183,1,-1,0,0,1
2,123,3,99,8,2,1
4,20,4,-1,0,0,1
2,232,4,253,1,2,1
11,547,7,-1,0,0,1
7,71,9,-1,0,0,1
7,113,6,-1,0,0,1
8,780,4,-1,0,0,0
5,246,1,343,1,3,1
6,108,12,-1,0,0,1
1,253,1,-1,0,0,1
8,175,1,-1,0,0,1
5,106,1,-1,0,0,1
5,86,2,-1,0,0,1
5,248,3,-1,0,0,1
7,265,2,-1,0,0,1
5,182,5,-1,0,0,1
2,916,3,-1,0,0,1
8,506,1,-1,0,0,1
4,81,1,-1,0,0,1
4,30,1,-1,0,0,1
8,904,3,-1,0,0,0
5,699,3,-1,0,0,1
5,19,1,-1,0,0,1
5,389,1,-1,0,0,1
8,211,4,-1,0,0,1
4,283,1,-1,0,0,1
8,474,2,-1,0,0,1
5,157,2,351,5,2,1
11,509,2,-1,0,0,1
5,279,1,-1,0,0,1
7,27,1,-1,0,0,1
8,386,4,-1,0,0,0
11,679,1,-1,0,0,1
6,169,1,-1,0,0,1
6,315,1,-1,0,0,1
8,293,2,-1,0,0,1
2,439,3,-1,0,0,1
5,198,1,-1,0,0,1
5,770,2,-1,0,0,1
7,340,2,-1,0,0,1
4,1472,1,192,4,2,0
8,293,1,181,2,3,0
3,311,2,-1,0,0,0
11,291,2,-1,0,0,1
5,965,2,-1,0,0,1
6,594,1,-1,0,0,1
5,139,2,350,1,2,1
5,501,4,-1,0,0,1
7,274,1,-1,0,0,1
11,10,3,-1,0,0,1
6,18,2,-1,0,0,1
5,243,1,-1,0,0,1
5,198,1,98,6,1,0
7,410,2,-1,0,0,1
5,190,1,-1,0,0,1
5,121,1,-1,0,0,1
7,148,1,-1,0,0,1
4,239,2,259,2,2,1
8,90,3,-1,0,0,1
6,29,1,-1,0,0,1
4,58,1,136,1,2,1
7,1139,2,-1,0,0,0
8,504,1,92,1,1,0
8,348,1,-1,0,0,1
7,130,3,-1,0,0,1
1,100,1,104,1,3,1
5,544,1,-1,0,0,1
5,182,11,-1,0,0,1
4,90,1,-1,0,0,1
5,272,2,-1,0,0,1
7,260,2,-1,0,0,1
5,672,3,-1,0,0,1
10,264,1,-1,0,0,0
7,275,2,-1,0,0,1
10,76,1,-1,0,0,1
6,749,2,-1,0,0,1
8,142,4,-1,0,0,1
8,454,2,-1,0,0,1
5,102,2,178,5,2,1
1,521,3,158,7,3,1
11,57,1,-1,0,0,1
4,504,1,-1,0,0,1
8,138,3,-1,0,0,1
6,103,2,95,1,3,0
2,485,1,-1,0,0,0
8,166,1,-1,0,0,1
5,318,2,338,1,1,1
7,531,3,-1,0,0,1
5,155,2,363,4,2,1
7,73,1,-1,0,0,1
5,198,3,-1,0,0,1
8,137,1,-1,0,0,1
7,479,9,-1,0,0,0
5,285,1,-1,0,0,1
5,98,1,-1,0,0,1
5,199,2,274,3,3,1
7,97,3,-1,0,0,1
6,389,5,-1,0,0,1
8,384,1,99,4,1,1
6,37,3,-1,0,0,1
8,420,4,-1,0,0,1
5,973,1,366,1,2,1
8,77,4,-1,0,0,1
7,376,2,-1,0,0,1
2,125,1,-1,0,0,0
8,142,2,-1,0,0,1
5,442,1,266,8,2,0
8,728,2,-1,0,0,1
5,281,3,-1,0,0,1
8,528,2,-1,0,0,0
11,128,5,-1,0,0,1
6,71,1,-1,0,0,1
8,161,4,-1,0,0,1
8,129,4,-1,0,0,1
5,54,2,-1,0,0,1
5,443,1,350,1,2,1
5,136,1,-1,0,0,1
6,44,1,-1,0,0,1
5,1181,9,-1,0,0,1
6,225,2,-1,0,0,1
1,81,1,-1,0,0,1
7,224,1,-1,0,0,1
7,189,4,-1,0,0,1
5,98,2,-1,0,0,1
11,50,1,-1,0,0,1
8,195,10,-1,0,0,1
8,110,2,-1,0,0,1
1,214,1,-1,0,0,1
5,182,8,-1,0,0,1
4,239,2,-1,0,0,1
8,179,6,-1,0,0,1
6,540,1,-1,0,0,1
5,566,2,356,4,2,1
8,697,4,-1,0,0,0
5,98,2,-1,0,0,1
7,1018,2,-1,0,0,0
2,221,1,241,1,2,1
10,246,1,-1,0,0,1
8,656,2,-1,0,0,1
6,281,1,-1,0,0,1
5,65,1,-1,0,0,1
5,193,5,-1,0,0,1
11,283,1,-1,0,0,1
6,78,4,-1,0,0,1
5,425,6,-1,0,0,1
8,238,2,-1,0,0,1
5,182,1,90,8,2,1
8,998,6,-1,0,0,0
5,477,1,-1,0,0,1
11,158,1,-1,0,0,1
7,320,3,-1,0,0,1
5,149,1,364,2,2,1
5,410,5,-1,0,0,1
2,104,2,-1,0,0,1
6,454,6,-1,0,0,1
5,190,1,-1,0,0,1
8,145,10,-1,0,0,1
2,318,2,-1,0,0,1
7,246,2,-1,0,0,1
7,761,2,-1,0,0,1
10,171,1,-1,0,0,0
6,143,1,-1,0,0,1
6,968,1,-1,0,0,1
7,154,1,388,1,2,1
7,246,1,-1,0,0,1
5,201,1,-1,0,0,1
7,81,4,-1,0,0,1
7,205,1,-1,0,0,0
5,200,3,-1,0,0,1
5,210,2,-1,0,0,1
8,215,10,-1,0,0,1
5,164,2,167,4,3,1
6,35,6,-1,0,0,1
5,615,1,-1,0,0,1
8,246,3,-1,0,0,1
7,42,1,-1,0,0,1
7,217,1,-1,0,0,1
5,210,1,-1,0,0,1
5,116,4,-1,0,0,1
6,200,1,-1,0,0,1
5,145,4,-1,0,0,1
6,41,1,-1,0,0,1
11,192,2,-1,0,0,1
11,80,2,165,2,3,1
5,121,11,-1,0,0,1
5,106,3,-1,0,0,1
11,230,1,-1,0,0,1
5,125,2,-1,0,0,1
8,67,1,-1,0,0,1
6,26,1,-1,0,0,1
5,395,2,-1,0,0,1
1,603,2,-1,0,0,1
7,185,2,-1,0,0,1
1,287,2,-1,0,0,1
5,149,1,-1,0,0,1
11,173,7,-1,0,0,1
8,118,2,-1,0,0,1
5,314,1,-1,0,0,1
5,378,1,-1,0,0,1
11,94,7,130,3,3,1
8,108,4,-1,0,0,1
8,203,2,-1,0,0,1
5,121,1,-1,0,0,1
5,489,2,-1,0,0,1
5,287,1,-1,0,0,1
5,652,1,370,4,3,1
5,612,2,348,3,3,1
7,53,5,-1,0,0,1
10,270,1,-1,0,0,0
5,442,1,-1,0,0,0
8,664,3,-1,0,0,0
9,394,2,-1,0,0,1
6,230,3,-1,0,0,1
5,877,7,300,2,3,0
2,1971,4,-1,0,0,0
8,161,2,-1,0,0,1
6,188,5,-1,0,0,1
5,23,5,-1,0,0,1
8,176,2,-1,0,0,1
2,26,2,197,1,2,1
6,212,1,-1,0,0,1
8,119,2,-1,0,0,1
8,205,5,-1,0,0,1
6,73,4,-1,0,0,1
11,1258,2,122,2,3,0
8,57,2,-1,0,0,1
6,115,2,-1,0,0,1
6,58,1,-1,0,0,1
8,238,1,-1,0,0,1
11,207,3,-1,0,0,1
6,178,2,-1,0,0,1
5,20,11,-1,0,0,1
3,188,3,-1,0,0,0
5,143,1,370,2,2,1
11,232,1,96,4,1,0
12,127,2,-1,0,0,1
5,380,4,295,1,2,1
11,167,3,-1,0,0,1
5,796,1,109,1,2,0
9,303,2,-1,0,0,1
4,407,2,-1,0,0,1
7,229,1,-1,0,0,1
8,108,2,-1,0,0,1
5,265,1,-1,0,0,1
7,168,1,-1,0,0,1
4,97,1,-1,0,0,1
5,169,1,346,1,2,1
9,103,2,484,2,3,1
6,599,3,-1,0,0,1
1,322,2,-1,0,0,1
5,304,1,-1,0,0,1
5,52,3,-1,0,0,1
7,655,4,-1,0,0,0
2,101,2,-1,0,0,1
2,65,2,-1,0,0,1
5,173,4,-1,0,0,1
7,162,3,-1,0,0,1
8,78,2,-1,0,0,1
5,646,5,-1,0,0,0
1,114,2,-1,0,0,1
6,141,6,-1,0,0,1
5,133,4,-1,0,0,1
6,1994,2,-1,0,0,1
5,140,2,-1,0,0,1
5,82,3,-1,0,0,1
11,150,1,-1,0,0,1
4,605,1,187,1,3,1
11,164,1,110,2,3,1
11,36,1,-1,0,0,1
5,290,2,-1,0,0,1
7,104,2,-1,0,0,1
5,413,1,-1,0,0,1
8,153,1,-1,0,0,1
5,237,2,-1,0,0,1
7,743,13,-1,0,0,0
8,82,4,-1,0,0,1
7,924,4,-1,0,0,1
6,117,3,-1,0,0,1
2,550,4,-1,0,0,0
8,5,1,-1,0,0,1
5,181,5,-1,0,0,1
11,325,2,-1,0,0,1
5,345,1,-1,0,0,1
8,331,2,-1,0,0,1
7,112,1,-1,0,0,1
5,115,6,-1,0,0,1
8,381,3,-1,0,0,1
8,119,1,99,3,2,1
5,25,1,-1,0,0,1
1,929,1,-1,0,0,1
5,429,1,-1,0,0,1
4,491,1,326,1,3,1
7,146,1,-1,0,0,1
8,191,2,-1,0,0,1
8,406,3,-1,0,0,1
12,220,2,-1,0,0,1
7,253,5,-1,0,0,1
7,340,2,-1,0,0,1
10,154,1,-1,0,0,0
8,121,4,-1,0,0,1
8,104,5,-1,0,0,1
2,127,2,258,4,2,1
1,144,1,102,1,3,0
11,149,2,-1,0,0,1
2,261,1,184,6,1,0
9,87,1,120,1,2,1
8,719,5,-1,0,0,1
5,292,7,-1,0,0,1
6,145,1,-1,0,0,1
3,52,3,-1,0,0,1
4,146,1,281,1,2,1
5,451,1,169,2,2,0
5,167,4,-1,0,0,1
8,98,4,-1,0,0,1
5,238,2,-1,0,0,1
8,85,7,-1,0,0,1
1,323,4,-1,0,0,1
6,116,1,-1,0,0,1
5,304,3,-1,0,0,1
12,267,1,-1,0,0,1
5,201,2,-1,0,0,1
5,105,1,336,2,2,1
5,193,2,-1,0,0,1
1,113,1,-1,0,0,1
5,151,2,-1,0,0,1
8,200,2,-1,0,0,1
5,145,1,-1,0,0,1
5,214,4,-1,0,0,0
7,36,6,-1,0,0,1
11,58,2,-1,0,0,1
5,174,2,-1,0,0,1
4,587,1,-1,0,0,0
5,112,1,-1,0,0,1
7,175,2,-1,0,0,1
6,279,1,-1,0,0,1
11,270,1,-1,0,0,0
5,116,2,169,3,2,1
5,129,2,-1,0,0,1
5,38,2,369,4,2,1
5,138,1,-1,0,0,1
8,338,1,-1,0,0,0
6,565,3,-1,0,0,1
8,77,8,-1,0,0,1
11,314,2,124,1,2,1
6,179,2,-1,0,0,1
5,294,1,-1,0,0,1
5,298,1,-1,0,0,1
4,427,2,-1,0,0,1
5,87,4,357,4,2,1
9,397,1,-1,0,0,0
9,344,1,295,1,2,0
7,74,5,-1,0,0,1
5,148,4,-1,0,0,1
6,161,3,-1,0,0,1
6,110,1,-1,0,0,1
8,1529,1,397,1,2,1
8,236,1,104,1,1,1
8,89,2,-1,0,0,1
4,390,1,316,1,2,1
5,1467,1,-1,0,0,0
5,646,3,-1,0,0,0
7,183,1,-1,0,0,1
5,168,2,-1,0,0,1
5,66,1,-1,0,0,1
11,160,3,120,3,2,1
5,14,2,-1,0,0,1
6,220,4,-1,0,0,1
6,1007,1,-1,0,0,0
7,149,13,-1,0,0,1
5,665,1,-1,0,0,1
7,174,3,-1,0,0,1
7,105,1,-1,0,0,1
8,990,1,-1,0,0,0
11,582,1,-1,0,0,1
5,136,1,-1,0,0,1
8,223,1,414,4,2,0
8,205,2,-1,0,0,1
5,214,1,349,1,2,1
5,217,6,-1,0,0,1
11,171,2,96,5,1,1
5,50,1,-1,0,0,1
6,65,3,-1,0,0,1
5,55,1,-1,0,0,1
6,256,3,-1,0,0,1
5,151,1,-1,0,0,1
7,226,1,-1,0,0,1
7,97,5,-1,0,0,1
7,92,1,-1,0,0,1
5,343,1,-1,0,0,1
5,493,5,-1,0,0,1
8,216,3,-1,0,0,1
5,224,7,105,1,3,1
12,190,1,188,9,1,0
6,458,6,-1,0,0,0
4,222,1,154,1,2,1
5,612,1,344,1,3,1
4,137,1,-1,0,0,1
5,104,2,-1,0,0,1
8,206,4,-1,0,0,1
7,172,28,-1,0,0,1
3,152,2,-1,0,0,0
11,114,1,-1,0,0,1
7,89,1,-1,0,0,1
6,158,1,-1,0,0,1
7,326,11,-1,0,0,1
6,215,3,-1,0,0,1
5,53,1,-1,0,0,1
7,71,11,-1,0,0,1
5,487,2,367,2,3,1
5,340,2,175,1,2,1
10,183,1,91,11,2,1
11,131,2,-1,0,0,1
1,208,1,247,2,2,1
6,311,5,-1,0,0,1
11,147,1,96,8,1,0
5,83,1,-1,0,0,1
6,775,3,-1,0,0,0
8,25,18,-1,0,0,1
7,497,5,-1,0,0,1
6,180,1,-1,0,0,1
5,698,2,292,1,2,0
7,134,1,-1,0,0,1
11,223,2,186,3,3,1
1,399,3,-1,0,0,0
5,420,1,-1,0,0,1
5,233,3,-1,0,0,1
11,702,1,-1,0,0,1
11,161,1,209,2,2,0
5,110,1,315,2,2,1
8,27,6,-1,0,0,1
5,58,2,334,1,2,1
11,68,1,-1,0,0,1
8,92,2,-1,0,0,1
5,45,1,-1,0,0,1
1,79,1,-1,0,0,1
4,11,5,319,2,3,1
5,520,1,-1,0,0,1
7,86,1,-1,0,0,1
8,16,16,-1,0,0,1
8,154,2,-1,0,0,1
5,91,1,-1,0,0,1
1,389,2,-1,0,0,1
7,71,15,-1,0,0,1
6,111,3,-1,0,0,1
5,68,2,-1,0,0,1
11,75,2,177,5,2,1
7,212,1,-1,0,0,1
4,91,2,275,1,2,1
8,79,2,-1,0,0,1
7,646,2,-1,0,0,1
5,206,1,-1,0,0,1
8,257,1,474,3,2,0
8,81,2,-1,0,0,1
4,470,1,150,5,3,1
5,133,2,-1,0,0,1
6,230,2,-1,0,0,1
11,76,6,-1,0,0,1
6,26,1,-1,0,0,1
2,154,2,197,6,2,1
7,94,4,-1,0,0,1
8,254,2,-1,0,0,0
7,1156,1,-1,0,0,1
7,248,5,-1,0,0,1
11,884,3,-1,0,0,1
11,275,2,-1,0,0,1
7,200,2,-1,0,0,1
5,228,1,-1,0,0,1
4,475,2,-1,0,0,0
7,393,5,-1,0,0,1
8,156,4,-1,0,0,1
2,244,3,-1,0,0,1
5,118,1,-1,0,0,1
8,40,2,-1,0,0,1
5,700,3,-1,0,0,1
2,97,3,-1,0,0,1
7,252,1,184,3,1,0
8,360,4,-1,0,0,1
11,235,1,-1,0,0,1
5,1521,1,-1,0,0,1
5,105,4,366,2,2,1
1,86,1,-1,0,0,1
4,484,1,135,3,2,1
11,117,1,-1,0,0,1
6,119,1,-1,0,0,1
5,359,1,-1,0,0,1
7,109,8,-1,0,0,1
6,236,1,-1,0,0,1
1,203,3,93,1,2,1
6,202,2,-1,0,0,1
7,42,1,-1,0,0,1
5,21,1,-1,0,0,1
5,186,1,-1,0,0,1
5,172,1,-1,0,0,1
7,527,1,-1,0,0,1
7,175,1,-1,0,0,1
6,21,18,-1,0,0,1
8,370,4,-1,0,0,1
5,54,2,-1,0,0,1
8,63,3,-1,0,0,1
5,116,3,-1,0,0,1
5,151,1,-1,0,0,1
4,300,1,-1,0,0,1
11,48,1,181,3,2,1
6,217,1,-1,0,0,1
5,727,2,-1,0,0,0
6,193,1,-1,0,0,1
1,72,1,261,1,2,1
5,165,1,-1,0,0,1
8,345,10,-1,0,0,1
5,206,2,-1,0,0,1
8,994,2,-1,0,0,0
5,127,2,-1,0,0,1
6,29,32,-1,0,0,1
6,70,3,-1,0,0,1
8,40,2,-1,0,0,1
7,185,4,-1,0,0,1
7,64,2,-1,0,0,1
6,97,1,-1,0,0,1
8,316,5,-1,0,0,1
2,125,1,249,2,2,1
5,233,1,-1,0,0,1
11,14,7,112,4,3,1
2,245,1,-1,0,0,0
5,109,1,-1,0,0,1
5,429,2,-1,0,0,1
8,133,11,-1,0,0,1
8,70,2,-1,0,0,1
5,118,1,-1,0,0,1
2,1579,1,246,4,2,0
5,29,1,-1,0,0,1
5,173,1,-1,0,0,1
8,13,14,-1,0,0,1
4,183,1,338,2,2,1
11,175,2,-1,0,0,1
6,123,1,-1,0,0,1
11,288,1,137,1,3,1
6,19,18,-1,0,0,1
8,136,4,-1,0,0,1
5,437,2,-1,0,0,1
8,1225,2,-1,0,0,1
5,526,8,-1,0,0,1
8,91,2,-1,0,0,1
5,123,3,-1,0,0,1
5,62,1,-1,0,0,1
2,865,2,190,1,2,1
2,82,3,-1,0,0,1
11,219,7,133,1,2,1
9,569,1,-1,0,0,0
8,460,2,-1,0,0,0
2,238,3,-1,0,0,1
8,346,5,-1,0,0,1
11,161,2,-1,0,0,1
8,51,9,-1,0,0,1
4,37,1,-1,0,0,1
5,141,8,297,2,3,1
4,173,2,-1,0,0,1
5,66,2,-1,0,0,1
5,209,1,-1,0,0,1
7,1011,20,-1,0,0,1
5,147,2,298,3,2,1
8,88,4,-1,0,0,1
5,52,1,-1,0,0,1
6,544,3,-1,0,0,1
5,360,1,181,5,1,0
8,95,2,-1,0,0,1
7,322,1,-1,0,0,1
6,106,3,-1,0,0,1
5,20,1,-1,0,0,1
5,178,7,365,5,3,1
5,325,4,-1,0,0,1
5,343,2,-1,0,0,1
5,213,4,-1,0,0,0
11,193,3,-1,0,0,1
7,168,7,-1,0,0,1
1,423,1,-1,0,0,0
5,218,1,-1,0,0,1
6,158,1,-1,0,0,1
4,433,1,-1,0,0,1
6,252,3,-1,0,0,1
6,175,1,-1,0,0,1
8,192,1,-1,0,0,1
7,158,1,-1,0,0,1
11,114,2,-1,0,0,1
5,246,1,-1,0,0,1
4,44,1,-1,0,0,1
8,136,2,-1,0,0,1
7,247,2,-1,0,0,1
5,227,1,-1,0,0,1
8,219,4,-1,0,0,1
1,326,2,272,2,1,0
5,226,2,-1,0,0,1
7,351,2,-1,0,0,1
11,341,4,94,3,2,1
7,124,1,-1,0,0,1
8,123,3,-1,0,0,1
5,244,6,-1,0,0,1
8,151,8,-1,0,0,1
4,736,7,-1,0,0,1
7,109,1,-1,0,0,1
7,117,2,-1,0,0,1
7,77,2,-1,0,0,1
6,42,1,-1,0,0,1
2,252,3,-1,0,0,1
6,179,1,-1,0,0,1
8,106,3,-1,0,0,1
7,281,3,-1,0,0,1
4,384,2,-1,0,0,0
4,217,1,-1,0,0,1
8,144,4,-1,0,0,1
11,374,1,-1,0,0,1
5,298,1,-1,0,0,1
7,814,2,-1,0,0,0
7,33,31,-1,0,0,1
11,128,2,-1,0,0,1
8,129,4,-1,0,0,1
8,274,4,-1,0,0,1
11,984,1,-1,0,0,0
5,413,2,-1,0,0,1
5,44,1,355,3,2,1
2,70,4,7,7,3,1
2,463,18,-1,0,0,1
6,96,2,-1,0,0,1
11,276,1,195,1,2,1
4,257,2,146,9,3,1
8,131,3,-1,0,0,1
4,586,2,-1,0,0,1
8,267,1,474,1,2,0
7,29,1,-1,0,0,1
6,65,6,-1,0,0,1
7,67,3,-1,0,0,1
10,190,1,82,1,1,1
8,287,2,-1,0,0,1
6,77,1,-1,0,0,1
5,169,1,-1,0,0,1
11,25,1,-1,0,0,1
11,669,1,-1,0,0,0
7,122,6,-1,0,0,1
10,269,3,541,3,1,0
10,167,1,-1,0,0,1
5,244,1,-1,0,0,1
5,99,6,-1,0,0,1
5,76,2,-1,0,0,1
7,252,4,-1,0,0,1
3,213,3,182,6,1,0
6,14,1,-1,0,0,1
7,121,2,-1,0,0,1
5,153,1,-1,0,0,1
5,8,5,350,3,3,1
11,244,1,-1,0,0,1
6,67,2,-1,0,0,1
4,169,1,231,2,2,1
8,86,2,-1,0,0,1
7,277,2,-1,0,0,1
5,154,5,176,1,3,1
6,135,3,-1,0,0,1
4,392,1,-1,0,0,1
5,133,2,-1,0,0,1
7,96,2,109,4,1,1
5,446,1,-1,0,0,0
11,20,6,175,15,3,1
5,291,2,-1,0,0,1
6,214,8,-1,0,0,1
8,159,2,-1,0,0,1
8,275,4,-1,0,0,1
5,128,3,-1,0,0,1
11,207,2,153,1,2,1
5,146,3,-1,0,0,1
5,22,1,-1,0,0,1
5,239,2,349,3,1,1
7,92,1,-1,0,0,1
5,149,4,-1,0,0,1
11,107,2,-1,0,0,1
8,71,2,-1,0,0,1
5,122,6,-1,0,0,1
5,16,6,368,1,3,1
2,251,1,-1,0,0,1
11,215,3,-1,0,0,1
7,128,3,-1,0,0,1
8,445,3,-1,0,0,1
3,76,2,-1,0,0,1
7,206,1,-1,0,0,1
11,155,1,-1,0,0,1
2,429,1,201,1,2,1
6,133,1,-1,0,0,1
6,474,3,95,3,3,0
5,578,1,364,1,3,1
5,17,3,169,2,2,1
6,74,1,-1,0,0,1
8,239,3,761,1,3,0
8,275,8,-1,0,0,1
5,101,1,362,5,3,1
2,671,1,181,3,2,0
11,998,1,-1,0,0,0
6,271,1,-1,0,0,1
5,133,3,-1,0,0,1
6,84,2,-1,0,0,1
5,281,1,-1,0,0,1
6,250,1,-1,0,0,1
10,144,1,-1,0,0,0
5,432,1,-1,0,0,1
6,411,1,-1,0,0,1
8,428,2,336,6,2,1
10,249,2,335,2,2,0
8,235,3,-1,0,0,1
9,267,2,114,2,2,0
9,595,1,-1,0,0,1
6,28,4,-1,0,0,1
7,257,2,-1,0,0,1
7,630,6,-1,0,0,0
5,747,5,-1,0,0,1
8,87,4,-1,0,0,1
5,187,3,-1,0,0,1
5,452,2,-1,0,0,1
6,36,4,-1,0,0,1
11,277,1,-1,0,0,1
5,118,1,-1,0,0,1
11,197,2,-1,0,0,1
4,101,5,-1,0,0,1
6,282,2,385,1,1,0
5,8,6,267,4,2,1
7,1448,7,-1,0,0,0
11,344,1,-1,0,0,1
5,12,8,342,9,2,1
6,61,1,-1,0,0,1
5,91,6,-1,0,0,1
5,162,3,-1,0,0,1
5,339,1,-1,0,0,1
5,113,2,-1,0,0,1
4,558,1,-1,0,0,0
5,69,1,-1,0,0,1
5,541,1,295,6,2,1
11,429,1,-1,0,0,1
6,135,2,-1,0,0,1
10,96,1,111,3,2,1
4,68,2,-1,0,0,1
5,529,2,-1,0,0,1
1,650,2,-1,0,0,1
12,69,1,185,2,2,1
7,71,7,-1,0,0,1
5,30,7,-1,0,0,1
7,9,19,-1,0,0,1
8,331,2,-1,0,0,1
6,66,1,-1,0,0,1
11,26,6,-1,0,0,1
5,266,3,-1,0,0,1
11,168,2,-1,0,0,1
7,316,1,-1,0,0,1
7,1006,2,-1,0,0,0
11,77,1,-1,0,0,1
5,622,1,-1,0,0,1
5,494,2,-1,0,0,1
6,269,1,-1,0,0,1
4,543,3,321,6,2,1
7,268,6,-1,0,0,1
6,397,1,-1,0,0,0
11,22,4,114,1,2,1
6,51,2,-1,0,0,1
9,208,1,105,2,1,1
11,77,3,185,7,2,1
6,450,2,-1,0,0,1
6,201,1,-1,0,0,1
4,342,3,332,1,3,1
8,181,2,-1,0,0,1
5,294,1,-1,0,0,1
11,123,1,186,4,2,1
5,172,1,-1,0,0,1
5,1022,1,360,2,2,1
5,123,1,360,3,3,1
5,420,1,-1,0,0,1
4,119,2,280,2,2,1
5,153,1,-1,0,0,1
5,85,2,-1,0,0,1
9,260,3,95,3,1,0
5,528,1,-1,0,0,1
5,361,1,-1,0,0,1
11,59,4,-1,0,0,1
5,86,7,-1,0,0,1
2,139,1,-1,0,0,1
5,219,4,-1,0,0,1
5,45,2,-1,0,0,1
5,168,4,-1,0,0,1
4,268,1,261,5,3,0
5,210,2,-1,0,0,1
5,160,1,-1,0,0,1
5,1044,2,-1,0,0,1
7,601,1,-1,0,0,1
5,89,1,-1,0,0,1
5,491,2,-1,0,0,1
5,139,1,-1,0,0,1
6,267,3,-1,0,0,1
7,88,3,-1,0,0,1
7,134,1,-1,0,0,1
5,126,2,-1,0,0,1
5,191,1,-1,0,0,1
2,267,4,270,3,3,1
4,5,3,150,6,2,1
6,560,2,-1,0,0,1
3,138,8,-1,0,0,1
8,188,4,-1,0,0,1
5,262,2,352,2,2,1
8,836,3,-1,0,0,0
8,150,4,-1,0,0,1
5,44,2,-1,0,0,1
7,11,17,-1,0,0,1
11,123,1,-1,0,0,1
5,150,2,-1,0,0,1
1,255,2,2,4,3,1
8,92,5,-1,0,0,1
9,112,7,-1,0,0,1
6,554,1,-1,0,0,0
8,109,2,-1,0,0,1
2,781,1,-1,0,0,0
10,116,1,-1,0,0,1
5,363,1,173,24,3,1
8,82,2,-1,0,0,1
7,167,3,-1,0,0,1
11,220,1,190,1,2,1
5,546,1,-1,0,0,1
7,1124,2,-1,0,0,0
5,141,1,-1,0,0,1
5,188,1,161,2,3,1
5,107,4,371,3,2,1
6,320,4,-1,0,0,1
4,244,3,-1,0,0,1
7,319,2,-1,0,0,1
6,147,2,-1,0,0,1
3,114,6,467,5,3,1
11,400,2,-1,0,0,1
11,79,3,-1,0,0,1
6,29,4,-1,0,0,1
11,97,2,-1,0,0,1
5,187,5,-1,0,0,1
5,201,1,-1,0,0,1
2,280,1,75,1,2,1
5,150,1,-1,0,0,1
7,129,1,-1,0,0,1
6,516,1,-1,0,0,1
6,127,2,-1,0,0,1
6,174,2,-1,0,0,1
7,82,5,-1,0,0,1
6,1516,2,-1,0,0,1
5,204,1,-1,0,0,1
5,109,1,-1,0,0,1
7,378,1,-1,0,0,1
5,152,11,-1,0,0,1
2,185,1,-1,0,0,0
5,317,1,-1,0,0,1
5,27,1,-1,0,0,1
11,205,6,-1,0,0,1
11,46,1,182,2,2,1
1,978,2,189,1,3,1
2,45,5,-1,0,0,1
6,145,6,-1,0,0,1
1,138,1,-1,0,0,1
5,720,2,-1,0,0,1
6,362,1,-1,0,0,1
5,90,6,-1,0,0,1
5,214,1,-1,0,0,1
5,142,3,259,17,2,1
5,241,3,-1,0,0,1
2,148,6,-1,0,0,1
6,227,6,-1,0,0,1
8,126,2,-1,0,0,1
5,410,1,-1,0,0,1
1,243,2,-1,0,0,1
5,171,2,-1,0,0,1
5,147,1,-1,0,0,1
6,91,1,-1,0,0,1
11,332,1,183,1,2,1
7,471,2,-1,0,0,1
5,364,1,355,1,3,1
5,98,1,167,2,2,1
5,117,2,-1,0,0,1
7,185,4,-1,0,0,1
5,59,3,367,1,3,1
11,147,3,-1,0,0,1
5,553,2,-1,0,0,1
8,275,1,-1,0,0,1
8,239,4,-1,0,0,0
6,402,9,-1,0,0,1
5,172,1,93,1,2,1
8,195,2,-1,0,0,1
2,68,12,-1,0,0,1
7,82,3,-1,0,0,1
6,57,6,-1,0,0,1
11,495,1,93,1,1,0
7,479,1,-1,0,0,1
8,141,2,-1,0,0,1
8,82,4,-1,0,0,1
12,798,1,185,5,3,0
7,232,1,-1,0,0,1
8,60,5,-1,0,0,1
5,103,3,-1,0,0,1
7,443,1,-1,0,0,1
5,400,2,-1,0,0,1
6,132,1,-1,0,0,1
8,374,16,-1,0,0,1
8,363,7,-1,0,0,0
8,111,2,-1,0,0,1
8,130,4,-1,0,0,1
7,308,3,-1,0,0,1
6,116,1,-1,0,0,1
7,160,2,-1,0,0,1
5,205,3,-1,0,0,1
5,185,2,-1,0,0,1
11,61,2,181,4,2,1
8,159,2,106,6,1,1
5,213,1,264,6,2,1
5,294,15,-1,0,0,1
7,140,3,-1,0,0,1
1,71,1,223,9,3,1
7,47,7,-1,0,0,1
4,570,2,-1,0,0,1
7,287,2,-1,0,0,1
10,130,1,161,1,2,0
5,201,1,345,1,3,1
11,11,7,-1,0,0,1
11,70,5,85,5,3,1
8,54,2,-1,0,0,1
5,22,16,-1,0,0,1
7,103,3,-1,0,0,1
4,104,1,312,1,2,1
8,29,2,-1,0,0,1
5,57,2,-1,0,0,1
6,236,1,-1,0,0,1
2,528,3,-1,0,0,0
7,68,2,-1,0,0,1
7,876,1,-1,0,0,0
9,76,1,-1,0,0,1
5,99,1,-1,0,0,1
5,122,3,357,4,2,1
1,141,1,-1,0,0,1
5,58,2,-1,0,0,1
3,78,3,-1,0,0,1
6,435,3,-1,0,0,1
5,123,2,364,1,2,1
7,210,3,-1,0,0,1
5,54,2,-1,0,0,1
5,138,4,-1,0,0,1
7,336,7,-1,0,0,1
8,249,1,-1,0,0,0
5,63,1,-1,0,0,1
5,257,1,-1,0,0,1
8,875,2,-1,0,0,0
5,191,2,-1,0,0,1
2,481,2,-1,0,0,0
5,120,2,-1,0,0,1
5,207,1,-1,0,0,1
6,303,2,-1,0,0,1
8,93,2,-1,0,0,1
2,128,1,-1,0,0,1
8,194,2,-1,0,0,1
5,408,2,-1,0,0,1
7,5,3,-1,0,0,1
7,231,2,-1,0,0,1
6,20,3,-1,0,0,1
1,218,3,161,9,3,1
7,36,2,-1,0,0,1
7,136,8,-1,0,0,1
11,336,1,-1,0,0,1
7,192,1,-1,0,0,1
5,141,1,188,1,2,1
6,65,2,-1,0,0,1
1,203,2,2,3,3,1
8,104,9,-1,0,0,1
5,230,1,-1,0,0,1
8,71,1,-1,0,0,1
5,205,2,-1,0,0,1
5,162,1,-1,0,0,1
5,145,2,-1,0,0,1
6,220,2,-1,0,0,1
5,309,3,355,4,2,1
5,421,3,-1,0,0,1
9,261,1,98,1,1,0
8,132,2,-1,0,0,1
7,273,1,91,1,3,1
11,349,2,183,1,1,0
6,291,3,-1,0,0,1
7,83,6,-1,0,0,1
5,793,2,-1,0,0,1
2,119,1,195,8,1,1
5,312,1,-1,0,0,1
5,103,6,-1,0,0,1
7,101,3,-1,0,0,1
6,48,1,-1,0,0,1
7,228,3,-1,0,0,1
6,81,3,-1,0,0,1
7,152,2,-1,0,0,1
5,160,3,-1,0,0,1
5,59,1,-1,0,0,1
11,297,1,-1,0,0,1
8,147,2,-1,0,0,1
5,143,1,-1,0,0,1
5,75,1,-1,0,0,1
5,338,3,185,2,2,1
6,29,2,-1,0,0,1
5,159,2,-1,0,0,1
6,85,8,-1,0,0,1
5,15,7,-1,0,0,1
5,198,2,358,5,3,1
5,114,2,-1,0,0,1
8,1117,2,-1,0,0,1
2,343,2,-1,0,0,1
7,59,2,-1,0,0,1
7,31,1,-1,0,0,1
7,212,2,-1,0,0,1
5,157,6,-1,0,0,1
7,96,1,-1,0,0,1
5,245,2,-1,0,0,1
8,72,4,-1,0,0,1
4,700,1,-1,0,0,1
4,107,1,148,4,2,1
8,312,3,-1,0,0,1
6,153,1,309,3,3,1
7,55,10,-1,0,0,1
5,38,3,-1,0,0,1
8,96,3,-1,0,0,1
5,397,1,-1,0,0,1
7,208,3,-1,0,0,1
1,122,3,-1,0,0,1
12,109,1,246,1,2,1
5,74,1,-1,0,0,1
7,72,1,-1,0,0,1
2,383,2,-1,0,0,1
5,113,3,-1,0,0,1
7,400,1,-1,0,0,1
8,387,8,-1,0,0,1
5,59,2,-1,0,0,1
5,528,1,358,2,2,1
8,1223,6,-1,0,0,0
7,38,2,-1,0,0,1
12,1139,2,114,1,1,1
11,286,2,-1,0,0,1
2,369,2,-1,0,0,1
8,333,5,-1,0,0,1
5,198,1,-1,0,0,1
8,106,8,-1,0,0,1
7,423,1,-1,0,0,1
8,116,4,-1,0,0,1
5,30,1,357,1,3,0
4,1101,2,-1,0,0,0
6,102,1,85,1,2,1
8,384,6,-1,0,0,1
9,156,2,127,8,2,1
11,99,3,-1,0,0,1
6,280,6,92,5,3,0
8,20,2,-1,0,0,1
6,258,1,-1,0,0,1
8,85,6,-1,0,0,1
7,355,1,-1,0,0,1
6,66,3,-1,0,0,1
7,467,1,-1,0,0,1
5,582,2,283,4,2,1
5,744,1,-1,0,0,0
7,185,4,-1,0,0,1
5,13,5,-1,0,0,1
2,98,1,266,3,2,1
5,127,1,-1,0,0,1
6,45,2,-1,0,0,1
1,244,3,-1,0,0,1
6,2769,4,-1,0,0,0
5,561,4,369,3,2,1
8,182,1,-1,0,0,1
8,618,1,-1,0,0,1
5,198,3,-1,0,0,1
8,126,6,-1,0,0,1
7,715,1,-1,0,0,1
11,63,1,-1,0,0,1
5,412,1,-1,0,0,0
5,66,1,363,22,2,1
11,96,1,-1,0,0,1
4,633,1,85,2,1,0
5,364,1,-1,0,0,1
5,298,3,-1,0,0,1
4,341,1,-1,0,0,1
5,364,1,-1,0,0,1
6,234,7,330,1,2,1
2,639,1,189,1,2,0
8,310,4,-1,0,0,1
6,123,4,-1,0,0,1
6,253,1,-1,0,0,1
7,96,2,-1,0,0,1
4,297,1,86,3,1,0
5,501,2,-1,0,0,1
5,67,1,368,2,2,1
5,281,1,-1,0,0,1
5,475,2,-1,0,0,1
10,205,1,-1,0,0,1
10,272,1,102,8,3,1
4,349,1,-1,0,0,1
2,216,4,271,5,2,1
7,183,1,-1,0,0,1
5,130,1,172,2,3,1
6,61,6,-1,0,0,1
6,92,2,-1,0,0,1
8,37,2,-1,0,0,1
11,354,2,-1,0,0,1
5,203,1,78,8,3,1
5,152,1,-1,0,0,1
6,41,5,-1,0,0,1
5,20,5,-1,0,0,1
5,277,1,271,2,1,1
6,83,2,-1,0,0,1
5,531,1,-1,0,0,1
8,91,5,-1,0,0,1
5,315,1,-1,0,0,1
8,70,9,-1,0,0,1
7,384,1,-1,0,0,1
7,105,3,-1,0,0,1
5,305,2,-1,0,0,1
5,158,2,-1,0,0,0
5,199,1,173,2,2,1
5,25,1,-1,0,0,1
5,147,1,-1,0,0,1
7,538,8,-1,0,0,1
8,77,9,-1,0,0,1
8,94,2,-1,0,0,1
5,1721,2,-1,0,0,0
11,143,1,154,3,2,1
11,104,1,-1,0,0,1
8,587,2,-1,0,0,0
7,1608,13,-1,0,0,0
2,48,4,-1,0,0,1
7,74,1,-1,0,0,1
11,427,1,-1,0,0,1
5,73,1,-1,0,0,1
6,14,21,-1,0,0,1
5,725,1,-1,0,0,0
7,333,2,-1,0,0,1
8,244,6,-1,0,0,1
10,519,1,166,1,3,0
7,242,7,-1,0,0,1
5,222,1,-1,0,0,1
11,130,2,160,1,2,1
5,490,1,-1,0,0,1
11,258,2,-1,0,0,1
1,337,2,-1,0,0,1
7,220,7,450,2,2,1
8,79,2,94,2,1,1
7,250,1,-1,0,0,1
6,130,1,-1,0,0,1
8,882,8,-1,0,0,0
4,515,1,150,1,3,1
5,238,3,340,2,2,1
5,32,2,-1,0,0,1
5,907,2,-1,0,0,1
6,162,1,-1,0,0,1
5,70,2,-1,0,0,1
6,99,6,-1,0,0,1
5,325,1,-1,0,0,1
7,305,12,-1,0,0,1
11,631,1,-1,0,0,1
2,169,1,183,1,2,0
5,61,2,-1,0,0,1
8,256,2,-1,0,0,1
6,58,3,-1,0,0,1
5,142,3,-1,0,0,1
5,36,6,90,2,3,1
3,106,1,-1,0,0,0
8,71,4,-1,0,0,1
8,132,6,-1,0,0,1
5,120,1,-1,0,0,1
10,181,2,500,1,2,1
6,152,2,-1,0,0,1
5,302,1,-1,0,0,1
4,93,3,-1,0,0,0
6,235,2,-1,0,0,1
6,129,1,-1,0,0,0
7,94,2,-1,0,0,1
4,310,1,-1,0,0,1
7,195,7,-1,0,0,1
5,196,1,-1,0,0,1
5,93,1,-1,0,0,1
4,394,2,-1,0,0,0
2,288,3,-1,0,0,1
7,208,2,-1,0,0,1
10,508,1,-1,0,0,0
7,86,2,-1,0,0,1
11,189,1,-1,0,0,1
5,249,2,-1,0,0,1
11,450,1,-1,0,0,1
5,680,1,95,1,2,1
5,175,2,-1,0,0,1
2,479,1,-1,0,0,0
4,270,3,241,4,3,1
7,164,1,-1,0,0,1
4,158,1,182,1,1,1
8,50,4,-1,0,0,1
8,80,2,-1,0,0,1
2,45,1,-1,0,0,1
1,220,2,-1,0,0,1
6,161,2,-1,0,0,1
5,98,1,-1,0,0,1
6,79,1,-1,0,0,1
5,157,2,-1,0,0,1
7,339,1,-1,0,0,1
5,274,2,-1,0,0,1
5,977,1,-1,0,0,1
5,127,2,-1,0,0,1
6,329,4,-1,0,0,1
11,1441,3,-1,0,0,1
5,231,1,-1,0,0,1
5,96,2,349,5,2,1
5,213,1,178,1,2,1
4,335,1,-1,0,0,0
5,959,3,174,7,3,0
8,429,3,-1,0,0,0
7,383,6,-1,0,0,1
6,40,1,-1,0,0,1
5,110,2,-1,0,0,1
5,326,1,-1,0,0,1
5,179,3,-1,0,0,1
8,132,8,-1,0,0,1
10,95,1,-1,0,0,1
8,248,2,-1,0,0,1
2,100,3,201,2,2,1
5,226,10,-1,0,0,1
6,174,3,-1,0,0,1
4,29,3,152,1,2,1
5,176,2,-1,0,0,1
7,106,2,-1,0,0,1
11,136,1,120,1,2,1
2,110,2,64,2,1,0
8,230,3,-1,0,0,1
5,140,7,-1,0,0,1
5,118,2,-1,0,0,1
8,151,10,-1,0,0,1
7,693,2,-1,0,0,1
8,31,1,-1,0,0,1
8,125,2,-1,0,0,1
4,670,4,340,2,1,0
5,454,2,364,3,2,0
5,159,3,-1,0,0,1
8,504,2,-1,0,0,1
8,29,28,-1,0,0,1
6,190,1,84,1,2,1
5,332,2,-1,0,0,1
2,143,4,272,1,2,1
1,77,1,2,2,3,1
7,517,4,-1,0,0,1
7,2029,1,-1,0,0,0
5,269,1,-1,0,0,1
8,457,2,-1,0,0,1
8,184,1,-1,0,0,1
5,47,4,-1,0,0,1
5,158,2,-1,0,0,1
11,168,3,-1,0,0,1
5,50,1,-1,0,0,1
8,757,4,-1,0,0,1
8,93,4,-1,0,0,1
8,285,2,-1,0,0,1
4,390,1,-1,0,0,1
5,146,2,-1,0,0,1
5,386,1,-1,0,0,1
8,145,7,-1,0,0,1
7,230,1,-1,0,0,1
7,237,2,91,1,2,1
7,474,2,-1,0,0,1
5,350,4,-1,0,0,1
7,487,7,-1,0,0,1
6,1009,2,-1,0,0,1
3,87,1,91,2,1,0
7,82,3,-1,0,0,1
5,183,1,-1,0,0,1
3,139,5,-1,0,0,1
6,115,3,-1,0,0,1
4,124,2,-1,0,0,1
6,633,28,-1,0,0,1
10,718,1,-1,0,0,0
2,63,1,-1,0,0,1
8,180,1,106,2,2,1
8,47,1,120,1,2,1
7,391,1,-1,0,0,1
7,85,3,-1,0,0,1
5,373,1,-1,0,0,1
8,289,2,-1,0,0,1
12,805,1,190,1,3,0
5,623,1,293,1,1,0
6,483,1,-1,0,0,1
5,26,2,-1,0,0,1
5,112,3,-1,0,0,1
11,213,2,-1,0,0,1
11,129,1,-1,0,0,1
4,330,1,311,4,1,0
6,104,1,-1,0,0,1
5,184,1,-1,0,0,1
7,120,3,-1,0,0,1
6,159,4,-1,0,0,1
5,391,3,-1,0,0,1
8,112,2,-1,0,0,1
5,76,1,-1,0,0,1
5,189,2,-1,0,0,1
5,94,1,-1,0,0,1
5,184,3,-1,0,0,1
8,100,2,-1,0,0,1
1,57,1,-1,0,0,1
11,525,3,-1,0,0,0
11,60,1,-1,0,0,1
5,251,11,-1,0,0,1
5,251,3,-1,0,0,1
8,219,6,-1,0,0,1
8,976,12,-1,0,0,0
7,46,1,-1,0,0,1
11,185,3,-1,0,0,1
8,587,2,-1,0,0,0
7,65,2,-1,0,0,1
6,491,1,-1,0,0,1
5,432,2,-1,0,0,1
11,102,1,-1,0,0,1
4,264,1,317,1,2,1
2,75,1,190,6,2,1
4,106,2,-1,0,0,1
11,81,1,-1,0,0,1
8,89,23,-1,0,0,1
6,95,2,-1,0,0,1
5,322,1,-1,0,0,1
4,94,5,145,3,3,1
8,417,1,365,9,3,0
10,567,1,95,3,1,0
5,600,4,332,4,3,0
10,5,1,-1,0,0,1
8,464,5,-1,0,0,1
9,222,1,-1,0,0,1
5,469,1,-1,0,0,0
4,99,1,-1,0,0,1
5,297,2,-1,0,0,1
4,41,3,-1,0,0,1
12,390,1,-1,0,0,1
5,535,2,-1,0,0,1
11,269,2,-1,0,0,0
4,1010,3,326,1,3,1
8,73,6,-1,0,0,1
5,650,1,-1,0,0,1
7,53,2,-1,0,0,1
7,270,1,-1,0,0,1
8,119,6,-1,0,0,1
8,634,2,-1,0,0,1
5,72,2,-1,0,0,1
11,270,1,123,2,2,1
5,165,2,363,1,2,1
8,164,2,-1,0,0,1
5,196,1,-1,0,0,1
7,78,4,-1,0,0,1
5,897,4,-1,0,0,0
7,22,8,-1,0,0,1
11,161,3,-1,0,0,1
6,23,4,-1,0,0,1
5,490,2,-1,0,0,1
4,359,1,-1,0,0,0
7,213,2,-1,0,0,1
8,122,1,-1,0,0,1
5,587,4,-1,0,0,1
6,199,6,-1,0,0,1
8,261,2,-1,0,0,1
7,5,3,-1,0,0,1
11,1531,1,-1,0,0,1
5,92,1,-1,0,0,1
5,179,2,-1,0,0,1
5,41,1,-1,0,0,1
1,197,2,244,3,2,1
7,144,5,-1,0,0,1
5,255,1,-1,0,0,1
5,56,2,-1,0,0,1
5,20,6,291,2,3,1
8,331,7,-1,0,0,1
1,216,1,91,4,1,0
5,64,1,-1,0,0,1
6,34,1,-1,0,0,1
5,68,1,363,1,2,1
5,764,3,-1,0,0,1
11,64,1,-1,0,0,1
5,257,2,-1,0,0,1
5,58,3,347,5,2,1
2,30,3,-1,0,0,1
7,529,5,-1,0,0,1
5,8,7,-1,0,0,1
5,147,1,-1,0,0,1
8,173,2,-1,0,0,1
5,132,1,-1,0,0,1
6,286,1,-1,0,0,1
6,476,1,-1,0,0,1
11,221,5,-1,0,0,1
4,146,4,-1,0,0,0
5,532,2,-1,0,0,1
8,69,6,-1,0,0,1
11,157,2,172,1,2,1
5,485,1,-1,0,0,1
5,56,1,359,1,2,1
8,69,1,-1,0,0,1
8,131,2,-1,0,0,1
6,95,2,-1,0,0,1
8,294,3,-1,0,0,1
5,146,1,272,2,2,1
5,58,2,-1,0,0,1
5,249,2,-1,0,0,1
6,10,8,-1,0,0,1
10,255,3,148,1,1,0
2,337,4,-1,0,0,1
6,142,1,-1,0,0,1
7,209,2,-1,0,0,1
5,825,2,-1,0,0,1
6,87,1,-1,0,0,1
5,219,4,-1,0,0,1
5,143,1,-1,0,0,1
7,70,1,-1,0,0,1
5,371,2,-1,0,0,1
2,539,8,204,5,2,1
2,176,1,-1,0,0,1
5,725,3,-1,0,0,0
7,101,7,-1,0,0,1
2,169,2,-1,0,0,1
6,15,1,-1,0,0,1
4,234,5,-1,0,0,1
8,171,15,-1,0,0,1
8,14,3,-1,0,0,1
2,242,2,-1,0,0,0
8,155,15,-1,0,0,1
5,580,1,173,1,2,1
5,223,2,-1,0,0,1
11,297,1,-1,0,0,1
8,124,2,-1,0,0,1
2,465,2,-1,0,0,1
7,330,1,-1,0,0,1
11,153,2,183,2,2,1
5,131,2,-1,0,0,1
1,208,1,93,2,2,1
8,98,1,-1,0,0,1
9,230,3,-1,0,0,0
7,400,2,-1,0,0,1
4,284,1,339,1,2,1
7,243,1,-1,0,0,1
5,16,9,309,1,2,1
8,274,2,-1,0,0,1
7,122,3,-1,0,0,1
7,219,2,-1,0,0,1
4,301,3,-1,0,0,1
11,7,8,185,1,2,1
6,374,3,-1,0,0,1
8,26,1,-1,0,0,1
1,172,1,-1,0,0,1
5,332,1,297,2,3,1
5,253,1,107,5,2,1
8,200,2,159,3,3,1
11,405,2,-1,0,0,1
5,132,2,-1,0,0,1
6,89,1,-1,0,0,1
8,86,1,-1,0,0,1
7,147,4,-1,0,0,1
6,369,2,-1,0,0,0
5,64,3,-1,0,0,1
8,98,14,-1,0,0,1
8,66,2,-1,0,0,1
4,149,2,182,1,2,1
8,240,3,107,4,2,1
8,87,6,-1,0,0,1
11,816,1,-1,0,0,1
7,155,2,-1,0,0,1
11,106,2,183,2,2,1
1,73,3,256,3,3,1
5,574,5,-1,0,0,1
6,8,1,687,2,2,1
6,14,3,-1,0,0,1
5,731,4,-1,0,0,1
4,208,1,140,1,2,1
1,821,1,-1,0,0,1
8,137,4,-1,0,0,1
5,101,3,-1,0,0,1
5,173,6,353,23,2,1
6,582,11,-1,0,0,1
7,676,1,-1,0,0,1
3,384,1,182,5,2,1
5,62,2,-1,0,0,1
7,295,3,-1,0,0,1
5,241,2,-1,0,0,1
7,132,7,-1,0,0,1
7,175,2,-1,0,0,1
4,648,1,272,1,3,0
10,251,2,-1,0,0,0
8,184,2,-1,0,0,1
10,119,3,-1,0,0,1
7,417,1,184,4,1,0
6,95,1,-1,0,0,1
7,125,2,-1,0,0,1
5,207,1,363,2,2,1
11,162,5,-1,0,0,1
5,176,1,-1,0,0,1
8,107,6,-1,0,0,1
4,28,1,345,1,2,1
5,1231,2,-1,0,0,1
8,200,4,-1,0,0,1
5,103,2,-1,0,0,1
6,150,2,-1,0,0,1
11,108,7,-1,0,0,1
2,124,1,273,1,3,1
1,309,2,224,1,3,1
5,353,3,-1,0,0,0
7,742,4,-1,0,0,1
8,200,1,-1,0,0,1
5,177,1,-1,0,0,1
2,151,2,-1,0,0,1
6,147,1,-1,0,0,1
5,193,6,-1,0,0,1
8,112,2,-1,0,0,1
6,108,1,-1,0,0,1
4,107,2,-1,0,0,0
6,106,2,-1,0,0,1
5,463,3,-1,0,0,1
11,131,3,-1,0,0,1
4,140,2,-1,0,0,1
8,163,4,-1,0,0,1
6,2456,2,-1,0,0,0
4,76,1,-1,0,0,0
7,435,1,-1,0,0,0
5,302,1,356,3,2,1
6,306,1,-1,0,0,1
5,259,3,-1,0,0,1
8,502,2,-1,0,0,1
5,72,2,361,1,3,1
2,265,1,-1,0,0,1
7,413,2,-1,0,0,1
5,756,3,-1,0,0,1
5,241,2,-1,0,0,1
2,258,2,-1,0,0,1
7,137,16,-1,0,0,1
6,48,2,-1,0,0,1
6,283,1,-1,0,0,1
5,247,2,-1,0,0,1
5,193,4,-1,0,0,1
3,129,4,107,2,2,1
8,209,2,-1,0,0,1
6,31,1,-1,0,0,1
7,88,5,-1,0,0,1
5,22,5,-1,0,0,1
5,234,5,-1,0,0,1
6,23,1,-1,0,0,1
8,353,2,-1,0,0,0
5,221,2,-1,0,0,1
2,196,1,87,4,2,1
11,395,1,-1,0,0,1
8,126,3,127,7,3,1
2,13,5,-1,0,0,1
7,170,1,-1,0,0,1
6,20,1,-1,0,0,1
7,358,6,-1,0,0,1
8,159,1,-1,0,0,1
5,225,3,-1,0,0,1
8,493,1,181,14,1,0
1,585,1,192,2,1,0
6,13,11,-1,0,0,1
11,26,1,-1,0,0,1
7,161,1,-1,0,0,1
6,122,1,-1,0,0,1
11,456,2,-1,0,0,1
6,26,7,-1,0,0,1
5,51,9,-1,0,0,1
7,37,12,-1,0,0,1
5,150,1,360,1,2,1
8,104,10,-1,0,0,1
5,721,1,-1,0,0,1
6,9,13,-1,0,0,1
5,68,1,-1,0,0,1
5,74,3,-1,0,0,1
9,146,3,224,1,3,1
6,777,4,-1,0,0,0
5,339,2,-1,0,0,1
5,78,2,-1,0,0,1
5,248,2,-1,0,0,1
5,201,1,-1,0,0,1
6,18,9,-1,0,0,1
8,83,4,-1,0,0,1
8,233,2,-1,0,0,1
4,174,2,-1,0,0,1
11,89,1,-1,0,0,1
8,145,3,94,4,1,1
6,1017,1,-1,0,0,1
5,548,2,-1,0,0,1
8,213,4,-1,0,0,1
2,210,1,-1,0,0,1
4,224,3,74,4,2,1
6,541,19,-1,0,0,1
4,104,1,-1,0,0,1
4,171,1,-1,0,0,0
8,387,2,-1,0,0,1
5,830,1,352,2,2,0
5,57,1,-1,0,0,1
4,97,1,-1,0,0,0
4,474,2,-1,0,0,1
7,115,6,-1,0,0,1
11,153,1,183,1,2,1
11,106,2,167,1,2,1
5,645,2,-1,0,0,1
6,210,2,-1,0,0,1
5,97,1,-1,0,0,1
11,52,1,152,6,2,1
2,223,1,76,4,2,1
5,126,2,-1,0,0,1
7,1473,6,-1,0,0,1
5,723,2,-1,0,0,1
4,279,2,-1,0,0,0
7,293,20,-1,0,0,1
5,670,2,286,6,2,0
6,359,2,-1,0,0,1
9,404,1,182,1,1,0
10,317,6,192,1,1,1
4,830,1,-1,0,0,0
11,37,1,-1,0,0,1
7,191,1,-1,0,0,1
5,767,2,-1,0,0,0
5,168,1,-1,0,0,1
6,89,4,-1,0,0,1
6,746,2,-1,0,0,1
3,225,1,90,1,1,0
8,256,1,-1,0,0,0
5,219,2,-1,0,0,1
7,211,2,-1,0,0,1
5,177,2,-1,0,0,1
10,216,1,183,4,1,0
7,106,2,-1,0,0,1
7,869,1,-1,0,0,0
5,1173,3,278,6,1,0
7,58,2,-1,0,0,1
7,124,10,-1,0,0,1
8,201,2,-1,0,0,1
5,688,1,-1,0,0,0
2,501,2,-1,0,0,0
4,260,1,-1,0,0,0
8,139,1,-1,0,0,1
6,214,2,-1,0,0,1
4,142,1,-1,0,0,1
7,154,2,-1,0,0,1
11,81,1,-1,0,0,1
7,69,6,-1,0,0,1
8,136,8,-1,0,0,1
7,99,13,-1,0,0,1
11,9,6,-1,0,0,1
6,278,1,-1,0,0,1
2,82,2,-1,0,0,1
9,100,2,-1,0,0,0
11,171,1,183,1,2,1
6,84,1,-1,0,0,1
8,433,2,-1,0,0,1
7,624,6,-1,0,0,1
7,698,2,-1,0,0,1
8,518,2,-1,0,0,0
7,123,2,-1,0,0,1
5,317,1,-1,0,0,1
4,8,3,-1,0,0,1
7,118,8,-1,0,0,1
5,294,2,309,2,2,1
4,815,1,87,1,3,0
7,857,4,-1,0,0,0
5,174,1,-1,0,0,1
5,1130,4,-1,0,0,1
5,13,5,-1,0,0,1
5,198,2,-1,0,0,1
5,503,1,-1,0,0,1
1,249,3,-1,0,0,1
8,343,2,-1,0,0,1
2,479,2,-1,0,0,1
2,116,2,253,1,2,1
2,15,5,-1,0,0,1
5,427,3,-1,0,0,1
8,921,2,-1,0,0,0
1,41,1,184,7,2,1
8,73,2,-1,0,0,1
5,65,2,-1,0,0,1
7,94,2,-1,0,0,1
5,192,3,-1,0,0,1
10,411,1,182,1,2,0
7,641,1,-1,0,0,0
1,305,2,-1,0,0,1
4,472,1,148,2,2,1
7,115,1,-1,0,0,1
4,141,1,-1,0,0,1
7,24,14,-1,0,0,1
7,264,5,-1,0,0,1
5,66,2,-1,0,0,1
7,318,4,317,3,2,1
6,622,1,-1,0,0,1
8,104,4,-1,0,0,1
3,76,2,-1,0,0,1
5,149,1,-1,0,0,1
5,601,1,-1,0,0,1
2,509,2,-1,0,0,1
5,174,1,-1,0,0,1
9,57,2,-1,0,0,1
7,187,2,-1,0,0,1
6,493,2,-1,0,0,0
7,18,44,-1,0,0,1
4,257,1,-1,0,0,1
7,196,2,-1,0,0,1
5,144,3,-1,0,0,1
8,285,7,-1,0,0,1
5,627,1,-1,0,0,1
5,136,2,-1,0,0,1
6,27,3,-1,0,0,1
5,88,2,173,1,1,1
5,362,1,-1,0,0,1
6,214,5,-1,0,0,1
4,404,6,340,1,2,1
6,103,6,-1,0,0,1
5,356,2,286,3,2,1
4,219,1,-1,0,0,1
5,984,1,-1,0,0,1
7,60,2,-1,0,0,1
5,145,1,-1,0,0,1
3,252,3,183,1,2,1
11,129,1,-1,0,0,1
7,77,13,-1,0,0,1
5,226,1,-1,0,0,1
5,664,1,77,3,1,1
5,157,1,299,3,2,1
7,205,1,-1,0,0,1
8,484,2,-1,0,0,1
6,800,1,-1,0,0,1
11,231,1,-1,0,0,0
5,102,1,-1,0,0,1
5,240,3,-1,0,0,1
5,350,2,-1,0,0,1
5,458,2,349,1,3,1
6,366,1,-1,0,0,1
5,115,1,-1,0,0,1
6,260,4,-1,0,0,1
6,327,2,-1,0,0,1
10,434,1,57,1,2,0
11,166,1,-1,0,0,1
7,171,7,-1,0,0,1
5,577,1,368,1,3,1
8,224,8,-1,0,0,1
7,1088,17,-1,0,0,0
5,79,1,370,1,2,1
11,52,1,-1,0,0,1
5,259,4,-1,0,0,1
8,163,1,-1,0,0,1
11,159,2,195,2,2,1
8,54,2,-1,0,0,1
7,421,6,-1,0,0,1
7,574,1,-1,0,0,0
8,70,2,-1,0,0,1
8,310,2,-1,0,0,1
5,223,1,-1,0,0,1
2,39,1,-1,0,0,1
8,181,6,-1,0,0,1
6,151,3,-1,0,0,1
6,270,15,-1,0,0,1
11,110,5,-1,0,0,1
6,94,2,-1,0,0,1
7,90,2,-1,0,0,1
8,115,6,-1,0,0,1
6,220,2,219,2,3,1
4,291,4,331,1,2,1
6,506,1,-1,0,0,0
8,151,2,-1,0,0,1
6,812,1,-1,0,0,0
5,119,1,-1,0,0,1
5,33,3,175,2,3,1
5,352,3,-1,0,0,1
5,383,1,-1,0,0,1
5,21,3,-1,0,0,1
11,266,1,167,2,2,1
5,866,2,-1,0,0,1
6,10,3,-1,0,0,1
5,240,1,-1,0,0,1
5,291,4,-1,0,0,1
6,115,2,-1,0,0,1
5,366,2,-1,0,0,1
5,153,1,-1,0,0,1
8,197,2,-1,0,0,1
7,106,4,-1,0,0,1
7,41,2,-1,0,0,1
1,112,1,-1,0,0,1
7,30,9,-1,0,0,1
4,211,3,-1,0,0,1
8,313,5,-1,0,0,1
11,252,1,168,4,2,1
3,181,1,-1,0,0,0
7,118,4,-1,0,0,1
4,57,1,-1,0,0,1
5,102,2,-1,0,0,1
6,239,4,-1,0,0,0
7,187,3,-1,0,0,1
5,66,2,-1,0,0,1
5,206,6,-1,0,0,1
5,239,1,368,2,2,1
5,7,7,367,25,2,1
8,260,2,-1,0,0,1
5,347,1,-1,0,0,1
5,697,2,-1,0,0,1
7,182,3,-1,0,0,1
11,549,2,-1,0,0,0
6,1151,5,-1,0,0,1
8,445,1,-1,0,0,1
5,213,5,-1,0,0,1
5,409,2,-1,0,0,1
7,873,8,-1,0,0,0
5,147,5,-1,0,0,1
7,85,2,-1,0,0,1
1,339,3,-1,0,0,1
5,96,1,-1,0,0,1
5,195,1,-1,0,0,1
10,622,1,182,1,2,1
5,101,2,-1,0,0,1
6,96,2,-1,0,0,1
5,563,1,-1,0,0,0
4,670,1,-1,0,0,1
8,190,3,-1,0,0,1
5,351,1,-1,0,0,1
11,215,6,188,2,2,1
6,59,1,-1,0,0,1
4,446,2,-1,0,0,1
10,310,1,804,1,2,0
5,213,1,-1,0,0,1
5,371,2,-1,0,0,1
5,54,2,-1,0,0,1
8,118,6,-1,0,0,1
2,212,1,249,2,3,1
6,81,1,-1,0,0,1
8,157,1,-1,0,0,1
5,194,1,-1,0,0,1
5,129,2,-1,0,0,1
5,474,1,256,1,1,0
1,219,1,246,1,2,1
5,475,4,166,2,2,1
8,359,3,-1,0,0,1
7,168,2,-1,0,0,1
6,148,1,-1,0,0,1
2,197,1,-1,0,0,1
6,42,2,-1,0,0,1
6,118,3,-1,0,0,1
5,299,2,-1,0,0,1
5,198,2,-1,0,0,1
2,361,1,-1,0,0,1
5,217,1,-1,0,0,1
5,25,1,-1,0,0,1
5,1516,2,353,2,3,0
5,129,2,-1,0,0,1
5,592,4,-1,0,0,1
5,331,6,-1,0,0,1
8,353,2,-1,0,0,1
11,256,3,-1,0,0,1
11,340,1,183,2,2,1
8,101,2,-1,0,0,1
4,599,2,-1,0,0,1
4,610,2,138,1,2,1
5,412,1,-1,0,0,1
12,314,1,195,1,1,0
4,508,1,315,11,1,1
5,127,1,-1,0,0,1
5,212,1,-1,0,0,1
8,151,12,-1,0,0,1
11,58,1,122,4,2,1
2,8,6,-1,0,0,1
6,297,4,144,4,3,0
8,180,1,-1,0,0,1
11,87,1,-1,0,0,1
7,59,5,-1,0,0,1
8,81,4,-1,0,0,1
6,207,1,-1,0,0,1
11,216,4,-1,0,0,1
5,322,2,-1,0,0,1
4,137,1,272,2,2,1
7,73,1,-1,0,0,1
5,371,2,-1,0,0,1
11,298,5,-1,0,0,1
8,101,2,-1,0,0,1
11,110,1,-1,0,0,1
1,107,2,-1,0,0,1
4,743,1,-1,0,0,1
7,644,2,-1,0,0,1
1,169,1,-1,0,0,1
2,380,1,-1,0,0,1
11,663,4,-1,0,0,0
5,238,2,361,5,2,1
5,514,1,-1,0,0,1
2,128,1,-1,0,0,1
1,130,1,2,1,3,1
8,131,5,356,3,2,1
6,111,4,-1,0,0,1
4,169,1,-1,0,0,1
4,346,1,234,3,2,1
6,205,6,-1,0,0,1
5,576,3,-1,0,0,0
11,1476,3,-1,0,0,1
7,171,3,-1,0,0,1
11,185,2,-1,0,0,1
5,676,6,-1,0,0,1
11,362,1,-1,0,0,1
5,193,2,-1,0,0,1
8,63,4,-1,0,0,1
2,43,1,-1,0,0,1
7,816,6,-1,0,0,0
5,951,3,370,4,2,0
5,1234,3,-1,0,0,0
8,85,4,-1,0,0,1
4,306,1,-1,0,0,1
5,509,2,-1,0,0,1
11,210,3,-1,0,0,1
5,129,2,-1,0,0,1
5,1263,2,-1,0,0,0
5,660,2,-1,0,0,1
8,356,2,-1,0,0,1
4,45,4,153,1,2,1
7,624,5,-1,0,0,1
7,329,5,-1,0,0,1
5,153,1,-1,0,0,1
8,151,11,-1,0,0,1
2,129,4,211,3,3,1
4,345,2,249,7,3,1
