1787,1,1,1,19
4789,0,0,1,11
1350,0,1,1,16
1476,0,0,0,3
0,0,1,0,5
747,1,1,1,23
307,0,1,1,14
147,0,1,1,6
221,0,1,0,14
-88,0,0,1,17
9374,0,1,0,20
264,0,1,1,17
1109,1,1,1,13
502,1,1,1,30
360,0,0,1,29
194,1,0,1,29
4073,1,1,1,27
2317,0,1,1,20
-221,0,1,0,23
132,1,1,1,7
0,0,1,1,18
16,1,1,1,19
106,1,1,0,12
93,1,1,1,7
543,1,1,1,30
5883,1,1,1,20
627,0,1,0,5
696,1,1,2,17
784,1,0,1,30
105,1,0,1,21
4189,1,1,2,14
171,1,1,1,27
42,1,1,1,21
2536,0,1,1,26
1235,1,1,1,13
1811,0,1,0,14
229,1,1,2,22
2089,0,1,1,14
3935,0,1,1,6
363,0,1,0,30
11971,0,1,0,17
553,1,1,1,11
1117,0,1,1,13
396,0,1,1,13
2204,0,1,1,21
872,0,1,0,7
145,1,1,2,2
0,0,1,0,21
-849,0,0,1,4
4629,0,1,1,27
844,1,1,0,5
228,0,1,1,20
50,1,1,1,29
1539,0,1,1,15
2231,0,1,1,14
3064,0,1,2,15
82,1,0,2,4
2155,1,1,1,17
101,0,0,0,26
784,0,0,0,15
-516,1,0,2,8
415,0,1,1,7
5887,1,1,1,13
1355,1,1,1,4
16873,1,1,1,7
203,0,1,1,8
338,0,1,1,28
444,0,1,1,21
0,1,0,1,7
360,1,1,1,19
0,1,1,1,16
2,0,1,0,5
6248,0,1,0,9
412,0,1,0,3
344,0,1,0,15
3222,1,1,1,14
174,0,1,1,14
591,1,0,1,14
388,1,1,1,5
219,0,1,1,17
451,0,1,1,16
5,1,1,1,26
177,0,0,1,6
657,1,1,2,7
1315,1,1,1,30
1466,0,1,0,7
879,1,0,1,7
293,0,1,0,30
424,0,1,1,17
1831,0,1,0,20
111,1,1,1,18
455,0,1,0,20
-195,0,1,1,18
3616,1,1,1,14
14093,1,1,1,11
1567,1,1,1,1
5426,0,1,0,14
261,1,1,1,19
2843,1,1,1,12
406,1,1,1,4
0,0,1,0,6
493,0,1,1,11
5996,1,1,2,21
3777,0,1,2,13
524,1,1,0,13
574,0,1,1,14
427,0,0,0,9
483,0,1,1,3
3391,1,1,1,21
0,0,1,1,23
2488,1,1,1,30
1517,0,1,2,29
217,0,0,1,15
22,1,1,1,30
331,1,1,2,26
505,1,0,1,17
1808,0,1,1,18
4111,1,0,1,19
52,1,1,1,13
25,1,1,0,17
1890,0,1,1,21
419,1,1,1,18
2693,0,1,0,21
-231,1,0,1,15
-55,0,1,1,11
462,1,1,1,21
119,1,1,0,15
586,1,0,1,28
228,1,1,2,5
4659,1,1,1,14
168,0,1,1,18
0,0,1,0,26
-715,0,1,0,30
0,0,1,1,8
769,0,1,0,9
0,1,1,1,28
428,0,0,1,7
0,1,1,1,5
-970,0,1,1,4
6313,1,1,0,19
948,1,1,1,12
0,0,1,1,22
1877,0,1,0,30
874,0,1,1,18
323,0,0,0,8
106,1,0,1,11
1906,1,0,0,19
1152,0,1,1,21
179,0,1,1,29
391,0,1,0,8
89,0,1,0,6
442,0,0,1,29
-249,0,0,0,1
8104,1,1,1,6
501,1,1,0,26
308,1,1,1,22
602,1,1,1,1
273,0,1,1,29
50,1,1,1,29
1641,0,1,1,17
20,1,1,0,4
4590,0,1,0,28
-256,1,0,0,9
978,0,0,0,26
80,1,1,1,20
2104,0,1,0,3
499,1,1,2,16
1269,0,1,1,29
310,1,1,0,6
1143,0,0,1,10
2980,1,1,0,20
37,1,1,1,28
462,0,0,1,6
1031,0,1,1,17
9009,1,1,1,20
-465,0,0,1,23
5181,0,0,1,31
176,0,1,1,5
1699,1,1,0,9
0,0,1,1,17
172,0,0,1,2
0,1,0,1,11
6979,0,1,1,15
6,1,1,0,11
-62,0,1,0,16
1972,0,1,1,23
899,0,1,2,19
21,0,1,1,2
23,0,1,1,8
-1206,0,1,1,15
0,0,0,2,23
215,0,1,1,29
1372,1,1,1,20
1981,1,1,0,17
9216,1,1,1,5
39,0,1,1,30
5563,0,1,0,30
1,1,0,1,21
782,1,1,1,3
3771,1,1,2,15
992,0,1,1,4
1526,1,1,1,6
2658,0,1,1,19
1315,0,1,1,19
455,1,1,2,21
0,0,1,1,18
2030,0,0,1,9
1599,0,1,1,8
-196,0,1,1,2
1333,1,1,1,28
9149,0,1,1,13
-350,0,1,0,23
432,0,1,1,15
11494,1,1,1,19
-253,1,1,1,12
372,0,1,1,3
1410,1,1,1,11
975,0,1,1,13
305,0,0,2,10
400,1,1,1,21
-22,0,1,1,31
4030,0,1,0,26
365,1,1,0,26
204,1,1,1,13
1691,0,1,1,20
406,0,1,0,6
-204,1,1,1,15
359,0,1,1,20
123,0,1,1,18
0,0,0,1,23
142,1,1,1,25
3571,1,1,0,9
33,0,1,1,13
0,0,1,1,26
3096,1,1,1,26
20,1,1,1,27
3576,0,1,1,2
206,0,1,0,5
7082,1,1,0,6
1634,0,1,1,22
1,0,1,1,22
4012,1,1,1,19
3762,1,1,1,28
-247,0,0,0,4
606,0,1,0,14
0,0,1,1,28
-189,0,1,0,12
0,1,1,1,27
484,0,1,1,11
0,1,0,1,8
395,0,1,1,9
2349,1,1,1,14
410,1,0,1,11
3401,0,1,1,3
222,1,1,1,8
989,0,0,0,23
415,1,0,1,23
16,1,1,1,12
7190,0,1,1,29
482,1,0,1,10
209,0,0,1,25
0,1,1,1,26
5803,1,1,1,2
624,1,0,1,21
883,1,1,1,18
1516,0,0,0,23
872,0,1,0,7
-988,0,0,1,15
902,0,1,2,31
1007,1,1,1,29
0,0,1,1,2
174,0,0,1,18
12186,1,1,0,20
524,0,1,1,21
0,0,1,1,21
4,0,1,0,15
11219,1,1,1,12
0,1,1,1,28
5776,1,1,1,18
37,0,1,1,13
593,1,1,0,13
1148,0,1,1,20
3561,0,1,0,2
63,1,1,0,16
260,1,1,0,20
2269,0,1,0,9
1060,0,1,0,6
-220,0,1,0,26
49,0,1,1,17
69,1,0,1,4
4108,0,1,1,7
480,0,1,0,28
4994,1,1,1,18
0,0,0,1,15
3681,1,1,1,14
-701,0,1,1,30
451,1,1,1,28
-311,0,1,0,23
593,0,0,1,24
759,0,1,1,9
4531,1,1,1,18
1840,1,1,1,1
345,0,1,2,22
1287,0,1,1,14
353,1,0,1,25
205,1,0,1,23
687,0,1,1,17
1147,0,0,0,8
4286,0,1,0,9
605,1,1,1,18
8545,0,0,1,6
559,1,1,1,28
2,0,1,1,30
2,1,0,1,20
760,0,1,1,27
1317,0,1,0,21
182,1,1,1,4
276,1,0,0,17
2971,1,1,1,4
1064,1,1,0,31
1783,1,1,0,20
-67,1,1,1,2
179,1,0,1,29
1199,1,1,1,4
214,0,0,0,9
6699,1,1,1,9
1760,1,0,1,19
145,0,1,1,18
978,1,1,1,29
1150,0,1,0,28
121,1,1,1,22
828,0,1,1,16
244,0,1,1,31
228,0,1,1,21
424,1,1,1,16
447,1,0,0,7
-195,1,1,0,20
1410,0,1,1,5
1084,1,1,1,14
10924,1,1,1,6
832,0,0,1,21
478,1,1,1,5
0,1,0,1,23
3950,0,1,0,30
504,0,1,1,16
219,0,0,1,11
1602,1,1,1,29
2587,1,1,1,4
0,0,0,0,16
2303,0,1,1,6
1660,0,1,1,20
32,0,1,1,21
278,1,0,1,28
4,1,1,1,17
318,0,1,1,18
209,0,1,0,6
271,0,1,0,16
3196,1,1,1,9
4099,1,1,1,2
2572,0,1,1,5
339,1,1,1,21
0,0,0,1,7
395,0,1,0,15
2039,0,1,1,18
5450,1,1,1,8
780,1,1,1,16
0,0,1,1,7
8436,0,1,1,17
11262,1,1,1,26
946,0,1,1,19
497,1,1,0,11
55,1,1,1,4
-140,1,1,0,25
-379,0,1,1,5
-396,0,1,1,11
0,0,1,1,18
733,0,1,0,6
393,0,1,1,14
7290,0,1,0,30
468,0,1,1,13
0,0,1,1,30
3705,0,1,0,16
9676,1,1,2,27
1328,0,1,2,13
8,0,1,1,15
61,1,1,1,17
6613,1,1,0,17
302,0,1,0,26
1005,1,1,1,12
109,0,1,0,6
1240,0,1,1,4
0,0,0,0,3
2923,1,1,1,12
0,1,1,1,27
43,0,1,1,14
288,0,1,0,15
613,0,1,1,4
6101,1,1,1,4
168,0,0,2,13
7685,0,1,1,14
4515,0,1,1,19
517,1,0,1,8
148,1,1,1,22
-285,1,0,1,19
887,1,1,0,16
3098,0,1,1,7
744,0,1,0,14
130,1,1,1,8
438,0,1,2,8
0,1,1,1,28
322,1,1,1,6
186,1,1,1,2
3810,0,1,1,16
0,1,1,1,13
4380,1,1,2,19
755,1,1,1,31
2070,1,1,1,29
999,1,1,1,29
167,0,0,1,17
1322,0,0,1,19
1076,0,1,0,14
502,0,1,1,7
1216,0,1,1,16
876,0,1,1,15
342,0,1,0,7
950,0,1,0,4
973,0,0,0,23
3825,0,1,0,13
2366,0,1,0,20
542,0,1,1,20
995,1,1,1,4
20,0,1,1,12
228,0,1,1,22
130,1,1,1,5
217,1,0,1,21
0,1,1,0,6
259,0,1,1,7
619,0,1,1,20
644,0,1,1,18
22,0,1,1,6
4303,0,1,0,23
239,0,1,1,7
275,1,1,1,26
1221,0,1,2,25
816,1,1,1,1
1222,0,1,1,20
2363,0,1,0,13
2262,1,1,1,22
2,1,1,1,10
2,0,1,1,17
4508,0,1,1,18
-402,0,1,1,17
1577,0,0,0,28
34,0,1,1,5
795,1,1,1,28
117,0,1,0,9
5462,1,1,1,30
402,1,0,1,7
641,1,1,1,16
36,1,1,1,26
383,1,1,0,6
283,0,1,1,7
0,1,1,0,1
3102,0,1,1,20
889,0,1,1,10
0,1,1,2,3
-370,0,1,0,21
-606,0,1,0,26
10378,0,1,1,17
1313,0,1,0,20
8969,0,1,1,17
-196,0,1,0,20
15,0,1,1,10
4608,1,1,1,12
666,0,1,0,21
452,0,1,0,13
149,0,1,0,9
7802,1,1,2,4
1453,0,1,0,28
1480,0,1,0,14
715,0,1,0,20
237,0,1,2,9
694,0,1,1,4
0,1,1,1,14
55,0,1,1,2
136,0,1,0,19
-404,0,1,1,22
779,0,1,0,16
1187,0,1,0,2
641,0,1,1,13
826,0,1,0,15
991,0,1,0,27
1796,1,1,2,16
22,1,1,1,26
244,0,1,1,12
1328,0,1,0,6
7317,0,1,1,13
4943,0,0,1,19
258,1,0,0,20
515,0,1,1,19
12607,1,1,1,14
2,0,0,2,25
13,1,1,1,28
103,1,1,1,10
3872,1,1,1,15
296,0,1,0,20
217,1,0,1,15
360,0,1,0,24
428,0,1,1,12
315,1,1,1,23
121,0,0,1,6
820,0,1,1,17
195,0,1,1,18
108,0,1,0,27
-381,0,1,1,31
757,1,1,1,20
691,0,0,0,2
1925,0,1,1,20
902,0,1,1,14
5207,1,1,1,11
0,1,1,0,19
665,1,1,2,17
738,0,1,1,21
233,1,1,1,8
-839,0,1,0,28
5799,1,1,0,17
1033,0,1,0,9
66,1,1,1,9
2567,0,1,1,14
1584,0,1,2,21
182,0,1,1,6
76,0,1,2,18
663,0,1,1,20
3455,0,1,0,14
15,1,1,1,3
1054,1,1,1,4
1529,1,1,1,30
63,1,1,1,28
0,1,1,1,19
920,0,0,0,27
3696,1,1,1,12
59,1,1,1,15
0,0,1,1,23
157,0,1,0,6
2465,1,1,1,20
0,0,1,1,24
2,1,1,1,5
0,1,1,1,16
12437,1,1,2,18
378,0,1,1,17
211,1,1,0,19
-228,0,1,1,20
2747,1,1,1,11
1932,0,1,0,16
11269,1,1,0,29
1314,0,1,1,8
2275,1,1,1,25
1304,1,1,1,6
720,1,0,1,24
2914,0,1,1,18
1464,0,1,0,23
11555,1,1,1,8
-302,0,1,1,13
2497,0,1,1,21
-339,0,1,0,8
56,0,0,1,29
211,1,1,1,29
3611,0,1,0,4
0,1,1,1,30
459,1,1,1,16
242,0,1,0,9
1138,1,1,1,14
1319,0,1,1,16
1,1,1,1,19
67,0,1,1,5
937,1,1,1,5
0,0,0,1,11
-558,0,1,1,21
171,1,1,1,4
696,1,0,1,5
361,0,0,1,28
227,1,1,1,30
236,0,0,2,4
-53,1,1,1,29
192,0,1,1,23
38,0,1,1,25
518,0,1,1,18
16,0,0,1,18
-256,0,1,0,3
105,1,0,1,4
334,1,1,0,5
1048,1,0,1,21
108,0,0,0,13
660,1,1,1,22
0,0,1,1,10
1034,1,1,1,29
201,0,1,1,7
189,1,1,1,8
-49,0,1,1,29
1413,0,1,2,28
264,0,0,1,8
54,0,0,2,18
12519,0,1,1,17
2881,1,1,1,2
0,0,1,1,17
88,0,0,1,8
1020,0,1,0,28
119,1,1,1,23
1594,1,1,2,4
342,0,0,1,5
72,1,1,0,8
14,0,1,0,2
81,1,1,1,21
231,1,1,1,7
1161,0,1,1,9
-45,0,1,0,2
231,0,0,1,25
36,1,1,1,27
1570,0,1,1,26
7050,1,1,1,11
3704,0,1,0,6
6619,0,1,1,21
-84,0,1,1,11
1509,1,1,1,12
1134,1,1,1,6
146,0,0,0,15
9449,0,1,1,8
374,0,0,1,16
88,1,1,1,29
2764,1,1,1,24
2,0,0,1,25
8023,1,1,1,30
289,0,1,0,21
0,1,1,1,18
1382,1,1,0,9
280,1,0,1,18
2195,0,1,0,3
33,1,1,1,6
275,1,0,1,10
703,0,1,0,5
887,1,1,0,20
0,1,1,0,20
1178,0,1,0,15
2763,0,1,0,2
890,0,0,1,28
548,1,1,1,12
272,1,1,1,26
6269,0,1,2,18
178,0,1,1,5
252,0,0,1,13
23663,0,1,1,16
81,1,1,1,5
59,0,1,0,28
1343,1,0,1,8
225,1,1,1,7
0,0,1,0,26
2538,0,1,1,31
43,1,1,1,11
57,1,1,1,5
-117,0,1,1,17
666,0,0,1,3
0,0,1,1,16
25,0,1,1,1
1034,0,1,1,19
324,0,1,0,30
0,1,1,2,16
0,1,1,1,19
621,1,0,1,2
138,1,1,1,17
4063,1,0,2,28
11084,1,1,0,11
310,0,1,1,6
73,0,1,1,21
1808,0,1,0,4
1281,1,1,1,31
64,0,1,1,12
2,0,1,2,11
60,1,0,1,26
133,1,1,0,11
3706,1,1,0,17
174,1,1,1,28
251,1,0,1,29
4153,0,1,1,31
985,0,1,1,19
168,1,1,1,1
1550,0,1,1,16
7708,0,1,1,21
-12,0,1,0,12
6483,1,1,2,19
60,0,0,0,7
3339,0,1,0,2
1161,1,0,1,16
599,0,1,0,21
28,1,1,1,31
1430,1,1,1,18
35,1,0,1,8
6000,0,1,1,18
0,0,1,1,15
340,1,0,0,16
0,1,1,1,5
3,0,1,1,10
445,0,1,1,24
874,1,1,1,12
705,1,1,0,13
1033,1,1,0,11
1354,0,1,0,23
123,1,1,1,19
8894,1,1,0,11
429,0,1,0,13
14752,1,1,0,19
67,1,1,0,24
39,1,1,1,31
102,1,1,1,28
1790,1,1,1,17
15311,1,1,1,29
-635,1,1,1,25
115,1,1,1,11
10786,1,1,0,20
498,0,1,1,8
1045,0,0,1,9
810,1,1,0,6
-162,0,1,1,18
55,1,1,1,2
586,0,0,0,8
455,1,1,1,29
1010,0,1,1,15
509,0,1,1,6
2929,1,1,1,11
3071,0,0,1,7
153,0,1,1,18
1146,0,1,0,21
1092,1,0,1,18
3463,1,0,1,28
1158,0,1,1,20
26,0,1,1,7
566,1,1,1,5
204,1,1,1,7
480,1,1,1,20
1855,0,1,1,4
1034,1,1,1,8
3250,1,1,1,20
1633,1,1,1,5
0,0,1,1,22
3334,1,1,1,14
4020,0,0,1,15
66,1,0,2,8
-41,0,0,1,3
322,0,1,1,7
2643,1,0,1,8
49,0,1,0,9
1,1,1,0,15
3098,0,1,2,21
352,0,1,0,19
65,1,1,1,25
1949,0,1,0,2
739,0,1,1,20
1167,0,0,1,1
231,0,1,1,21
1136,0,1,0,21
233,1,1,1,5
817,1,1,1,9
1128,0,1,0,30
1831,0,1,1,20
450,0,1,1,13
0,0,1,1,5
414,1,1,1,29
1052,0,1,0,13
1022,0,1,0,5
343,0,1,1,14
1944,0,1,1,15
-32,0,0,1,31
1781,0,1,0,19
350,1,1,1,8
2,0,1,1,16
111,0,0,0,27
168,0,1,0,5
3,1,1,2,18
102,0,1,0,7
0,0,1,0,15
159,1,1,0,4
1134,0,1,0,23
352,0,1,1,11
865,0,1,1,3
179,0,1,0,5
5,0,1,0,19
-230,0,1,1,18
0,1,1,1,13
3924,0,1,1,20
764,0,1,1,14
511,0,1,2,11
4348,0,1,1,28
3016,0,1,1,14
279,1,1,1,7
1405,1,1,0,8
908,0,1,0,20
162,0,1,0,20
792,1,1,0,6
111,1,1,2,24
1281,1,1,1,25
1012,0,1,1,28
2881,1,1,1,5
445,0,1,1,16
643,0,1,1,17
254,1,1,1,8
-1212,0,1,1,15
2125,0,0,1,21
629,0,1,1,8
-202,0,0,1,30
271,0,1,1,13
703,0,1,1,14
-216,0,1,1,28
88,1,0,1,7
16,0,1,1,30
466,0,1,1,14
-75,0,1,1,4
456,1,1,1,12
77,0,1,1,7
-244,1,1,0,3
1209,1,1,1,29
58,0,1,1,7
421,1,1,1,20
112,0,1,1,2
13669,1,1,1,15
1429,0,1,1,19
794,1,1,2,2
1957,1,1,1,4
454,0,1,1,10
882,1,0,1,29
168,0,1,2,30
714,0,1,1,26
0,1,1,1,7
1996,1,1,0,5
163,1,1,1,24
3190,0,1,0,20
1772,1,1,1,29
-151,1,1,1,8
16,1,1,0,20
7066,0,1,1,15
454,1,1,1,4
4798,0,1,0,20
-298,0,1,0,3
439,1,1,1,20
1927,0,1,0,15
671,0,0,1,29
65,0,1,1,15
-932,0,1,1,16
4366,0,1,1,29
0,0,1,1,11
4900,0,1,2,31
976,1,1,1,28
148,1,1,0,20
5,1,1,1,18
-148,1,1,1,18
113,1,0,1,22
-105,0,1,1,28
624,1,1,1,17
-1680,0,0,0,27
-461,1,1,1,11
144,0,0,1,14
4,0,0,1,20
309,1,1,1,19
866,1,1,1,29
1020,0,1,0,19
489,0,1,0,27
8167,0,1,0,19
-255,1,0,0,2
3671,1,1,0,11
636,0,1,1,9
141,0,1,1,19
150,0,0,1,11
839,1,0,0,5
26965,1,1,1,21
716,0,1,1,14
2485,1,1,2,24
15030,0,1,1,13
11303,1,1,1,26
595,1,1,1,7
19358,1,1,1,19
203,1,0,1,19
183,0,0,0,28
255,1,1,1,30
102,0,1,2,17
94,0,1,1,22
58,0,1,2,13
606,1,1,1,5
0,1,0,1,23
65,0,1,0,9
338,0,1,0,14
757,0,1,0,9
9269,0,0,1,19
1206,1,0,2,16
882,1,0,1,29
5291,1,1,1,12
61,0,1,1,29
0,0,1,1,17
1407,0,1,1,6
25,1,1,1,2
1354,0,0,1,17
793,0,1,1,17
10287,0,1,0,29
5235,1,1,1,7
3,0,1,1,6
409,1,0,1,14
35,0,1,1,15
-459,1,1,1,21
198,1,1,1,5
99,0,1,1,17
60,1,1,0,16
3485,1,1,1,2
-139,0,0,0,27
952,1,0,0,12
1427,1,1,0,18
1017,0,1,0,19
-29,1,1,1,29
9,1,1,1,21
4040,0,1,1,20
13,1,1,0,3
1259,1,1,1,25
18,0,1,1,18
-76,0,1,0,12
221,1,1,1,20
136,0,1,1,22
16353,1,1,1,27
-63,0,1,0,30
7353,1,1,1,13
511,0,1,0,21
3913,0,1,1,20
1097,0,1,0,12
6102,0,0,0,21
340,0,1,0,8
-119,0,1,1,22
2993,0,1,1,22
3575,1,0,1,18
361,0,1,0,11
1072,0,1,0,27
2904,1,1,1,20
1790,1,0,1,6
86,0,1,0,19
1633,0,1,0,19
8312,1,1,1,29
172,1,1,1,15
0,0,1,1,7
222,0,1,1,6
109,1,1,0,20
1451,1,1,1,1
1066,1,1,1,11
3163,1,1,1,25
888,0,1,0,12
428,0,1,1,18
106,1,1,1,20
0,1,1,1,12
979,1,0,1,8
2662,1,1,2,28
84,1,1,1,5
5920,0,1,1,23
816,0,1,1,27
3276,1,1,1,5
2,0,1,0,19
-51,1,1,0,2
3315,0,1,1,9
196,0,0,1,24
552,0,1,1,12
2347,1,0,1,12
3723,0,1,0,27
255,1,1,1,19
3143,1,1,1,29
0,1,1,0,26
6411,0,0,1,30
1909,1,1,1,8
3873,1,1,2,21
1013,0,1,1,11
262,0,1,1,9
3217,0,1,0,28
5436,0,1,1,6
2067,0,1,1,15
215,1,1,1,3
1594,1,1,0,6
134,1,1,1,28
262,1,1,1,20
3021,1,1,0,9
388,0,1,0,8
3412,0,1,1,15
1291,0,1,0,5
79,1,1,1,21
2013,1,1,1,19
543,1,0,2,17
1016,0,1,0,9
604,1,0,1,28
525,1,1,1,13
353,1,1,1,31
964,0,1,1,8
3913,0,1,1,27
879,0,1,0,26
314,0,1,1,17
0,1,1,1,27
1370,0,1,1,11
37,1,1,1,18
673,0,0,1,20
-342,0,1,0,26
291,1,1,2,11
209,0,0,1,8
438,0,1,1,12
1242,0,1,0,12
355,0,1,0,16
204,0,0,1,17
10758,0,1,1,1
5,0,1,1,18
410,0,1,0,30
605,0,1,0,26
4,1,1,0,20
8494,1,1,1,25
198,0,1,0,8
841,0,1,0,19
8,1,1,1,25
470,0,1,1,31
520,0,1,0,20
439,0,1,0,21
-454,0,1,1,14
466,1,1,0,17
665,0,1,1,22
994,0,1,1,11
5346,0,0,0,21
1243,0,1,0,21
0,0,1,0,5
2357,0,1,0,17
1044,1,1,2,3
1069,0,1,0,8
231,1,1,1,9
0,0,0,0,6
266,0,1,1,19
-70,0,1,1,30
25824,1,1,0,17
538,1,1,0,17
534,0,1,1,18
2323,1,1,1,19
1852,0,1,1,15
2647,0,1,0,30
2767,0,1,0,15
176,0,0,0,5
9720,1,1,1,5
1613,0,1,1,3
2903,0,0,2,25
81,0,1,1,6
780,0,1,1,15
178,1,1,1,8
299,1,1,1,16
285,0,1,1,29
872,0,1,1,17
1337,1,1,1,17
72,0,1,1,23
0,1,1,0,20
-388,0,1,0,9
11,0,1,1,11
-535,0,1,1,30
787,0,1,1,8
3343,1,1,1,18
3904,1,1,2,4
736,0,1,1,30
1390,1,1,1,7
808,1,1,2,7
1147,1,1,1,5
1122,1,1,1,4
-568,0,0,0,28
1165,0,1,0,21
-905,0,1,0,28
0,0,1,1,18
740,1,1,1,7
8262,0,1,1,23
14,0,0,0,13
7108,0,0,1,18
1049,0,1,1,14
0,0,1,1,13
419,0,1,0,30
726,0,1,1,16
594,0,0,0,18
454,0,0,0,23
2206,1,1,1,12
1988,1,1,1,27
0,1,1,1,7
202,1,0,1,17
667,0,1,0,7
112,1,1,1,18
50,1,1,1,18
768,1,1,1,15
74,0,1,0,23
661,0,1,1,18
3025,1,0,1,6
751,1,1,1,24
416,1,1,1,23
14,1,0,1,28
-502,0,1,0,29
0,1,1,1,11
599,0,1,1,13
-218,0,1,1,27
1012,1,1,1,14
300,1,1,0,9
217,0,1,1,14
2096,1,1,1,21
0,1,1,1,4
5278,0,1,0,4
1831,1,1,1,17
1480,0,1,1,18
7289,0,1,1,2
1665,1,1,2,30
851,0,1,1,15
2885,1,1,1,19
137,1,0,0,4
1239,0,1,1,18
146,1,1,1,21
1,1,1,1,15
-10,1,0,1,10
480,1,1,1,22
2789,0,1,1,4
3897,1,1,1,26
487,1,0,1,11
5110,0,1,1,13
318,0,1,0,27
-411,0,1,1,12
4820,1,1,0,5
4937,0,1,2,13
725,1,0,1,10
5403,1,1,0,6
4089,1,1,1,26
188,1,1,1,26
189,1,1,1,1
2998,0,1,0,11
610,1,1,1,13
787,1,1,1,28
167,1,1,1,4
243,0,1,1,7
877,1,1,1,3
2817,0,1,1,21
4567,0,0,1,16
127,0,0,1,23
176,1,1,1,24
0,0,0,0,28
1482,0,1,1,18
3052,0,1,0,27
56,1,1,1,29
278,0,1,0,7
3875,0,1,0,27
-337,0,1,0,27
366,1,1,1,3
501,0,0,1,7
998,0,1,1,29
0,0,1,2,28
246,1,1,1,11
-182,0,0,1,14
446,1,1,1,23
1173,1,1,0,9
5957,0,1,1,18
205,1,1,1,3
0,1,1,1,4
369,0,1,2,22
1934,1,0,1,14
259,1,1,1,22
284,0,0,0,3
23,1,1,1,13
1373,1,1,1,22
62,0,1,1,18
157,1,1,0,9
991,1,1,1,5
186,0,0,0,9
977,0,1,1,4
2893,1,1,1,2
1897,0,0,1,19
5514,1,1,1,22
889,0,1,0,18
273,0,1,0,16
1193,1,1,1,12
2729,1,1,0,18
0,1,1,1,20
230,0,1,0,5
2729,0,1,1,6
317,0,1,0,23
517,1,1,0,12
-470,0,1,1,8
4579,1,1,1,12
1,0,1,1,14
5106,1,1,1,30
636,0,1,1,4
1076,1,1,1,12
126,0,1,0,21
-33,0,1,0,28
430,1,1,1,27
-6,0,1,0,7
383,1,1,1,27
130,0,1,1,7
2569,1,1,0,9
201,1,1,1,22
0,1,1,0,13
6,0,1,1,28
475,1,0,1,21
706,0,1,1,7
1825,0,1,1,14
185,1,1,1,22
4415,1,1,2,13
679,1,1,2,22
320,1,1,1,9
2988,0,1,1,25
1407,0,1,0,30
1270,1,1,1,17
654,0,1,1,13
5173,0,1,0,18
3463,0,0,1,28
0,1,1,1,2
6016,1,1,1,2
177,0,1,0,12
3694,1,0,1,8
1640,1,0,1,4
174,0,1,1,15
10177,1,1,1,5
490,1,1,1,28
2576,0,1,1,15
0,1,1,0,12
598,1,1,1,30
15459,1,1,1,26
271,0,0,0,9
2508,1,1,0,20
320,1,1,2,30
640,1,1,1,24
1772,0,1,1,13
15,1,0,1,21
2370,0,0,0,17
201,0,1,0,4
160,0,1,1,7
5,0,0,1,18
75,0,1,0,16
4902,0,1,1,20
-79,0,1,0,30
1341,1,1,1,18
490,0,1,1,2
1521,0,1,0,16
131,0,1,0,9
8,0,1,0,23
-632,0,0,1,20
116,1,0,1,16
189,0,1,1,11
2,0,0,1,10
4229,0,0,1,5
54,0,1,1,18
549,1,1,1,2
298,0,1,1,13
579,1,1,1,14
1467,0,0,1,17
0,0,1,1,8
109,0,1,1,22
-11,0,1,1,11
90,0,1,1,28
493,1,1,1,18
1897,0,0,0,2
2403,0,1,1,28
868,1,1,1,20
653,0,1,0,15
0,1,1,1,15
0,0,0,1,19
218,0,1,0,29
5050,1,0,0,16
741,0,1,1,16
1050,0,1,1,3
-56,1,0,1,10
1,0,0,2,22
-98,0,0,1,12
4667,0,1,0,19
541,0,1,1,3
7744,1,1,1,26
895,1,1,1,7
-129,0,1,1,29
0,1,1,1,15
158,1,1,0,1
122,0,1,0,16
673,0,1,0,20
0,1,1,1,25
411,0,1,0,8
-97,0,0,1,31
-217,0,1,1,11
5037,1,1,1,23
2232,1,1,1,13
-932,0,1,0,7
913,0,1,1,23
236,0,1,0,16
0,0,1,1,11
2581,1,1,0,12
639,1,0,1,14
849,0,1,0,15
386,0,1,1,2
1218,0,1,2,28
2603,0,1,1,11
-921,0,1,0,26
607,1,1,0,20
79,0,1,1,14
61,0,0,1,25
1091,1,1,2,30
743,1,1,0,5
209,0,1,0,6
172,1,1,1,3
2,1,1,0,16
41,1,1,1,21
1116,0,1,1,2
-55,1,1,0,17
5845,1,1,1,14
329,0,1,0,6
494,0,1,0,26
1519,1,1,1,19
2685,1,1,0,20
-14,0,0,0,19
5673,1,0,1,4
1459,1,1,0,5
0,1,1,2,26
625,0,1,1,7
0,1,1,0,18
867,0,1,1,3
8304,1,1,2,9
151,0,1,0,6
-583,0,1,0,2
1784,1,1,0,12
3134,0,1,1,17
49,0,1,1,30
-346,1,1,1,13
1623,0,1,1,19
60,1,1,2,7
17,1,1,1,4
2008,0,1,1,18
91,0,1,1,6
171,0,1,1,19
1027,0,1,1,14
5801,0,1,0,29
142,0,1,2,11
205,1,1,0,26
852,1,1,1,14
-584,0,1,1,7
97,1,1,1,10
204,0,1,1,3
628,0,1,0,12
311,1,1,0,12
1564,1,1,0,17
856,0,0,1,30
1509,1,1,1,15
-888,1,1,1,16
226,1,1,1,15
127,1,0,1,7
413,0,1,0,13
710,0,0,1,6
1233,0,1,0,11
171,1,1,1,10
69,0,1,1,6
1499,0,1,1,13
751,0,1,0,23
61,1,0,1,19
425,1,1,2,22
2923,0,1,0,15
99,1,1,1,29
1021,1,1,2,19
1146,1,1,1,4
781,0,1,1,15
1448,1,1,1,10
604,1,0,1,2
-194,0,1,1,7
0,1,1,1,11
0,0,1,1,14
1014,0,1,1,23
73,1,1,1,29
2597,0,1,0,16
2627,0,0,0,16
1906,0,1,1,14
-319,0,0,1,9
-296,0,1,1,14
169,0,1,1,18
556,1,1,0,17
300,1,1,1,2
751,0,1,0,16
126,1,1,1,3
-386,0,1,0,23
379,1,1,1,13
706,1,1,1,30
9121,1,1,0,5
1466,0,1,1,25
0,0,1,1,18
951,0,1,1,20
368,1,1,1,20
121,0,1,1,13
204,1,1,1,23
299,0,1,1,6
4170,0,1,0,21
-335,0,1,0,27
3165,0,1,0,16
254,0,1,1,15
553,0,1,1,17
518,0,1,2,17
85,1,0,1,1
603,0,1,0,23
361,1,1,2,5
-98,0,1,0,7
4424,1,1,1,5
2610,0,0,0,2
3234,1,1,1,18
687,0,1,0,9
631,0,1,0,23
341,1,0,1,29
316,1,1,1,21
2,1,1,2,28
415,0,1,2,14
507,0,1,1,9
912,0,1,1,13
0,1,1,1,9
37,0,1,1,13
2524,1,1,0,19
9019,0,1,0,11
39,0,1,1,13
0,0,1,0,5
265,0,1,0,12
0,0,1,1,16
4012,1,1,1,20
1520,0,1,1,5
-140,0,1,0,26
852,1,1,1,15
578,0,1,0,21
0,0,1,0,6
2253,0,1,1,13
1171,0,1,1,10
452,0,1,1,11
-97,0,1,1,29
4738,1,1,2,9
467,0,1,0,19
0,1,1,1,6
495,1,1,1,5
157,1,0,1,15
358,0,0,0,13
292,0,1,1,11
7343,0,1,0,2
-563,0,1,0,26
351,0,1,0,27
365,1,1,1,29
13494,0,1,0,20
846,0,1,1,17
1574,1,1,2,29
-28,0,1,1,16
0,1,1,1,16
2927,1,0,2,30
501,0,0,0,27
1238,1,1,0,5
301,1,1,1,14
1388,1,1,1,20
102,0,1,1,14
13,0,1,1,8
413,0,1,1,11
4665,0,1,0,21
638,0,1,1,20
101,0,1,0,19
1224,0,0,1,24
1103,1,1,1,12
3748,1,1,1,28
955,0,1,1,29
518,0,1,1,8
1893,0,1,0,3
14,1,1,1,28
-423,0,0,0,13
3696,1,1,1,19
2987,0,1,1,12
433,1,1,1,11
756,1,1,1,11
0,0,1,1,1
2727,1,1,1,6
93,0,1,0,13
1766,1,0,1,5
124,0,1,1,31
69,1,0,1,4
0,1,1,1,12
0,0,1,1,13
259,1,1,1,15
4103,1,1,1,19
744,0,1,1,14
116,0,1,2,20
70,0,1,0,5
432,1,1,1,9
1172,1,1,0,18
9,0,1,1,11
428,0,1,0,21
7546,0,1,1,28
620,1,1,1,30
8647,1,1,1,19
192,0,1,0,16
0,0,1,1,7
27733,0,1,0,3
276,0,0,0,15
113,1,1,1,12
782,0,1,0,14
82,0,1,1,18
1008,1,1,1,29
6421,1,1,2,28
443,1,1,1,30
351,0,1,1,9
5060,0,1,1,21
-41,1,0,1,25
-124,1,1,1,18
79,0,0,1,23
3945,1,1,1,28
197,1,0,1,8
837,1,1,2,30
-94,1,0,0,25
1743,0,1,1,5
57,1,1,0,28
635,1,1,1,25
-113,0,0,1,12
225,1,1,1,28
124,1,1,2,16
475,1,1,1,25
-7,1,0,2,25
375,1,1,0,9
936,1,1,1,30
1415,0,1,1,17
0,1,1,1,17
3638,1,1,1,11
-99,0,1,1,15
167,0,0,1,8
19,0,1,2,21
242,0,1,1,18
13,1,1,2,28
286,1,1,1,20
769,0,1,0,14
93,1,1,1,4
1663,0,1,1,13
238,0,0,1,19
2178,0,1,1,26
792,0,0,1,19
871,0,1,0,6
1025,1,1,1,6
63,0,1,0,5
16,1,1,1,7
417,1,1,1,7
3992,0,1,2,20
2749,0,1,1,17
133,1,1,1,4
1721,0,1,0,21
2171,0,0,2,18
4760,0,1,1,8
2979,1,1,1,25
690,0,1,1,6
203,0,1,2,19
322,0,1,1,20
1210,1,1,1,16
634,0,1,1,17
273,1,1,1,23
47,1,1,1,3
1100,1,0,1,29
0,0,1,2,19
0,1,1,2,31
1544,1,0,1,5
6145,0,1,1,14
28,0,1,1,11
1012,0,1,1,6
245,0,0,1,8
1998,1,1,1,19
3990,0,1,1,24
1328,0,1,0,6
412,0,0,1,8
229,1,0,0,9
1562,1,1,1,15
3432,0,1,1,17
144,0,1,0,4
1339,0,1,1,22
386,1,0,1,19
7727,0,1,0,15
204,1,1,1,14
101,0,1,0,28
728,0,0,1,18
2418,0,1,0,14
2934,0,1,1,18
0,0,1,0,7
181,1,1,2,28
176,1,1,1,18
49,0,1,1,15
2023,0,1,1,10
372,0,1,2,11
7702,1,1,1,16
464,0,1,1,18
117,0,1,1,16
104,0,0,1,14
1041,0,1,0,12
539,1,1,1,18
0,0,1,0,3
406,0,1,1,17
2558,0,1,2,20
484,0,1,0,19
3516,0,1,0,29
5639,0,1,1,17
100,1,1,1,7
1306,0,1,0,28
815,0,1,1,7
245,0,1,0,26
191,1,1,1,4
2815,1,1,1,26
3672,0,0,0,28
1572,0,1,1,9
385,0,1,1,4
29,1,1,1,19
84,1,0,1,29
876,0,1,1,17
1499,0,1,1,12
0,0,1,1,9
6217,0,0,1,18
329,0,1,1,3
162,0,1,0,9
14533,1,1,1,31
151,0,1,1,8
-2,0,0,1,16
4684,1,1,0,20
1149,1,0,1,15
11,0,1,0,13
8004,1,1,1,19
1019,0,1,1,16
1297,1,1,1,11
415,0,0,0,28
671,0,1,0,17
2378,0,1,0,2
417,0,1,1,18
71,1,1,1,10
1188,1,1,1,27
8139,0,1,1,18
249,0,1,1,31
689,0,1,1,14
203,0,1,2,14
-183,1,0,1,15
3451,1,0,1,21
116,1,1,0,16
1746,0,1,1,7
0,0,1,0,30
897,0,1,0,20
821,0,0,1,17
130,0,1,0,29
1,0,1,0,8
8,1,1,1,30
55,0,1,1,6
699,1,1,1,28
759,1,1,1,28
687,0,1,1,14
4968,1,1,1,6
1211,0,1,0,6
426,1,1,0,18
376,0,0,1,5
12,0,1,0,23
23,1,1,1,26
353,0,1,1,19
330,0,1,0,12
0,1,1,1,13
353,1,1,1,19
2273,0,1,1,17
0,0,1,1,9
744,1,1,2,28
608,1,1,1,14
356,0,1,1,7
1291,0,1,1,28
-306,0,1,0,4
306,1,1,1,28
-312,0,1,0,20
493,1,1,1,13
71,0,1,1,21
669,0,0,1,31
556,0,1,1,4
84,0,1,0,23
108,0,1,0,15
-11,0,1,1,5
1164,0,1,0,8
-191,0,1,0,15
132,1,1,0,27
2237,0,1,0,29
4761,0,1,1,5
-346,0,0,0,23
655,0,1,0,4
1048,0,1,1,23
0,0,1,0,28
624,0,1,0,7
1784,1,1,1,19
1281,1,1,2,24
569,1,0,1,29
1666,0,1,0,31
168,0,1,1,7
263,1,1,1,4
-405,0,1,1,8
279,0,1,0,28
0,1,1,1,18
300,1,1,1,12
415,1,1,1,12
0,0,0,1,6
1322,0,0,1,8
1062,0,0,1,6
302,0,1,0,20
809,0,1,0,15
-278,0,1,1,28
3238,0,1,0,19
751,0,1,0,13
-28,1,0,0,2
0,1,1,0,20
2442,1,1,1,16
1798,0,1,1,5
132,1,1,1,19
260,0,1,1,7
7,0,0,1,2
3283,1,1,1,2
323,0,1,1,18
2960,0,1,1,20
486,1,1,2,30
343,0,1,0,30
507,0,1,1,2
5958,0,1,1,22
304,1,1,1,26
118,0,1,1,17
123,1,0,0,17
76,0,1,1,7
70,0,1,1,27
960,0,0,0,15
2185,1,1,1,20
309,0,1,1,11
2190,1,0,1,30
0,1,1,0,5
3732,0,1,0,21
1550,1,1,0,20
62,1,0,1,30
704,1,1,0,18
4415,0,1,1,8
4,0,1,0,23
262,1,1,1,18
238,0,1,1,19
97,0,1,0,7
410,1,1,1,11
1191,1,1,1,12
-47,0,1,1,27
197,1,1,1,20
6,1,1,0,20
2398,0,1,1,2
630,0,1,1,5
235,1,1,1,27
1910,0,1,0,29
3172,0,1,1,5
872,1,1,1,8
407,0,1,1,20
100,0,1,1,11
345,1,1,0,9
2058,1,0,1,21
889,1,1,2,7
0,0,1,1,28
51,1,1,1,25
150,1,1,1,8
34,1,0,1,7
795,1,1,1,6
282,1,0,1,7
2139,1,1,1,17
-469,0,1,0,16
197,0,1,1,13
825,0,1,1,20
3232,1,1,2,6
1598,0,1,0,29
871,1,1,1,22
83,1,1,1,27
1445,1,1,1,26
226,0,1,0,30
-55,0,1,1,26
243,0,1,0,14
-336,1,1,1,10
3672,0,1,0,29
0,0,1,1,9
251,0,0,0,1
44,1,1,1,7
2887,1,1,1,21
1992,1,1,1,8
2,1,1,0,9
1415,0,1,1,24
297,0,1,1,15
1094,0,1,0,12
-84,0,1,0,6
-1,0,1,0,7
347,0,1,1,22
1253,0,1,0,19
4565,1,1,1,4
781,1,1,1,9
7124,1,1,0,16
17555,1,1,1,26
5172,0,1,0,29
15520,1,1,1,18
13711,0,1,1,14
1533,1,1,0,15
286,1,1,1,22
-219,0,1,0,30
0,0,1,0,20
810,0,1,0,14
300,1,1,1,6
1175,0,1,1,15
0,0,1,0,2
113,0,1,0,4
641,0,1,0,13
1477,0,1,1,8
0,0,1,0,14
8,0,1,1,14
399,0,0,1,14
-435,0,0,0,9
2830,1,1,0,20
15,1,1,1,25
125,1,1,1,22
45,1,1,1,22
13,1,1,0,5
0,0,1,0,9
579,0,1,0,28
432,0,1,0,20
1987,0,1,2,20
857,0,1,1,22
15834,1,1,1,5
3370,1,1,0,12
6290,1,1,1,20
808,1,1,1,14
4075,0,1,0,16
373,0,1,1,14
-101,0,1,1,10
3250,1,1,0,16
1375,0,1,1,17
180,1,1,1,16
175,1,1,1,12
381,1,0,1,25
2171,0,1,1,16
340,0,1,1,28
10,0,0,1,18
4958,0,1,1,17
21244,1,0,1,4
156,1,1,1,13
473,0,0,0,26
781,1,1,1,20
0,1,1,2,23
1819,1,1,1,5
4374,0,1,1,21
456,0,0,1,28
253,0,1,0,4
774,0,1,1,3
-59,1,0,0,4
-81,1,0,1,23
0,0,1,1,6
0,0,1,1,21
-3,1,1,1,28
2488,0,1,1,20
3,1,1,1,6
839,0,1,0,23
103,1,1,1,23
316,0,1,1,21
1680,0,1,0,2
7179,1,1,1,5
247,0,1,1,17
8295,1,1,1,5
261,0,0,1,18
95,0,1,1,23
291,1,1,1,25
2240,0,1,1,19
0,1,1,0,19
1295,0,1,1,21
324,0,1,1,13
669,0,1,0,2
4143,0,0,0,2
2646,1,1,1,14
618,1,1,1,5
541,0,1,1,14
434,0,1,0,20
622,0,1,0,21
0,0,1,1,8
99,0,1,0,28
290,0,1,1,18
1230,0,1,1,30
45,0,0,1,14
923,0,1,1,17
950,1,1,1,5
1503,1,1,2,18
65,1,1,1,28
-679,0,0,1,6
773,1,0,1,9
10788,1,1,1,23
991,0,1,1,6
247,1,1,1,8
4143,1,1,1,15
-406,0,1,1,30
180,1,1,1,14
-887,0,1,1,18
4157,0,1,0,15
1386,0,0,0,28
2211,1,1,0,8
-495,1,0,1,29
27359,0,1,0,3
440,0,1,1,6
135,0,1,1,18
-735,0,1,1,30
60,1,1,1,19
902,0,1,1,10
18347,0,1,0,23
-72,0,1,1,7
1205,1,1,2,8
499,0,1,1,31
656,0,0,1,20
100,1,1,1,16
69,0,1,0,8
619,1,1,0,17
192,1,1,1,30
0,1,1,1,29
87,1,1,1,29
3228,1,1,1,19
1361,1,1,1,29
0,1,1,1,11
34,0,1,0,6
318,1,0,1,25
197,1,1,1,7
0,1,1,1,28
273,0,1,1,18
15,0,1,0,27
7813,0,1,1,21
-27,0,0,0,14
75,1,1,1,21
1139,0,1,1,14
115,0,1,0,4
0,1,1,2,16
7195,1,1,1,21
-477,1,0,1,21
1026,1,1,1,12
3921,0,1,1,5
980,0,1,1,3
-179,0,1,1,30
2552,0,0,1,25
1729,0,1,1,12
434,0,1,0,5
-300,0,0,1,25
4785,1,1,1,13
-329,0,1,0,7
0,0,1,2,22
391,1,1,1,13
4657,1,1,1,16
3472,1,1,1,20
705,1,1,1,4
255,0,0,0,21
4365,1,0,1,9
350,0,1,0,28
474,0,0,2,9
489,0,1,1,30
757,1,1,0,16
695,1,1,1,28
-770,0,1,0,28
80,0,0,0,14
315,0,1,1,30
213,1,1,1,27
0,1,1,0,9
2169,1,1,1,7
212,1,1,0,7
333,0,1,1,14
4404,0,1,1,20
257,0,1,1,12
3188,0,1,1,3
3083,0,1,0,29
226,1,1,2,6
1260,1,1,1,18
1410,0,1,1,19
6046,0,0,2,15
980,1,1,1,11
-37,1,1,0,4
-154,0,0,0,27
680,1,1,2,24
799,0,0,0,6
-1164,0,0,1,18
2523,0,1,0,29
98,0,1,0,2
3419,0,1,0,20
343,1,1,1,1
852,0,1,1,20
50,0,1,1,7
0,1,1,1,26
10,0,1,1,17
950,0,0,1,20
0,0,1,1,9
175,0,1,1,7
-259,0,1,1,29
6217,0,0,0,21
-1310,0,0,0,28
139,1,1,0,5
7138,1,1,1,8
1111,0,1,1,17
113,1,1,1,22
-612,1,1,1,26
310,0,1,2,28
-186,0,1,0,26
2038,1,1,1,8
833,1,1,1,31
625,0,1,0,19
105,0,1,1,7
551,1,1,0,29
145,1,1,1,14
618,0,1,0,3
1063,0,0,1,16
985,1,0,1,18
2926,0,0,1,19
-449,0,1,0,28
66,1,1,1,18
0,0,1,1,17
419,0,1,1,10
4758,0,1,1,22
-23,1,1,1,20
1573,0,0,1,17
77,0,1,0,16
1378,0,1,1,18
-73,0,0,1,18
60,0,1,1,6
137,0,0,0,16
1583,0,1,1,19
-121,0,0,1,8
1065,0,0,1,17
-13,0,1,1,13
1869,1,1,0,17
4787,0,1,0,4
-183,0,1,0,14
702,0,1,0,26
1494,1,1,1,13
0,0,0,0,12
46,1,1,1,29
609,0,1,1,14
4079,1,1,1,19
0,0,1,1,23
7876,0,1,1,11
925,0,1,1,13
7010,1,1,1,11
42,0,1,1,12
285,1,0,0,3
0,1,1,0,20
3170,1,1,1,28
8,1,0,1,7
216,0,1,1,8
2975,1,1,1,8
894,0,1,0,28
490,0,0,0,25
245,0,1,0,14
0,0,1,1,31
150,1,1,0,9
4,0,1,1,16
1727,1,1,2,25
664,1,0,1,15
473,0,1,1,7
0,1,1,1,28
-192,0,1,1,6
1942,0,0,1,21
5137,0,1,1,6
13044,1,1,1,18
1053,1,1,0,16
154,1,1,1,15
625,0,1,0,30
255,1,0,1,10
529,0,1,0,4
318,1,0,2,9
1903,0,1,0,29
1937,1,1,0,19
3859,1,0,1,20
4198,1,1,1,14
230,0,1,1,6
747,0,1,0,26
263,1,0,1,18
-46,0,1,0,19
0,1,0,0,30
568,0,1,1,2
1469,0,1,1,17
18,1,0,1,25
201,0,1,1,24
1412,0,0,0,27
-93,0,1,0,26
-331,0,1,0,23
486,0,1,1,6
694,0,1,1,21
2806,0,1,0,30
0,1,1,1,6
2959,0,1,2,18
22,0,1,1,18
1167,0,1,1,30
35,0,1,1,17
8304,1,1,2,6
4760,0,1,1,20
-1313,0,0,1,15
697,1,1,1,6
230,1,0,1,13
473,1,1,1,7
1427,0,1,0,14
201,0,1,1,17
1086,1,1,1,20
4335,0,1,1,20
44,1,1,0,9
286,1,1,1,30
216,1,1,1,2
214,0,1,0,28
343,0,1,0,14
-77,0,1,1,28
1046,1,1,0,19
1566,1,1,1,30
592,1,1,2,29
104,0,1,1,6
0,0,1,0,26
-22,1,0,1,9
0,1,1,1,18
72,1,1,0,29
100,1,1,1,13
319,0,1,1,16
9339,0,1,2,18
50,0,1,0,12
32,0,1,1,15
6922,1,1,1,20
633,0,1,1,17
4265,0,1,0,13
2262,1,1,2,14
1970,0,1,0,8
1513,1,1,1,7
4659,0,1,0,30
668,1,1,1,12
649,1,1,1,16
452,0,1,0,9
-145,0,1,2,15
-498,0,1,1,21
0,1,1,1,28
22,0,1,1,7
2304,0,1,1,20
1412,0,1,0,19
145,1,1,1,20
4897,0,1,0,20
1832,1,1,1,6
3726,1,0,1,27
591,1,1,1,21
0,1,1,1,13
508,0,1,2,18
817,1,1,1,14
348,0,1,1,7
291,0,1,0,9
3554,1,0,1,8
781,0,1,0,9
267,1,1,1,26
1327,0,1,1,20
-306,0,1,0,15
864,0,1,2,14
1265,0,1,1,15
0,1,1,0,27
214,1,1,1,29
425,0,0,1,17
3,1,1,1,4
0,0,1,0,8
0,1,1,1,18
282,1,0,1,9
0,1,1,1,9
3727,1,1,0,12
0,0,0,1,28
864,0,1,1,6
4089,0,1,1,2
-478,1,0,1,8
-363,1,1,0,12
8883,1,1,1,21
1970,1,1,2,17
1859,1,1,2,6
1059,0,1,1,17
388,0,1,0,5
602,0,1,1,11
0,1,1,1,17
255,0,1,1,17
63,0,1,0,2
712,0,1,0,2
57,0,1,2,21
523,1,0,1,2
422,1,1,1,12
386,1,1,1,12
3387,1,1,1,14
260,1,1,1,19
-1,1,1,1,7
1490,0,1,1,18
497,0,0,0,19
1707,0,1,0,2
826,0,1,2,18
907,1,1,1,18
1836,0,1,1,12
404,1,1,1,30
907,0,1,0,4
18,0,0,1,5
-495,0,1,0,29
1210,0,1,0,30
819,0,1,2,14
442,1,1,0,28
-46,0,1,1,1
671,0,1,0,7
371,1,1,1,7
-3,1,1,1,25
11,0,1,1,4
33,0,1,1,18
104,0,1,1,18
174,1,0,1,15
3107,0,0,1,25
1438,0,1,1,6
1367,1,1,0,12
-11,1,1,2,16
1693,0,1,1,25
778,0,0,0,15
837,1,1,1,28
363,1,1,1,18
236,0,0,1,18
0,0,1,1,11
-50,1,0,1,7
4,0,1,0,13
26306,0,1,1,11
46,0,0,0,6
575,1,0,1,4
148,1,0,1,8
431,1,1,1,26
777,0,1,0,14
199,0,0,0,7
3552,1,1,1,21
47,1,1,0,5
3823,1,1,1,26
138,1,1,1,20
1117,0,1,0,8
1325,0,1,1,15
0,1,1,1,18
4343,1,1,0,9
1598,1,1,1,22
3301,0,1,1,17
822,1,1,1,27
-280,0,1,0,26
1534,0,1,1,16
1671,1,1,0,21
2007,1,1,0,16
0,0,1,1,31
2776,0,1,1,27
139,0,0,1,18
573,1,1,1,10
475,0,1,0,7
47,0,0,0,8
2154,0,1,1,21
96,1,1,1,5
83,0,1,1,11
6766,1,1,1,28
3973,1,1,1,6
372,0,0,0,6
-552,1,0,1,21
48,1,1,1,21
7696,0,1,1,20
4500,0,1,1,11
1,0,1,1,19
46,1,0,1,17
-18,0,1,0,12
451,0,0,1,13
479,0,1,1,9
0,0,1,1,21
1130,0,1,1,23
389,0,1,0,16
10,1,0,1,18
401,0,1,0,15
145,0,0,1,16
115,0,1,1,6
89,0,0,1,6
94,0,0,0,14
1438,0,1,0,20
780,1,1,1,8
207,0,1,1,4
238,1,1,1,3
2433,1,1,1,6
1924,1,1,1,6
-471,0,1,0,19
1531,0,1,1,8
764,1,1,1,12
383,1,1,0,5
3782,1,1,1,16
326,0,1,1,5
691,1,1,1,6
0,1,1,1,21
99,1,1,1,8
502,0,1,1,12
-15,1,1,1,25
1929,0,1,0,29
0,1,1,1,23
185,1,1,0,26
-424,0,1,0,26
0,0,1,0,7
319,0,1,0,5
171,0,1,1,7
-1148,0,0,0,27
-11,0,1,0,9
0,0,1,1,13
-206,0,1,1,6
704,0,0,2,31
1931,1,1,1,2
943,1,1,1,29
327,0,1,1,13
-105,0,1,0,27
983,1,1,1,5
787,0,1,0,30
0,0,1,1,29
3060,0,1,0,15
5780,0,1,1,1
790,1,1,1,20
1449,1,1,0,26
1412,1,1,1,6
681,1,1,0,20
228,0,1,1,5
0,1,1,0,19
2087,1,1,1,29
2,0,0,1,5
197,1,0,1,3
0,1,0,0,2
1905,0,1,1,16
118,1,1,1,6
2644,0,1,0,20
16430,0,1,0,6
13,1,1,1,22
14,1,0,1,22
769,0,1,1,15
3485,1,1,0,18
139,1,1,1,17
202,0,1,0,15
6,0,1,1,27
2515,1,1,0,20
5195,0,1,0,2
2098,1,1,1,20
320,1,1,1,7
3431,0,1,0,16
50,0,1,0,20
370,0,1,1,19
-182,1,1,1,9
1623,0,1,0,5
13342,0,1,1,18
6570,1,1,1,21
225,0,1,1,20
-665,1,1,1,30
0,1,1,0,16
54,0,1,0,28
46,1,1,1,8
2,1,1,1,22
103,0,0,0,8
883,0,1,1,12
55,0,1,0,15
8238,0,0,0,30
913,0,1,1,7
595,0,1,1,7
7,0,1,1,22
1661,1,1,1,19
102,0,1,1,5
338,1,1,0,14
3132,0,1,0,23
490,0,1,1,7
2682,0,1,1,9
0,0,1,0,27
596,1,1,1,30
2059,0,1,1,25
132,1,1,1,13
0,1,1,1,2
385,0,1,0,16
223,1,1,1,28
0,0,1,0,3
512,0,0,1,30
1169,0,1,0,6
71,0,1,0,21
940,1,1,1,8
-80,0,0,0,3
0,0,1,1,29
1317,1,1,0,12
179,1,1,0,6
1007,0,1,1,21
0,1,1,1,22
1286,0,0,1,17
804,0,0,0,8
4,1,1,1,4
0,0,1,1,10
417,0,1,1,6
1678,1,1,1,28
532,0,1,0,11
407,0,1,1,29
659,1,0,1,2
393,0,1,1,5
661,0,1,1,18
0,1,1,1,29
838,0,1,0,12
195,0,1,1,17
68,0,1,0,7
-242,0,1,1,13
321,0,1,0,9
3403,0,1,1,12
8,0,1,1,15
739,0,1,0,9
622,1,1,1,28
152,0,1,0,2
2,1,1,1,11
1439,0,1,2,28
1491,0,1,1,6
6402,0,1,1,6
1210,1,1,1,9
122,1,0,1,8
0,0,1,1,19
62,0,1,1,14
3333,0,0,1,29
16992,0,1,0,29
23,0,1,2,31
0,0,1,1,7
6072,1,0,0,16
366,1,0,0,16
0,1,0,1,10
1343,0,0,0,21
2105,0,1,1,18
2319,1,1,1,4
35,0,1,1,14
877,1,1,1,13
30,0,1,0,30
-2082,1,0,1,28
89,1,1,1,30
104,1,1,0,17
1750,0,1,2,14
772,0,1,2,20
1048,0,1,2,6
592,1,1,1,21
0,0,0,1,26
3064,0,1,2,11
33,1,1,0,26
0,0,1,1,8
1649,1,1,1,27
287,0,1,1,19
0,0,1,1,17
419,1,0,0,5
257,0,1,1,12
118,1,1,1,28
251,1,1,1,20
1731,0,0,0,29
0,1,1,1,13
23,1,1,1,25
-386,1,0,1,20
5498,1,1,1,19
5063,1,1,1,27
7041,0,1,1,28
654,1,1,0,19
1890,1,1,1,8
2400,0,0,1,5
519,0,1,1,25
1190,1,1,1,8
229,0,1,0,9
203,1,1,1,16
1818,1,0,1,17
1289,1,1,1,15
39,1,1,1,19
796,1,1,1,23
57,1,0,1,8
1548,0,1,1,13
117,1,1,1,24
0,0,1,1,16
691,0,0,1,16
64,0,1,0,13
0,0,1,1,12
957,0,1,0,21
118,0,1,0,7
218,0,1,1,12
724,0,1,1,14
20,0,0,1,17
-28,0,1,1,18
665,1,1,1,30
5,1,1,1,29
925,1,1,1,14
2519,0,1,0,15
3927,1,1,1,13
401,0,1,1,24
581,0,0,1,14
1327,1,1,1,29
3242,1,1,0,25
3163,0,1,0,29
32,1,1,1,4
310,0,0,2,14
0,1,1,2,2
155,0,1,1,29
11386,0,1,1,20
1380,0,1,0,21
2443,1,1,0,18
1129,0,1,0,28
4232,1,1,0,16
5564,1,1,1,17
-402,0,1,1,17
1323,0,1,0,3
1623,0,0,1,18
1042,0,1,1,4
2488,1,1,1,8
865,0,1,1,17
-1053,0,1,1,21
1667,0,1,1,18
975,0,1,0,15
2571,1,1,0,18
732,1,1,1,27
769,1,1,1,28
-136,0,0,1,12
3636,1,0,1,21
931,1,1,1,17
565,1,1,1,4
271,0,1,0,29
1153,1,1,1,4
-73,0,1,1,11
558,1,1,1,9
137,1,1,1,22
700,0,1,0,23
-966,1,0,1,14
96,1,1,1,29
4007,1,1,1,30
567,0,1,0,16
40,1,1,1,7
136,1,0,1,23
917,0,1,0,23
593,0,1,1,29
505,0,1,0,14
2542,0,1,1,14
5355,1,1,2,17
807,1,1,1,27
9976,0,1,0,29
0,1,1,1,30
540,1,1,1,19
280,0,0,1,31
-59,1,0,1,28
-517,0,1,1,14
2613,0,1,1,30
-7,1,1,2,31
0,0,1,0,30
-200,1,0,0,6
2301,1,1,1,16
104,1,0,0,5
191,0,1,0,9
694,0,1,0,6
212,0,1,1,18
1882,0,1,1,11
131,0,1,0,6
175,1,1,1,25
0,1,1,1,29
4425,0,1,0,30
3533,0,1,1,12
3573,1,1,1,15
476,0,0,0,26
1257,0,1,1,20
23,1,1,1,30
0,0,1,1,16
398,0,0,0,17
745,0,1,0,23
8106,1,1,0,17
0,1,1,1,19
696,1,1,2,4
1266,0,1,2,3
2416,1,1,1,11
25,1,1,1,21
7513,1,1,1,11
29,1,1,1,29
5116,0,1,1,22
-1746,0,1,0,20
14,1,1,1,13
4148,0,1,1,21
14,0,1,1,15
105,0,1,1,21
767,1,0,1,2
0,1,0,1,10
-228,0,0,0,16
508,0,1,0,30
725,0,1,1,8
41,0,1,1,6
184,1,1,1,22
251,1,0,0,6
-17,1,1,1,21
-19,0,1,0,20
1064,0,1,1,13
777,0,1,1,6
377,1,1,1,22
479,0,1,1,12
-375,0,1,1,13
796,1,1,1,24
17,0,1,0,16
1071,0,1,1,11
0,0,1,1,20
7378,1,1,1,18
865,0,1,1,17
-701,0,0,1,24
817,0,1,1,18
1387,1,1,1,30
0,0,0,0,29
2917,1,1,1,6
4541,0,1,0,15
0,1,1,0,13
4287,1,1,1,30
242,0,1,1,30
171,0,0,0,20
259,0,1,0,23
827,0,1,0,15
469,1,0,1,2
2226,0,1,0,6
0,1,1,1,29
477,0,1,0,20
42,0,1,0,8
775,0,1,0,16
9,0,1,1,17
2557,1,1,1,28
2395,1,1,1,27
4895,1,1,0,9
376,0,0,0,6
389,0,1,0,6
134,1,1,1,19
1273,0,0,0,11
0,0,1,1,12
2892,0,0,1,30
0,0,1,1,7
295,0,1,0,23
292,0,0,1,29
85,1,1,1,16
4,1,1,1,4
-587,0,1,0,26
367,1,1,1,2
-1224,0,1,1,7
959,1,1,0,18
0,1,1,1,20
-589,0,1,0,3
-8,1,1,1,13
0,1,1,1,30
247,0,0,0,14
5543,1,1,0,16
642,1,0,1,8
11,1,1,1,11
-226,0,1,0,4
5191,1,1,1,20
-320,1,1,1,18
2289,0,0,1,17
725,0,1,1,27
705,0,1,1,20
776,0,1,1,6
816,0,1,1,19
171,1,1,1,21
812,1,1,1,31
823,1,1,1,8
1453,0,1,1,12
431,0,1,0,3
1009,0,1,1,29
286,0,1,1,6
22370,0,1,0,15
2111,0,1,1,7
5366,0,1,0,21
181,0,0,2,28
-452,0,1,0,26
1770,1,1,1,5
0,1,1,1,4
-296,0,1,1,20
2358,0,1,1,17
1200,1,1,1,14
109,0,1,0,6
616,0,1,1,6
4906,0,1,0,14
313,1,1,1,6
290,0,1,1,16
1240,1,1,1,12
3672,0,1,1,15
19,1,1,1,5
143,0,1,0,7
212,1,0,2,17
9,1,1,1,11
3074,1,1,1,18
1734,0,1,0,2
575,1,1,0,3
397,0,1,1,20
640,0,1,1,3
158,0,1,0,19
2984,0,1,0,15
1011,0,1,2,30
0,0,1,1,26
1133,0,1,1,4
4945,0,1,1,2
712,0,1,1,18
-427,0,0,0,21
2146,1,0,0,9
92,0,1,1,12
10,0,1,0,6
1238,0,1,1,15
981,0,1,2,21
575,1,1,0,20
-70,1,1,1,14
3733,0,1,1,22
574,0,1,1,16
43,1,1,0,19
428,1,1,0,28
0,0,1,2,9
0,0,0,1,20
474,0,1,1,7
-540,1,1,0,6
560,0,1,1,2
325,0,1,1,18
437,1,1,1,5
574,1,1,1,5
0,1,1,2,30
935,1,1,1,26
699,0,1,0,29
0,1,1,0,19
-220,0,1,1,2
11417,0,1,0,28
212,0,1,1,11
67,0,0,0,8
0,1,1,1,29
0,1,0,2,15
1673,1,1,1,23
-1202,0,1,0,4
4213,1,1,1,25
0,1,1,1,26
1521,0,0,1,18
1310,1,1,2,30
0,0,0,1,17
399,1,1,1,9
405,1,1,1,11
9756,0,1,1,5
2506,1,1,1,17
697,1,1,1,5
403,0,1,1,8
890,1,1,1,3
809,0,1,1,13
158,0,1,2,10
137,0,1,0,12
2705,1,1,2,14
75,0,1,0,1
2457,0,1,0,9
541,0,1,1,8
287,0,1,1,15
273,0,0,1,18
0,0,1,0,4
677,1,1,1,7
340,1,1,0,6
98,1,1,1,8
477,0,1,2,7
2629,1,1,1,28
0,1,0,1,29
2325,1,1,1,2
-20,1,1,1,20
230,0,1,1,18
-852,1,0,1,29
-280,1,1,0,21
25,1,1,1,22
9851,0,1,1,20
5095,0,1,0,16
687,1,1,1,20
1368,0,1,1,12
-179,0,1,1,15
-396,0,1,1,11
1011,0,1,0,6
9,1,0,0,6
1159,0,0,1,15
-322,1,1,0,9
1114,0,1,1,30
2072,1,1,1,10
459,0,1,1,29
1157,1,1,1,26
8309,0,0,1,19
1043,1,1,1,18
2098,1,1,1,7
461,1,1,1,28
61,0,1,0,19
1203,0,1,1,17
1067,1,0,1,12
0,1,1,0,9
1657,0,1,1,18
1219,1,1,1,18
7,0,1,0,15
-839,0,0,1,16
994,1,1,1,5
6,1,1,2,30
0,1,1,1,21
8627,0,1,0,3
133,0,1,0,8
247,0,0,0,26
1114,1,1,1,17
1592,1,0,0,20
0,1,1,0,8
46,1,1,1,7
1221,0,1,1,6
985,1,1,1,18
0,0,1,0,8
520,1,1,1,4
10,1,1,2,8
2157,0,1,1,13
6095,0,0,1,14
133,0,1,1,13
1121,1,1,0,20
88,0,1,0,13
0,1,1,1,19
-328,0,1,2,2
610,0,1,2,29
414,1,1,1,21
0,0,1,2,29
0,1,1,0,6
685,0,1,0,6
22856,1,1,1,2
-352,1,1,1,15
602,0,1,1,13
-588,0,1,1,22
302,1,1,1,16
5314,0,1,1,5
64,0,0,0,8
632,1,1,1,22
5731,0,1,1,4
902,1,1,0,16
6307,0,1,0,28
112,1,0,1,11
0,1,0,2,9
621,1,1,1,8
435,0,1,0,26
782,0,1,0,26
478,0,1,0,3
7864,0,1,0,15
1910,0,1,0,5
1174,0,1,1,18
1270,0,1,1,17
18,1,1,0,20
141,0,1,0,23
2886,1,1,1,20
2715,0,1,0,29
1100,0,0,1,11
516,0,0,0,2
1,1,1,0,15
775,1,1,1,29
634,1,1,1,7
5715,1,1,1,28
1088,0,1,1,26
1532,0,0,1,18
75,1,1,1,28
103,1,1,0,19
134,0,1,1,7
748,1,1,2,21
1990,0,0,1,25
192,1,1,1,5
267,1,1,1,13
586,0,1,0,16
648,0,0,0,8
25,0,1,1,11
96,0,1,1,13
1116,0,1,1,25
-90,1,0,2,17
170,0,1,1,18
3665,1,1,1,12
2380,1,1,1,14
179,1,1,0,9
763,0,1,1,11
320,1,1,2,9
1960,0,1,1,21
818,0,1,0,3
2678,0,1,1,18
1980,1,1,1,5
1582,1,1,2,3
62,1,1,0,19
235,1,1,1,13
489,0,1,1,7
3931,0,1,0,3
699,0,0,1,20
58,0,1,2,29
1327,1,1,0,5
557,1,1,0,19
741,0,1,1,11
3230,0,1,2,20
1439,0,1,1,3
120,0,1,0,14
1058,1,1,1,11
881,0,1,1,14
6728,1,1,1,25
462,1,1,1,7
167,0,0,1,8
1574,0,1,1,19
1625,1,1,1,22
562,1,1,1,13
9305,0,1,1,17
35,1,0,1,16
0,1,1,1,11
2486,0,1,1,25
368,1,1,2,25
1558,0,1,1,17
8627,0,1,1,15
2590,1,1,1,23
0,0,0,0,3
900,0,1,1,29
385,0,1,0,21
1649,0,1,1,12
9228,1,1,1,18
0,0,0,1,9
1,1,1,1,3
771,0,1,1,15
280,0,1,2,14
46,1,1,1,14
2431,0,1,1,14
308,1,1,1,30
160,0,1,0,4
555,0,1,1,15
778,0,1,0,6
48,1,1,1,6
169,0,1,1,15
12,0,1,1,17
848,1,1,1,27
481,0,1,2,18
12223,0,1,1,19
-254,0,0,0,27
1148,1,1,2,29
5,1,1,0,12
50,0,1,1,12
92,0,1,0,15
470,0,1,1,25
0,1,1,1,28
109,1,1,1,15
440,0,1,0,17
0,1,1,1,5
2685,1,0,0,24
-3,0,1,0,13
7007,1,1,1,17
220,0,1,0,27
1548,1,1,1,6
326,0,0,1,7
0,0,1,0,30
123,1,1,1,20
697,1,1,1,7
223,0,1,0,28
1694,0,1,1,28
4446,0,1,0,14
894,0,1,1,20
202,0,1,1,18
0,1,1,1,21
1707,1,1,1,8
13658,0,1,2,9
406,1,1,1,30
96,1,1,2,30
0,0,1,0,30
-276,1,0,1,11
413,1,1,1,27
655,0,1,1,5
694,1,1,1,29
10218,0,1,1,19
1646,0,1,1,4
14,1,1,1,29
7635,1,1,1,21
9,0,1,0,27
1029,0,1,0,2
2855,1,1,1,30
260,0,1,1,17
2039,0,1,1,6
-97,0,0,0,9
1465,1,1,1,19
125,0,1,0,29
930,1,1,1,27
0,0,1,1,30
73,1,1,0,17
-35,0,1,1,7
1351,1,1,1,10
1601,0,1,0,23
88,0,1,1,11
435,0,1,0,23
717,0,1,1,30
705,0,1,0,29
1553,1,1,1,20
-131,0,1,0,16
1191,1,1,1,21
47,1,0,1,9
544,0,0,1,18
688,0,1,0,6
242,1,1,1,30
118,1,1,1,25
-388,0,1,1,14
1603,1,1,0,17
1511,0,1,1,16
147,0,1,1,6
836,0,1,0,27
55,0,1,1,13
1123,1,0,0,28
691,1,1,1,19
0,1,0,0,26
12531,1,1,1,13
552,0,0,1,19
0,1,1,0,20
309,0,0,0,7
33,0,1,1,5
681,0,1,2,14
1787,0,1,1,12
14220,0,1,1,9
12569,1,1,1,9
4,1,1,1,23
3587,0,1,0,30
254,1,1,0,6
1712,1,1,0,19
4855,0,1,1,10
2408,1,1,1,12
252,0,1,1,8
346,0,1,1,17
45,1,1,0,5
556,0,0,0,15
-710,0,1,1,10
-551,0,1,1,11
56,0,1,0,23
1514,1,0,1,21
178,0,1,1,15
359,0,1,0,6
1580,1,0,0,19
221,1,1,1,30
1161,0,1,0,8
1278,0,1,2,15
982,1,1,1,23
16,1,1,1,13
1,1,1,1,19
128,0,1,1,12
2543,1,1,1,10
42045,1,1,1,8
828,0,1,1,14
0,0,1,1,11
3940,0,1,1,9
125,0,1,0,13
140,0,1,0,5
593,0,1,0,5
746,1,1,0,20
589,0,0,0,21
2343,1,1,1,18
294,0,1,1,23
644,1,0,2,22
-26,0,1,0,16
3354,0,1,1,14
23,1,1,1,20
7,0,1,1,27
3735,1,1,1,22
2094,1,1,1,8
508,0,1,1,20
0,0,1,1,8
93,0,1,2,17
0,0,1,0,7
26394,1,1,1,25
-11,0,1,1,30
523,0,1,1,3
-74,0,1,1,19
0,1,1,1,11
122,0,1,0,2
351,1,0,1,14
35,1,0,0,26
2610,0,1,1,13
64,1,1,1,21
60,1,1,1,8
342,0,1,1,12
1830,1,1,1,14
1904,1,0,1,17
16957,0,1,2,29
26,1,1,0,18
0,1,1,1,10
79,0,1,0,23
2303,0,1,0,17
65,1,1,1,28
332,0,1,1,23
-399,0,1,0,2
-54,0,0,1,13
-102,1,1,0,4
4809,0,1,1,21
279,1,1,1,28
11,0,1,0,13
2201,0,1,0,15
8044,1,1,1,12
2374,0,1,1,9
92,0,1,1,18
443,1,1,1,8
1397,0,1,2,12
7,1,1,1,20
3177,1,1,1,8
232,1,0,1,15
81,0,1,1,29
414,0,1,1,20
1433,0,1,1,15
187,1,1,1,17
0,1,1,1,28
4610,1,1,1,14
1429,0,1,0,14
334,1,1,1,29
2,1,0,1,21
500,0,1,0,4
43,0,1,0,20
4030,0,1,1,19
306,1,0,1,8
0,1,1,1,22
168,1,1,1,19
210,1,1,1,29
518,0,1,1,11
1696,0,1,1,26
-31,1,0,1,13
856,0,1,1,20
318,0,1,0,9
64,1,1,0,6
800,0,1,1,19
75,1,1,0,6
347,0,1,1,6
2366,0,0,1,30
701,1,1,1,6
475,0,0,1,9
3285,1,1,1,31
925,1,1,1,20
128,1,0,1,18
1587,0,1,1,28
879,0,1,0,26
478,1,1,1,30
280,1,1,1,14
1868,1,1,1,8
819,1,1,1,9
4646,0,1,0,13
27,1,1,1,22
736,0,1,0,23
224,0,1,1,2
2544,1,1,1,15
427,1,0,1,14
2764,1,1,1,17
376,0,1,0,7
523,0,1,1,6
71,1,0,1,29
3948,1,1,1,3
1810,1,1,2,19
994,1,1,0,9
52,0,1,0,7
11,1,1,2,30
0,1,1,0,18
747,1,1,2,28
2657,0,1,0,20
313,1,0,0,3
61,1,0,0,5
2557,0,1,1,18
0,0,1,1,13
10,0,1,1,22
658,0,1,2,23
1679,0,1,0,20
0,1,0,1,14
841,0,1,0,29
0,0,1,1,27
1160,0,1,0,27
-37,0,1,0,27
94,0,1,1,16
585,0,1,1,18
235,1,1,0,9
2145,0,1,1,18
1464,0,1,0,3
232,0,0,1,29
187,0,1,0,9
12,1,1,1,27
318,0,1,0,27
405,1,0,1,8
334,0,1,0,15
0,0,1,0,2
2,1,1,0,9
966,0,0,1,19
195,1,0,2,30
0,1,1,1,7
0,1,1,0,19
260,1,1,1,27
451,0,1,1,2
3242,0,1,0,21
8515,0,1,0,20
1808,0,1,1,26
20,0,1,0,7
3068,0,0,1,11
23,1,1,1,26
1076,1,1,1,8
1060,0,1,0,13
678,0,1,1,4
1147,0,0,2,7
-630,1,1,0,23
459,1,1,1,28
976,0,1,1,17
357,0,1,1,18
-9,1,1,0,9
1927,0,1,1,18
500,0,1,0,6
9146,1,1,1,13
59,1,1,0,13
0,1,1,1,10
328,0,1,0,21
291,1,1,1,7
-703,0,1,1,8
589,0,1,1,6
6053,1,1,1,11
1142,1,1,2,4
725,0,1,1,20
802,1,1,1,22
556,0,1,1,18
191,0,1,1,5
373,1,1,1,22
6164,1,1,1,19
37,1,1,1,28
1156,0,1,2,20
806,0,0,1,7
2381,1,1,1,30
-314,0,1,0,28
285,0,0,0,6
1199,0,1,1,30
481,0,1,2,8
137,1,1,1,25
168,0,1,2,12
156,0,1,0,17
4745,1,1,2,12
11797,0,1,1,11
786,1,0,1,25
4015,1,1,0,20
0,0,1,0,9
331,0,1,1,14
1554,0,1,0,12
132,0,0,0,19
5086,1,1,1,25
529,0,0,1,19
4824,1,0,1,18
474,1,1,1,25
86,0,1,0,6
2281,0,1,0,20
186,0,1,1,17
137,1,1,0,20
6968,1,1,1,1
86,1,1,1,12
81,1,0,1,8
6904,1,1,2,20
137,0,0,0,5
25,1,1,2,30
759,1,1,1,14
1922,0,1,1,24
3298,0,1,0,28
764,1,1,1,12
8556,1,1,2,18
3514,0,1,0,20
0,0,1,1,18
680,1,1,2,27
0,1,0,2,22
2819,1,1,1,7
-518,0,0,0,28
60,1,0,1,27
732,1,1,1,7
2707,0,1,2,16
177,0,1,2,11
13229,1,0,2,8
-204,0,0,0,6
990,0,1,1,6
648,0,1,0,3
50,1,1,1,11
1916,1,0,2,14
763,1,1,1,24
470,0,0,1,20
0,1,0,1,19
5739,0,0,1,21
0,1,1,0,14
-375,1,1,1,30
157,0,1,1,28
1518,0,1,1,20
1343,1,1,1,5
-401,0,1,1,19
5310,0,1,1,17
2285,0,1,0,14
22171,0,1,1,18
856,0,0,1,4
1169,1,1,1,6
3797,1,1,1,2
53,0,1,1,18
2519,0,1,1,16
795,1,1,1,8
0,0,0,1,30
2087,0,1,1,31
34,1,1,2,30
5,1,1,0,9
15,0,1,1,25
390,1,1,1,28
712,1,1,1,13
2600,0,1,0,17
-241,0,0,0,27
1545,0,1,1,20
1026,1,1,0,5
435,0,1,2,28
876,1,1,1,27
1801,1,1,2,29
2278,0,0,1,13
157,0,1,0,30
1327,0,0,0,26
284,1,0,2,14
495,1,1,1,12
1588,0,1,0,3
0,0,1,2,28
428,0,1,0,30
542,1,1,1,11
66,1,1,1,19
314,1,1,0,25
24,0,1,1,8
613,1,1,1,7
1467,1,0,1,29
192,0,1,1,13
321,1,1,0,9
788,0,1,1,17
48,0,1,0,8
262,1,1,1,2
4438,0,1,0,20
5045,0,1,1,21
3014,0,1,1,7
21664,1,1,0,17
5878,1,1,1,19
2723,0,0,1,8
576,0,1,0,8
0,1,1,2,19
2197,0,1,0,23
104,0,1,0,5
1279,0,1,1,18
295,0,1,1,23
2128,0,1,0,19
367,1,1,2,16
1477,1,1,1,7
71,0,1,0,19
127,0,1,1,18
2921,1,1,2,3
16264,1,1,2,17
1672,1,1,1,17
9207,1,1,1,18
356,1,1,1,2
133,0,1,1,9
1217,0,0,1,18
202,0,1,1,4
590,1,0,0,5
442,1,1,1,19
808,0,1,1,15
427,0,1,1,6
431,0,1,0,11
4256,0,1,1,16
0,0,0,1,19
238,0,1,1,6
846,1,1,1,11
3,1,1,1,19
693,1,1,0,12
0,0,1,0,15
362,0,1,0,4
618,0,1,1,7
2893,0,1,0,3
230,1,1,1,30
1287,0,1,1,14
179,1,1,0,9
980,1,1,1,2
79,0,1,1,22
3043,1,1,1,19
808,1,1,1,18
745,1,1,2,9
1309,1,1,0,20
290,0,1,1,21
1792,0,1,1,31
178,0,1,0,20
0,1,1,1,27
537,1,1,0,29
416,0,1,0,13
1472,1,1,0,20
3953,0,1,1,19
112,0,1,1,5
13204,0,0,1,20
0,1,0,1,14
2240,0,1,1,2
22546,0,1,1,14
0,0,1,2,17
23,1,1,1,21
228,0,1,1,11
215,0,1,0,6
23,0,1,0,20
293,0,1,0,21
0,1,0,0,21
199,1,1,0,13
459,1,1,1,5
8131,0,1,0,30
-378,0,0,1,13
395,1,1,1,21
10787,0,1,0,4
865,0,1,1,27
340,0,1,1,20
1882,1,1,1,7
265,1,1,1,30
389,0,1,1,7
0,0,0,1,29
384,0,1,1,12
94,0,1,1,31
1471,1,1,1,12
937,0,1,0,12
500,0,1,1,20
25,0,1,0,6
365,1,1,1,21
34,1,0,0,4
429,1,1,2,8
6839,0,1,1,19
6,1,1,0,9
467,0,1,0,21
1876,1,0,0,20
1847,0,1,1,9
247,1,1,1,29
897,1,1,1,5
4664,1,1,1,21
1291,0,1,0,3
64,1,1,1,15
-471,0,1,1,20
1160,0,0,0,11
14,1,1,1,1
26,0,1,1,17
452,1,1,1,20
382,0,1,1,13
2033,1,1,1,30
0,0,1,1,13
789,0,1,1,8
142,0,1,1,14
645,0,1,0,19
897,0,1,1,13
103,0,1,1,12
847,0,1,1,11
0,1,1,1,11
517,0,1,0,5
1308,0,1,0,29
66,0,0,1,21
361,0,1,0,19
66,0,0,1,6
70,0,1,0,8
180,0,1,2,15
279,0,1,0,19
4,1,1,1,30
1416,0,1,0,14
465,0,1,0,20
998,0,1,0,14
550,1,0,1,9
1285,0,1,0,27
4908,1,0,1,13
336,0,1,0,8
131,1,1,0,3
348,1,0,1,15
453,0,1,1,17
1102,0,1,0,15
926,0,0,1,15
502,0,1,1,3
8669,0,1,2,20
316,1,1,0,5
9324,0,1,1,30
0,1,1,1,19
72,0,0,1,15
61,1,1,1,19
173,1,1,1,29
-162,0,1,1,15
47,1,0,1,31
1983,0,1,2,19
326,0,0,0,15
2552,1,0,1,30
1283,1,1,1,18
2179,0,1,1,4
1047,1,1,0,6
36,1,1,1,13
-308,1,1,1,2
1177,1,1,1,19
2077,0,1,1,13
0,1,1,1,7
1,1,1,1,18
7735,0,1,1,20
1922,0,1,1,18
153,1,1,1,23
2770,0,1,0,8
139,1,1,1,27
21,0,1,1,14
178,0,1,0,17
444,0,1,1,15
209,0,1,1,22
3096,1,1,0,16
5320,1,1,1,3
4885,0,0,1,18
0,0,0,1,18
5462,1,1,0,6
6767,0,1,1,20
2974,0,1,0,21
427,1,1,0,14
8876,1,1,1,2
146,1,1,0,30
319,1,1,1,24
304,1,1,1,14
389,0,1,0,16
766,1,1,0,17
0,0,1,1,29
3107,0,1,0,3
174,0,1,0,16
-305,1,0,0,9
670,1,1,1,9
6164,0,1,0,27
2850,1,1,1,17
79,0,1,1,15
110,0,1,0,23
5039,1,1,1,20
360,0,1,2,19
199,1,1,1,28
238,0,0,1,5
5092,0,1,0,17
1088,0,1,1,28
221,0,1,0,7
889,1,0,0,18
750,0,1,1,18
0,0,0,0,16
1291,0,1,1,14
1844,0,1,0,29
89,0,0,2,9
4280,1,1,0,19
0,1,1,1,21
625,0,1,0,28
574,0,1,1,29
320,0,1,0,30
468,0,1,0,15
440,0,1,0,12
0,0,1,1,19
5706,0,1,1,25
7780,1,1,2,4
-559,0,0,1,7
16874,0,0,1,15
1987,1,1,2,14
98,0,1,2,15
642,1,1,1,18
526,0,0,0,23
6483,1,1,1,13
2306,1,1,2,6
954,0,1,0,2
-679,0,0,1,7
-1,1,1,1,19
2590,1,1,2,9
331,1,0,1,28
4209,0,1,0,5
462,1,1,1,13
0,0,1,1,21
0,1,1,1,29
151,1,1,1,19
883,0,1,1,10
266,1,0,1,7
0,1,1,1,26
491,0,1,0,8
3,1,0,1,8
198,0,1,0,9
14363,1,1,0,5
0,0,0,1,18
136,1,1,1,25
28,1,1,1,8
335,1,1,1,29
174,1,1,2,29
270,0,1,0,3
1206,1,1,1,9
198,0,1,0,13
914,0,1,1,12
31,0,1,1,20
0,1,1,2,14
347,0,1,1,18
860,0,1,0,20
89,0,1,1,10
0,0,0,1,28
0,1,0,1,8
68,0,1,1,16
-149,0,1,1,14
2411,0,1,1,23
225,0,1,1,14
2731,1,1,1,21
112,0,1,1,4
0,1,1,1,22
3620,0,1,0,27
179,1,1,1,30
1544,0,1,1,6
199,1,1,2,18
231,0,1,0,12
76,0,1,0,4
302,1,1,1,11
189,0,1,1,31
565,1,1,2,7
310,1,1,1,1
1746,0,1,0,26
6,0,1,1,18
-110,1,0,1,29
2749,0,0,0,29
6495,1,1,1,30
35,0,1,0,3
-650,1,1,1,15
292,1,0,2,28
5774,0,1,0,15
2416,0,1,0,20
35,1,1,1,29
19317,0,1,1,4
50,1,1,0,28
-674,0,1,0,5
3726,1,1,1,5
1180,0,0,0,14
6610,1,1,1,24
319,0,1,1,18
1545,0,0,1,13
1315,1,1,2,5
424,1,1,1,21
151,1,1,1,3
-970,1,0,1,21
-762,0,0,0,30
181,0,1,1,31
-120,0,1,1,17
1022,0,1,0,20
78,0,1,1,14
209,1,1,0,23
2469,1,1,1,16
0,1,1,1,19
328,1,0,1,8
0,1,1,1,26
307,0,0,0,17
1384,0,1,1,30
0,1,1,1,26
719,0,1,0,14
0,1,1,1,10
6704,0,1,0,21
4543,0,1,0,14
0,0,1,0,27
149,0,1,0,3
-1400,0,1,2,6
-118,0,0,0,27
2160,1,1,1,8
3452,1,1,1,13
842,1,1,1,30
3576,1,1,1,25
1666,1,1,0,9
0,0,1,1,28
0,0,1,0,20
1628,0,1,1,5
51,0,0,0,16
447,1,1,0,14
396,0,1,1,16
4994,1,1,0,20
3215,0,1,1,21
2814,1,1,0,20
0,1,1,1,7
293,0,1,0,23
474,0,1,0,27
16178,0,1,1,21
0,1,1,1,22
88,1,1,1,4
308,0,1,0,28
1164,1,1,2,14
13893,1,1,0,11
0,0,1,0,14
-435,0,1,0,2
389,0,1,1,11
356,1,1,1,8
2718,1,1,0,19
261,1,1,1,12
757,1,1,1,3
16,1,1,1,31
-422,1,1,1,9
248,1,1,1,16
145,0,1,0,7
598,1,0,1,8
949,0,1,0,27
614,1,1,1,11
1209,0,1,1,16
202,0,1,1,15
1840,0,1,1,18
114,0,0,1,4
-229,1,0,1,23
182,0,1,2,13
401,1,1,1,14
759,0,1,0,23
4194,1,0,2,30
0,1,1,2,28
629,0,0,1,29
153,0,0,0,26
553,0,1,1,22
1057,1,1,1,5
78,0,1,0,12
-28,1,0,0,4
929,1,1,1,19
428,0,1,1,18
268,0,1,1,13
83,1,1,1,26
998,0,1,2,30
2223,1,1,1,4
6,0,1,1,19
312,0,0,1,3
0,1,1,1,13
691,0,1,1,8
771,0,1,1,26
192,1,1,1,22
0,1,1,1,12
1070,0,1,0,19
84,0,1,1,13
2,1,1,1,16
1242,0,1,1,6
5969,1,1,1,4
3337,0,1,2,17
1347,1,1,2,18
64,1,1,2,29
249,0,1,0,2
0,1,1,1,29
128,1,1,0,4
196,0,1,0,5
351,0,1,1,18
5533,0,1,1,7
38,0,1,1,15
35,1,1,1,30
235,0,1,1,12
30,0,1,1,4
92,0,1,0,9
67,1,1,0,3
4022,0,1,1,29
3057,1,1,0,16
0,0,1,1,12
349,1,1,1,22
2322,1,1,1,22
167,0,0,0,6
558,1,1,1,19
-230,0,0,1,16
4094,0,1,1,21
239,0,1,0,21
497,1,1,1,13
179,0,1,1,17
305,1,1,1,30
-67,0,1,0,5
4539,1,1,0,30
770,0,1,1,17
-673,0,1,0,26
858,0,1,1,12
0,1,1,1,23
5244,1,1,1,8
117,0,1,0,2
846,1,1,1,2
0,0,1,1,11
1331,1,1,1,30
31,0,0,0,26
179,0,1,1,15
543,0,1,0,21
253,0,0,1,5
71188,1,1,1,6
5108,0,1,1,8
1738,0,1,1,15
-97,0,1,1,3
199,0,1,1,9
489,0,1,1,8
355,0,0,0,4
-97,0,1,0,6
473,1,0,1,5
6649,0,1,1,19
263,1,1,1,4
781,1,1,0,13
1032,0,1,0,2
119,1,1,1,4
434,0,1,1,11
2967,1,1,0,17
-331,0,1,0,6
1585,1,1,2,28
4384,0,1,0,5
588,1,1,1,28
3180,0,1,1,9
0,1,0,0,4
-76,0,1,0,27
152,0,1,1,25
1040,0,1,1,13
-384,0,1,0,27
473,0,1,0,27
475,0,1,1,29
0,1,1,1,22
149,1,1,1,20
3285,0,1,0,13
424,1,1,1,19
79,1,0,1,20
674,0,1,1,7
0,0,1,1,22
58,0,1,1,9
532,0,1,1,9
4130,1,1,1,12
422,0,1,1,14
437,0,1,0,3
-308,0,1,1,12
30,0,1,1,14
137,1,1,1,13
-247,0,0,2,21
321,0,1,1,22
250,0,1,1,18
-470,0,1,1,19
140,0,0,1,7
2793,1,1,1,20
410,1,1,1,29
2628,1,1,2,8
116,1,1,1,24
0,0,1,2,9
878,0,1,1,2
2944,1,1,1,18
3975,0,0,1,17
96,0,1,1,5
2288,1,1,2,28
472,0,1,0,13
65,1,1,0,27
0,1,1,0,7
400,0,1,0,4
7495,0,1,0,13
137,1,0,1,18
24,0,1,1,19
3450,1,1,1,10
311,0,1,1,28
139,1,1,1,22
0,1,1,0,11
492,0,1,0,20
334,0,1,2,4
997,1,1,1,10
440,1,1,1,21
47,1,1,1,25
1298,0,1,0,20
3355,1,1,1,14
-11,1,1,0,5
396,0,1,0,28
8,1,1,1,23
1409,1,1,0,17
170,1,1,1,15
2769,0,1,1,11
2320,0,1,1,7
76,0,1,1,15
2034,0,1,0,21
3018,0,1,0,15
921,1,1,2,17
483,0,1,1,3
390,0,1,1,31
0,1,1,1,27
92,1,1,1,30
22196,0,1,1,21
2,1,1,0,29
249,0,1,1,21
3274,0,1,1,22
5731,0,1,0,20
206,1,1,1,9
2325,1,1,1,5
0,1,1,1,24
1664,0,1,1,20
3333,1,1,1,8
7020,1,1,1,6
37,1,1,1,6
28,1,1,1,29
1670,0,1,0,18
134,1,1,0,20
603,1,0,0,9
276,0,0,0,6
2157,0,1,1,21
161,0,1,0,13
3658,0,1,0,14
-402,1,0,0,12
3342,0,1,0,4
1732,1,1,2,21
263,0,1,0,6
623,0,1,1,13
3540,0,1,1,18
95,0,1,1,30
765,0,1,1,14
-824,0,1,1,7
5549,1,1,1,28
191,0,1,0,2
420,0,1,0,7
0,1,1,0,7
2706,0,1,0,28
4,0,0,1,25
423,0,0,1,16
-892,0,0,1,14
-120,0,1,1,3
-365,0,1,0,28
27069,1,0,0,20
8038,0,1,1,20
-938,0,1,0,28
1139,0,1,1,11
189,0,1,1,19
19,1,1,1,5
3663,1,1,1,11
0,1,1,0,12
-614,0,1,0,26
2323,0,0,1,18
425,0,1,2,9
5122,1,1,1,13
608,1,1,1,26
341,0,0,1,20
607,0,1,1,12
1495,0,0,0,23
381,1,1,1,5
385,1,1,2,27
1274,0,1,1,1
362,0,1,0,14
377,0,1,2,3
802,1,1,1,30
194,1,1,1,31
-315,1,0,1,10
1843,0,1,1,25
-9,1,1,1,14
83,1,0,1,7
433,0,1,1,18
-107,0,1,0,28
4503,1,1,2,21
51,0,1,1,11
961,1,0,1,14
49,0,0,1,25
3470,1,1,1,11
-147,0,1,1,20
0,0,1,1,18
0,0,1,0,28
172,1,1,1,19
-407,1,0,1,7
649,1,1,1,16
1040,1,1,1,8
142,0,1,0,20
209,0,1,1,28
3304,1,1,0,5
294,1,1,1,5
4848,0,0,2,23
1670,0,1,1,18
367,1,1,2,2
13683,0,1,0,3
1420,1,1,1,8
340,0,1,0,3
1679,1,1,2,20
1198,0,1,1,2
169,1,1,1,14
506,1,1,1,25
1249,0,1,1,9
678,1,0,0,4
212,0,1,1,15
23,1,1,1,20
4402,1,1,2,10
459,0,1,1,7
4722,0,1,0,17
1555,0,1,0,9
61,0,1,0,7
0,0,1,1,17
3706,0,1,1,20
1177,1,1,1,15
2096,1,1,0,9
748,1,1,0,29
3357,1,1,1,21
3809,0,1,0,3
395,0,1,0,15
1011,0,1,1,12
420,0,1,0,9
76,0,1,0,21
0,1,1,0,28
844,0,1,0,29
1318,0,1,1,7
167,0,1,1,28
2187,0,1,1,17
14440,0,1,1,21
2294,0,1,0,26
80,0,1,0,30
2537,1,1,1,26
569,1,1,1,27
0,1,0,1,8
0,0,1,1,18
12,1,1,1,12
49,1,1,1,29
460,1,1,0,17
613,0,1,1,11
7944,1,1,1,21
1143,0,1,1,17
-464,0,1,1,4
1989,0,0,1,20
17,0,0,1,17
-1,1,1,1,27
1698,0,1,0,6
5306,0,1,0,15
0,1,1,1,14
1679,1,1,1,12
3676,1,1,1,18
-242,0,0,1,18
471,1,1,0,15
8902,0,1,1,14
1704,1,1,1,1
3050,0,1,1,13
2581,1,1,1,15
162,0,1,0,14
243,0,1,1,20
1847,1,1,1,9
0,0,1,0,29
3371,1,1,1,11
1757,0,1,1,20
171,0,1,1,8
157,0,0,0,7
934,0,1,0,4
-19,1,0,0,4
-55,0,1,1,18
21,1,1,1,26
14,1,1,0,14
246,0,1,1,17
887,0,1,1,12
51,1,1,1,19
-287,0,1,1,18
0,0,1,1,14
2734,0,1,1,12
52,1,1,1,31
2594,0,1,1,21
22,1,1,0,20
1611,0,1,1,11
18,0,0,1,30
1331,0,1,1,29
7337,1,1,1,4
835,0,1,0,29
5092,1,1,0,11
52,1,1,1,20
10655,1,1,2,31
1831,1,1,1,17
92,0,1,0,13
586,0,0,1,6
1758,0,1,0,15
2061,0,0,1,29
959,1,1,1,9
208,1,1,0,12
-315,0,1,0,8
-13,0,1,1,15
801,1,1,1,11
1948,1,1,1,28
751,0,1,0,8
784,0,0,0,3
24,1,1,1,12
72,0,1,0,7
1871,0,1,1,17
1378,0,1,0,8
188,0,1,1,12
6836,1,1,1,27
61,0,1,1,8
-967,0,1,2,15
462,0,0,0,19
0,1,1,1,28
5527,0,1,0,21
1287,1,1,0,16
17361,1,1,0,18
1956,1,1,1,19
0,0,1,1,21
-294,0,1,0,27
275,1,1,1,25
724,0,1,1,17
27,1,1,1,25
26,0,1,1,7
191,1,1,1,31
-123,1,1,1,5
-147,1,1,0,4
179,1,1,1,19
1086,0,1,1,6
471,0,1,0,30
105,0,1,0,28
1588,0,0,0,20
70,1,1,1,27
2700,1,1,1,3
1602,0,1,1,2
0,0,1,1,24
839,1,1,0,30
21515,0,1,0,5
5902,0,1,0,23
547,0,0,0,21
3800,1,0,1,9
261,0,1,0,27
0,0,0,1,4
-34,1,1,1,5
9328,0,1,1,5
5,0,0,1,16
3529,1,1,1,5
2330,0,1,0,4
1334,0,1,1,20
3601,1,1,1,22
265,1,1,1,28
2227,1,1,1,24
487,1,0,1,27
0,0,1,1,11
174,0,1,0,7
14412,1,1,1,18
3288,1,1,1,8
57,1,1,1,2
2246,0,1,1,10
4441,0,1,1,20
0,1,1,0,19
353,1,1,1,27
448,0,0,1,5
27,0,1,2,10
474,1,1,1,22
1185,0,1,1,30
282,0,1,1,17
2,0,1,1,15
60,1,1,1,7
3972,1,1,1,30
26452,1,1,2,15
818,0,0,1,16
9374,0,1,1,21
47,1,1,0,19
279,1,1,2,12
20,0,1,2,28
360,1,1,1,15
1532,1,1,1,22
1673,1,1,1,16
2420,1,1,1,19
100,0,0,0,27
0,1,1,0,20
1533,1,0,1,5
296,1,1,1,7
2788,0,1,0,6
109,0,1,0,27
485,1,1,1,26
125,1,1,2,29
616,1,1,1,27
3064,0,1,2,26
206,1,1,1,26
6900,1,1,1,21
-179,1,1,0,3
481,0,1,1,20
12,0,1,1,30
0,1,1,0,23
176,0,0,0,1
4086,1,1,0,20
257,0,1,0,16
53,0,1,1,7
6,0,1,1,29
562,1,1,1,21
-118,0,1,0,9
2805,0,1,1,14
565,0,1,0,6
0,0,1,1,21
1612,1,1,1,16
180,0,0,0,27
0,0,1,1,21
876,0,1,0,23
2137,1,1,2,8
260,0,1,2,31
-53,0,1,1,16
944,1,1,1,29
2394,1,1,1,14
297,0,1,1,14
2144,1,1,1,29
969,1,1,1,15
0,1,1,1,14
37,0,0,1,6
410,1,0,1,21
1211,0,1,1,18
71,1,1,1,22
436,0,1,1,17
559,0,1,0,15
1170,1,1,1,20
25,1,1,0,26
1325,1,1,0,11
0,1,1,1,21
647,0,0,1,4
2142,0,1,1,29
639,1,1,2,18
177,0,0,2,21
236,1,1,1,4
1959,0,1,0,30
96,1,1,2,4
0,1,1,0,19
250,0,1,0,29
126,1,1,1,22
1621,0,1,0,19
8,1,1,1,22
189,0,1,0,6
316,1,1,1,12
-282,0,1,1,20
-308,0,1,1,30
248,1,1,1,19
126,0,1,0,3
13,0,1,1,20
-393,0,0,1,16
358,0,1,1,7
917,1,1,0,9
1268,0,1,1,15
-163,0,0,1,8
473,0,1,1,11
4831,0,1,1,4
1063,0,1,1,31
0,0,1,1,12
424,0,0,0,14
802,1,1,2,3
430,0,1,1,25
3940,1,1,0,5
2880,1,1,0,12
1069,0,1,0,30
4382,0,1,2,18
0,1,1,1,11
3939,1,1,1,8
753,1,1,0,17
358,1,1,1,21
1141,0,1,1,12
1259,1,1,0,20
227,1,0,0,3
538,0,1,1,7
92,0,1,0,6
8023,1,1,1,25
2478,1,0,1,20
6844,1,1,1,14
440,0,1,1,3
800,1,0,1,9
914,1,1,0,5
638,1,1,1,14
159,1,1,1,28
483,0,1,1,12
94,1,1,1,10
1044,1,1,2,11
0,1,1,0,20
401,0,1,2,20
33,1,1,0,1
506,0,0,0,12
1881,1,1,1,19
344,0,1,0,3
0,0,1,0,12
3,0,1,1,28
221,0,1,1,14
36,1,1,1,13
969,0,1,1,13
760,1,1,0,20
220,1,1,1,26
10907,1,1,1,4
-148,0,1,1,11
415,0,1,0,2
1341,0,1,0,8
865,0,1,1,13
-566,0,1,0,26
210,0,0,0,20
1275,0,1,0,20
579,1,1,1,26
2934,1,1,1,8
6637,0,1,1,17
271,1,1,1,18
0,1,1,1,9
472,0,1,0,19
487,0,1,0,7
699,0,1,1,11
150,1,1,1,5
1130,0,1,1,17
584,0,1,0,16
3186,1,0,1,9
133,1,1,1,15
868,1,1,1,7
480,0,1,1,15
1883,0,1,0,5
606,1,1,1,20
603,0,1,1,17
548,1,1,2,31
-872,0,0,1,20
33,0,1,1,20
1689,0,1,0,29
902,1,1,0,9
0,0,0,0,13
260,1,1,1,19
589,0,1,1,2
626,0,1,1,11
0,1,0,1,16
78,0,1,0,27
3792,1,1,1,22
14058,1,1,2,17
-522,0,0,1,5
386,1,1,0,18
1978,1,1,1,9
459,1,1,1,14
2812,0,1,1,30
5057,1,0,1,19
-759,0,1,1,11
-416,0,1,0,16
2106,0,1,0,6
220,0,1,0,18
0,0,1,0,2
426,1,1,2,9
4717,1,1,2,6
395,0,1,0,6
0,0,1,1,21
-206,0,1,0,8
6,0,1,1,13
4039,1,0,1,25
687,0,1,1,9
-242,0,1,1,18
582,0,1,1,15
8218,0,1,1,31
1424,0,1,1,8
92,0,1,0,16
2085,1,1,1,9
197,1,1,1,30
2305,1,1,1,4
-547,0,1,0,3
411,1,1,1,21
584,0,1,1,18
997,0,0,1,21
83,0,1,1,30
6563,1,1,1,27
0,0,1,1,31
0,1,1,1,21
398,0,1,0,12
1145,0,1,1,2
2,0,1,1,11
201,0,1,1,19
563,1,1,0,19
3161,1,1,1,8
0,1,0,1,15
1331,1,1,1,23
2929,1,1,1,14
-220,0,0,1,25
5980,0,1,0,28
48,0,1,1,20
0,1,1,2,28
3382,1,0,1,28
2308,1,1,1,30
10,0,1,1,21
162,0,1,0,5
1073,0,1,1,5
1700,0,1,1,7
148,0,1,0,7
0,0,1,1,8
185,0,1,1,29
896,1,0,1,14
1279,0,1,1,6
199,0,0,1,3
99,1,1,1,9
378,0,1,0,16
15,1,1,1,20
147,0,0,1,29
2225,1,0,1,13
1810,0,1,1,25
-6,1,0,2,7
435,0,1,0,15
335,1,1,1,21
-251,1,1,1,18
5,0,0,1,29
641,0,1,1,17
0,0,1,1,21
722,1,1,2,23
3337,0,0,2,31
0,1,1,1,28
1504,0,1,0,29
35,1,1,1,3
895,0,0,0,4
752,0,1,1,11
1925,0,1,1,2
-246,0,1,0,7
901,0,0,0,16
894,1,1,1,5
592,0,0,0,27
3529,1,0,1,7
0,0,0,1,31
0,1,1,1,5
371,0,1,1,31
1,0,1,1,20
834,0,1,1,11
298,0,1,0,8
306,0,1,1,18
143,0,1,0,16
186,0,1,0,27
5597,1,1,0,20
1547,0,1,1,12
1852,1,1,0,8
1790,0,1,0,5
20,0,1,1,20
8652,0,1,0,24
1626,1,1,1,7
749,1,1,1,21
51,0,1,0,7
-1,1,1,1,22
-32,0,1,1,12
6850,1,1,2,5
333,1,0,2,12
-27,1,0,2,31
932,0,1,0,21
0,1,1,2,31
100,0,0,1,13
-626,0,1,1,9
9,1,1,1,26
653,1,1,0,6
3608,0,1,0,13
293,0,0,1,7
36,0,1,0,27
263,0,1,0,5
8366,1,1,1,7
2186,0,1,0,3
20453,0,1,2,4
105,1,0,0,17
440,0,1,0,5
519,1,1,2,16
19447,0,0,1,21
225,1,1,1,18
2548,0,1,1,11
0,1,1,1,21
2284,0,1,2,31
40,0,1,1,13
364,1,1,1,18
174,1,1,2,11
10888,0,1,1,5
0,0,0,1,17
225,1,1,1,19
2131,1,1,1,10
-20,1,0,1,21
36,1,1,1,29
2642,1,1,1,13
400,0,1,1,7
1214,1,1,1,3
-292,0,1,1,19
1415,0,1,0,2
213,0,1,0,16
2540,1,1,1,18
3232,1,1,2,15
296,1,1,1,16
42,1,1,1,25
697,1,1,1,24
13156,0,1,1,17
1490,1,1,1,8
150,1,1,1,21
0,1,1,0,5
4210,0,1,1,18
1012,0,1,1,12
16063,0,1,0,30
5431,0,0,0,6
317,0,1,0,16
4787,0,1,1,18
225,0,0,0,7
3854,0,1,0,20
92,0,1,1,7
-10,0,1,0,9
-617,0,1,0,2
195,1,1,0,5
1172,0,1,0,15
0,1,1,1,22
0,1,1,1,31
-94,0,1,1,14
609,1,1,2,28
4,1,0,1,28
1121,0,0,1,16
355,0,1,1,25
3653,0,0,1,21
1097,1,1,2,5
436,1,0,1,28
4795,0,1,1,17
266,1,1,1,11
3357,1,1,1,9
101,0,0,1,7
10910,0,1,1,15
1568,1,1,0,21
0,1,1,1,8
305,0,1,1,18
31,1,1,1,19
452,0,1,0,27
5,0,1,0,7
7929,1,1,1,8
39,0,1,1,21
267,1,1,0,9
4945,1,1,1,11
463,0,1,0,13
2116,0,1,1,13
59,0,1,1,24
131,0,1,0,12
107,1,1,1,14
-35,1,1,1,30
230,0,1,0,8
2679,0,1,1,7
493,1,1,1,16
256,0,1,1,4
-133,1,1,0,5
811,0,1,1,14
302,0,0,1,16
3529,0,1,1,4
75,0,0,0,19
999,0,1,1,20
7845,0,1,0,3
260,0,1,1,17
2048,0,1,1,18
1557,0,0,0,13
505,0,0,0,27
1536,1,1,1,4
0,1,1,1,8
439,0,1,1,2
44,1,1,0,11
295,0,1,1,5
190,0,0,0,8
3935,0,1,0,29
-17,0,0,1,11
175,0,1,1,29
4888,0,1,2,5
40,1,1,1,26
4460,1,1,2,31
98,1,0,0,19
330,1,1,2,2
13117,1,1,0,11
12877,1,1,0,17
1506,0,1,1,11
0,1,1,2,27
775,1,1,1,2
258,0,1,0,27
246,0,1,2,12
2146,0,1,1,7
304,0,1,0,12
360,0,1,0,26
3316,0,1,0,23
6880,1,1,1,8
2189,1,1,1,19
5304,0,1,1,20
102,0,1,1,21
181,0,1,1,17
3953,0,1,1,6
6969,0,1,0,20
572,1,1,1,16
223,0,1,1,17
-396,0,1,0,26
164,1,1,0,5
2678,1,0,1,18
920,0,1,1,21
4554,1,1,1,5
623,1,1,1,28
967,1,1,1,20
1577,0,1,1,19
1,0,1,2,28
0,1,1,1,28
1166,0,1,0,3
3534,1,1,1,21
200,0,1,0,30
4790,0,1,1,20
-237,0,1,2,10
1335,0,1,0,6
603,0,1,1,5
577,1,1,1,7
0,0,1,1,17
163,0,1,1,30
1158,0,1,1,16
642,1,1,1,31
466,0,1,1,29
119,0,1,1,4
3436,1,1,1,21
238,0,1,1,11
378,0,1,0,9
32,1,1,1,5
315,1,1,1,30
6945,1,1,1,5
3496,0,1,0,2
0,0,1,1,16
309,0,0,1,16
0,0,1,0,4
668,0,1,0,28
1175,0,1,2,18
363,1,1,1,28
38,1,1,1,20
1183,0,1,0,27
942,1,1,1,21
4196,0,1,1,12
297,0,1,1,26
-91,0,0,1,5
362,1,0,1,29
1080,0,0,1,13
620,0,1,0,26
-166,1,1,1,29
288,0,1,1,17
642,0,0,0,16
2506,1,1,1,30
566,0,1,0,20
668,0,1,0,15
1100,0,1,0,29
322,1,1,1,14
1205,0,1,1,20
473,0,1,1,7
-333,0,1,1,30
-3313,0,0,0,9
295,1,1,1,19
1137,1,1,1,6
1136,0,0,1,3
