0.176540,0.098915,0.275402,0.001145,0.003562,0.000000,0.002576,0.001876,0.001513
0.286003,0.001000,0.348455,0.678019,0.020173,0.583468,0.167172,1.000000,0.516036
0.618764,0.552404,0.001000,0.001000,0.103673,0.001000,0.364086,0.001000,0.001000
0.001000,1.000000,0.001000,0.001000,0.001000,1.000000,1.000000,0.001000,0.001000
0.404444,1.000000,1.000000,0.827786,0.001000,0.001000,0.001000,0.001000,1.000000
0.666124,0.485429,0.353319,0.192234,0.001000,0.001000,0.001000,0.001000,0.207837
0.156499,0.001000,0.785507,0.001000,0.595303,1.000000,1.000000,0.210790,0.001000
0.001000,0.001000,0.079365,0.001000,0.001000,1.000000,0.001000,0.521566,0.001000
0.028918,0.640047,0.001000,0.524596,0.001000,0.638479,0.000125,0.293160,0.001000
0.001000,0.433439,1.000000,1.000000,0.001000,0.028864,0.104524,0.001000,0.855089
0.001000,0.001000,0.001000,0.001000,0.001000,0.897101,1.000000,0.001000,0.609037
0.001000,0.575992,0.760096,0.754570,0.001000,0.001000,0.001000,1.000000,0.001000
0.001000,0.001000,1.000000,0.001000,0.970859,0.001000,0.154630,1.000000,0.001000
0.344709,0.254079,0.054318,0.945398,0.312843,0.001000,0.858535,0.453145,0.001000
0.001000,0.448665,1.000000,0.001000,0.001000,0.001000,0.177898,0.001000,1.000000
0.725259,0.001000,1.000000,0.001000,0.001000,0.001000,1.000000,0.001000,1.000000
0.996813,0.001000,0.001000,0.001000,0.021179,0.037274,0.910407,0.240789,1.000000
0.926879,0.566044,0.001000,0.130722,0.001000,1.000000,1.000000,0.001000,0.259384
0.001000,0.001000,1.000000,0.049252,0.559395,0.001000,0.001000,0.379561,0.318545
0.188867,1.000000,1.000000,0.001000,0.295531,0.225237,0.251690,0.001000,0.001000
0.560081,0.001000,0.833881,0.662174,0.001000,0.001000,0.001000,0.001000,0.768231
0.001000,0.684603,0.089278,0.001000,0.001000,1.000000,0.432054,0.643651,0.123994
0.001000,0.001000,0.001000,0.106945,0.001000,0.001000,0.101153,0.030782,0.042462
1.000000,0.001000,1.000000,0.390201,1.000000,0.541377,0.307303,0.902703,0.682807
0.001000,0.001000,0.498204,0.001000,0.001000,0.001000,0.346260,0.622066,0.799869
1.000000,0.576165,0.678883,0.607205,0.706265,0.001000,0.001000,0.001000,0.795381
1.000000,0.001000,0.001000,0.001000,0.634438,0.001000,0.001000,0.001000,0.001000
0.001000,0.198416,1.000000,0.001000,0.455948,0.001000,0.001000,0.216356,0.001000
0.961884,0.001000,1.000000,0.181539,0.001000,0.961792,0.001000,0.001000,0.001000
0.652208,1.000000,0.001000,0.001000,1.000000,0.580540,0.001000,0.001000,0.868838
0.001000,0.001000,0.227994,0.921631,0.539361,1.000000,0.066418,0.787897,0.001000
0.001000,0.001000,0.759207,0.001000,0.001000,0.001000,0.199339,0.831656,0.001000
1.000000,0.001000,0.001000,0.309225,1.000000,0.547567,1.000000,0.001000,0.001000
1.000000,0.001000,0.823970,0.001000,1.000000,0.001000,0.426822,0.001000,0.001000
0.001000,0.001000,0.183632,0.001000,0.016581,0.252683,0.001000,0.001000,0.001000
1.000000,0.001000,0.001000,1.000000,0.001000,0.850390,0.001000,0.001000,0.332190
0.001000,0.001000,0.001000,1.000000,0.792412,0.732795,0.398045,0.221916,0.001000
1.000000,0.160682,0.716875,0.001000,0.001000,0.001000,0.600070,0.001000,0.648365
0.232804,0.637650,1.000000,0.001000,0.001000,1.000000,0.416437,0.155353,1.000000
0.001000,0.001000,0.280799,0.001000,0.001000,1.000000,1.000000,0.001000,1.000000
0.001000,1.000000,0.583327,0.001000,0.001000,0.001000,0.001000,1.000000,1.000000
0.001000,1.000000,0.609721,1.000000,0.001000,0.001000,0.001000,0.001000,0.001000
0.001000,0.001000,0.001000,1.000000,0.028081,0.277367,0.001000,0.001000,0.001000
1.000000,0.235392,0.432128,1.000000,0.480377,0.001000,1.000000,0.721124,0.001000
1.000000,0.692292,0.001000,0.001000,0.001000,0.152304,0.129683,0.090183,0.001000
0.001000,0.001000,1.000000,0.612237,1.000000,1.000000,0.381592,0.001000,0.318679
1.000000,0.001000,0.405076,0.001000,0.438032,0.001000,1.000000,0.001000,0.001000
1.000000,0.593558,0.573475,0.660837,1.000000,0.001000,0.001000,1.000000,0.856963
0.428189,0.001000,0.001000,0.001000,0.026729,0.001000,1.000000,0.001000,0.001000
0.001000,0.001000,1.000000,0.001000,0.079406,0.350797,0.001000,0.001000,0.264341
0.001000,0.271342,1.000000,0.487292,0.001000,0.001000,1.000000,0.001000,0.029602
0.001000,0.710600,0.176206,0.540281,1.000000,0.001000,0.001000,0.001000,0.830491
0.710830,1.000000,0.288904,0.101215,0.009291,0.001000,0.001000,0.001000,0.001000
1.000000,0.585253,0.944057,0.194452,0.001000,0.560263,0.239151,0.001000,0.325251
1.000000,0.001000,0.534007,0.001000,0.858988,1.000000,0.908177,0.472883,0.001000
0.001000,1.000000,0.867952,0.001000,0.792867,1.000000,1.000000,1.000000,0.001000
0.001000,0.356406,0.314948,0.584763,0.613514,0.001000,0.001000,0.001000,0.538629
1.000000,0.001000,0.001000,0.001000,0.001000,1.000000,0.001000,0.836120,1.000000
0.778321,0.610303,1.000000,0.474040,0.001000,1.000000,0.693027,0.391924,0.010989
1.000000,0.390289,0.960844,0.991997,0.012941,0.127914,0.001000,0.594572,0.907178
0.031711,0.001000,0.293426,1.000000,0.001000,0.286510,0.069177,1.000000,0.001000
0.126958,1.000000,0.001000,0.529816,0.856305,0.147073,0.001000,1.000000,0.001000
0.001000,0.181618,0.001000,1.000000,0.767559,0.190143,1.000000,0.624801,1.000000
0.698264,0.001000,0.001000,0.001000,1.000000,0.001000,0.001000,0.001000,0.707045
0.035654,0.742086,0.946017,0.252154,0.001000,0.834254,1.000000,1.000000,0.172738
0.001000,0.328753,0.001000,0.367479,1.000000,1.000000,1.000000,0.001000,1.000000
0.758528,1.000000,0.860301,0.001000,0.616012,0.062488,0.001000,0.838143,0.001000
0.083007,0.520108,0.001000,0.246299,0.001000,0.001000,0.001000,0.001000,0.570205
0.001000,0.001000,0.001000,0.103156,0.001000,0.001000,1.000000,0.958360,0.001000
0.104217,0.001000,0.001000,0.001000,0.001000,0.809732,0.973587,1.000000,0.001000
0.815582,0.001000,0.001000,1.000000,0.001000,0.653293,0.001000,0.001000,0.837906
0.001000,0.001000,0.612238,0.056138,0.282828,0.001000,1.000000,0.001000,0.568609
0.596333,0.085952,0.253478,1.000000,1.000000,0.001000,0.657969,0.001000,0.496390
0.420378,0.001000,0.831023,0.001000,0.001000,0.001000,0.644433,0.001000,1.000000
0.001000,0.551156,0.001000,0.001000,0.001000,0.001000,1.000000,1.000000,0.001000
1.000000,0.001000,0.001000,1.000000,0.030598,0.864584,1.000000,0.001000,0.001000
1.000000,0.814065,0.545080,0.001000,0.001000,0.744751,0.001000,0.001000,1.000000
0.599233,0.001000,1.000000,0.001000,0.001000,0.001000,0.001000,0.408935,0.603550
0.001000,0.001000,0.353273,0.001000,0.001000,0.094117,0.001000,0.043841,0.470848
0.001000,1.000000,0.302041,0.001000,0.215376,0.001000,0.001000,0.520463,1.000000
1.000000,0.001000,0.001000,0.694826,0.001000,0.898401,1.000000,0.566263,1.000000
1.000000,0.001000,0.378977,0.436134,0.001000,0.280939,0.160570,0.001000,0.583010
0.001000,0.001000,1.000000,0.468905,0.003508,0.171522,0.001000,1.000000,0.001000
0.651331,0.646594,0.098678,0.270765,0.674322,1.000000,0.680878,0.856251,1.000000
1.000000,0.001000,1.000000,0.001000,1.000000,0.272927,0.489479,0.001000,0.521816
1.000000,0.001000,1.000000,1.000000,0.602867,0.561747,0.001000,0.008198,0.028161
0.001000,0.001000,0.360594,0.001000,0.001000,1.000000,1.000000,1.000000,0.001000
1.000000,0.388947,0.286833,0.202031,0.001000,0.001000,0.384481,0.001000,0.001000
0.001000,0.001000,0.621576,0.713004,0.989744,0.655454,0.001000,0.002641,0.001000
0.059963,1.000000,1.000000,0.575641,0.946985,0.001000,1.000000,0.001000,0.001000
0.092648,0.001000,0.001000,1.000000,0.001000,0.650808,0.001000,0.001000,0.695217
0.384160,0.076262,0.001000,0.001000,0.001000,0.001000,0.001000,0.001000,0.662726
0.001000,0.618398,1.000000,0.001000,0.001000,1.000000,0.001000,0.001000,0.001000
1.000000,0.662269,0.001000,0.001000,0.001000,0.001000,0.001000,0.495103,0.481846
0.261407,0.197916,0.001000,0.205253,0.001000,0.001000,0.247283,1.000000,0.857839
1.000000,0.031492,1.000000,0.806510,0.001000,0.927275,0.001000,0.845660,0.236260
0.620701,0.001000,0.161617,0.001000,0.451720,0.001000,0.001000,0.001000,0.737369
0.169064,0.001000,0.001000,0.008718,0.963309,1.000000,0.140677,0.001000,0.001000
1.000000,1.000000,0.961167,0.001000,0.681256,0.001000,1.000000,1.000000,0.001000
1.000000,0.884539,0.528922,0.001000,1.000000,0.001000,0.571231,0.224451,0.623265
0.436300,0.001000,1.000000,0.001000,1.000000,0.516484,0.001000,0.698116,0.182462
1.000000,0.640321,0.001000,0.001000,0.001000,0.186008,0.001000,0.001000,1.000000
0.001000,0.533027,0.001000,0.831914,0.001000,0.001000,1.000000,0.001000,0.900235
0.001000,0.001000,0.841133,0.001000,0.001000,0.697020,0.326027,1.000000,0.001000
0.001000,0.001000,0.001000,0.001000,0.737524,0.739342,0.001000,0.001000,0.001000
0.490692,1.000000,0.826369,0.499597,0.001000,1.000000,1.000000,0.242117,0.405738
1.000000,0.001000,0.001000,0.906766,0.117953,0.001000,0.259648,0.001000,1.000000
1.000000,0.001000,0.268656,0.630136,0.001000,1.000000,0.001000,1.000000,0.001000
0.001000,0.001000,1.000000,1.000000,0.001000,0.229164,0.001000,0.562293,1.000000
0.001000,1.000000,0.001000,0.001000,0.001000,0.001000,1.000000,1.000000,0.001000
1.000000,0.575486,0.001000,1.000000,0.247908,0.001000,0.001000,0.388627,1.000000
0.001000,0.001000,0.546608,1.000000,0.001000,0.001000,0.001000,0.001000,0.001000
0.993767,0.001000,0.001000,0.001000,0.001000,0.001000,0.844139,0.001000,0.748848
0.183116,0.001000,0.001000,0.001000,1.000000,0.001000,0.001000,0.001000,0.001000
0.001000,0.001000,0.564835,0.001000,0.321003,0.001000,0.094780,0.001000,0.001000
0.001000,1.000000,0.001000,0.587753,0.001000,0.001000,0.001000,1.000000,0.001000
0.952587,0.527878,0.001000,0.476088,0.933564,0.001000,0.001000,1.000000,0.506659
0.160638,0.001000,0.001000,0.001000,0.001000,0.001000,0.001000,0.001000,0.001000
0.548909,0.001000,1.000000,0.542897,0.001000,0.468919,0.001000,1.000000,1.000000
0.463277,1.000000,1.000000,0.001000,0.639057,1.000000,0.001000,0.001000,1.000000
0.001000,1.000000,1.000000,0.263095,0.568078,0.890542,1.000000,0.455615,0.092713
0.001000,0.001000,0.269683,0.102514,0.741808,0.330660,0.001000,0.001000,0.001000
0.113682,1.000000,0.213110,1.000000,0.001000,0.001000,0.001000,0.001000,0.001000
0.001000,0.001000,0.470417,1.000000,0.345085,0.001000,0.001000,0.001000,0.001000
0.001000,0.777175,0.030928,1.000000,0.368272,0.001000,0.185811,1.000000,0.001000
0.903305,0.015711,0.871212,0.001000,1.000000,0.065770,0.001000,0.001000,0.249389
0.001000,0.001000,0.001000,1.000000,1.000000,1.000000,0.001000,0.001000,0.756350
0.001000,0.946279,0.304797,0.001000,0.001000,0.001000,0.001000,0.001000,0.001000
0.001000,1.000000,1.000000,0.001000,0.500012,0.001000,0.001000,0.004072,0.001000
0.001000,0.082269,0.452848,0.001000,0.291604,0.475707,0.001000,0.001000,0.001000
0.001000,0.001000,0.053731,0.350822,0.001000,0.392995,0.001000,0.001000,0.380595
0.215278,1.000000,0.878289,1.000000,0.851930,0.001000,0.001000,0.690710,1.000000
0.001000,0.001000,0.001000,1.000000,0.380630,0.001000,0.342938,0.001000,0.245682
1.000000,0.164668,1.000000,0.001000,1.000000,0.001000,0.001000,0.001000,0.001000
0.530026,0.533738,0.205572,0.001000,0.253993,0.326733,0.819809,0.815760,0.677678
0.001000,0.857502,0.292835,1.000000,1.000000,0.001000,0.001000,0.001000,0.217924
0.001000,1.000000,0.001000,0.001000,0.001000,0.001000,0.974820,1.000000,1.000000
0.105011,0.001000,0.771419,0.001000,0.502672,0.001000,1.000000,1.000000,0.001000
0.807186,0.001000,0.255570,0.001000,1.000000,0.531802,0.001000,1.000000,1.000000
1.000000,0.001000,0.001000,0.001000,0.001000,0.001000,0.001000,0.001000,0.001000
0.504364,0.120596,1.000000,0.001000,0.512898,0.001000,0.001000,0.338827,1.000000
1.000000,0.001000,0.390851,0.001000,1.000000,0.001000,0.001000,0.001000,0.247230
0.001000,0.001000,0.207424,0.001000,1.000000,0.512318,0.695930,0.001000,1.000000
0.001000,1.000000,0.031038,1.000000,0.001000,0.001000,0.001000,1.000000,0.001000
0.001000,0.001000,0.001000,1.000000,0.001000,1.000000,1.000000,0.062153,0.001000
0.456387,0.001000,0.068798,1.000000,0.001000,1.000000,0.692120,1.000000,0.173235
1.000000,1.000000,0.059363,1.000000,0.371447,0.180835,0.001000,0.001000,1.000000
0.989315,0.001000,0.313869,1.000000,0.243603,0.001000,0.001000,0.001000,0.001000
0.001000,1.000000,0.001000,0.633784,1.000000,1.000000,1.000000,0.619037,0.001000
1.000000,0.732032,1.000000,0.739505,0.001000,0.001000,0.001000,0.001000,0.001000
0.001000,0.001000,1.000000,0.001000,1.000000,0.001000,0.001000,0.001000,0.001000
1.000000,1.000000,0.970445,1.000000,1.000000,0.001000,0.001000,0.556307,0.887744
1.000000,0.001000,0.001000,0.139981,0.165031,1.000000,0.001000,0.001000,0.001000
0.001000,0.001000,0.912012,1.000000,0.001000,0.001000,0.001000,1.000000,0.377802
0.536029,0.770778,1.000000,0.001000,0.001000,0.168665,0.001000,0.445884,0.001000
0.001000,0.001000,1.000000,0.917817,0.001000,0.337706,0.001000,0.001000,0.394639
0.763542,0.035212,0.001000,0.417590,0.001000,1.000000,0.261506,0.001000,0.001000
0.415513,1.000000,0.375581,0.001000,0.001000,0.001000,0.001000,0.001000,0.001000
1.000000,1.000000,1.000000,0.545566,0.659138,0.707290,0.001000,1.000000,0.001000
0.260994,0.822198,0.001000,0.001000,1.000000,0.001000,0.001000,0.001000,0.001000
1.000000,0.001000,1.000000,0.001000,0.001000,1.000000,0.001000,0.001000,0.001000
1.000000,1.000000,0.679206,0.714926,0.001000,0.493005,1.000000,0.087936,1.000000
0.001000,0.988494,0.001000,0.001000,1.000000,0.936876,0.001000,0.940757,0.324641
0.001000,0.001000,0.289997,0.001000,0.001000,1.000000,0.001000,0.001000,0.001000
1.000000,1.000000,0.471034,0.001000,0.001000,0.001000,0.001000,0.001000,0.812118
0.278808,0.001000,0.001000,0.001000,0.001000,0.795346,0.145528,0.531985,0.826567
0.001000,0.073757,0.552614,0.174473,0.001000,0.201276,0.001000,0.215643,0.835598
0.001000,0.949893,1.000000,1.000000,0.001000,1.000000,0.579542,0.458634,0.474150
0.001000,0.001000,1.000000,0.265885,0.186379,0.001000,0.976850,0.935567,0.576286
0.001000,0.001000,0.001000,0.001000,0.001000,1.000000,0.001000,0.850150,0.592529
0.001000,0.529935,0.669886,0.001000,1.000000,0.001000,0.001000,1.000000,0.001000
0.392898,0.983537,0.290907,0.241852,0.828040,0.001000,0.001000,0.687619,0.001000
0.001000,0.001000,0.001000,0.499545,0.001000,0.001000,1.000000,0.201440,0.042649
0.001000,0.099259,0.261665,0.001000,0.001000,0.001000,0.001000,0.001000,0.001000
0.408189,1.000000,0.189847,0.001000,0.362680,1.000000,0.001000,1.000000,0.001000
0.937776,0.349156,0.001000,0.171314,1.000000,0.193381,0.738445,0.001000,0.139115
0.001000,0.112249,0.074773,0.001000,1.000000,0.222997,0.001000,1.000000,0.533993
0.001000,0.869327,0.201112,0.639343,0.015126,1.000000,0.001000,1.000000,0.001000
0.001000,1.000000,0.001000,0.467824,1.000000,0.015570,0.001000,0.001000,0.797747
0.001000,1.000000,0.295178,0.001000,0.209262,0.424177,0.893901,0.295676,0.001000
0.928096,0.001000,1.000000,0.001000,1.000000,1.000000,0.327810,0.001000,0.001000
0.006427,1.000000,0.001000,0.001000,1.000000,0.334586,0.066331,0.001000,0.044338
0.001000,0.022246,1.000000,0.777189,0.001000,0.213563,0.001000,0.001000,0.001000
1.000000,0.060950,0.001000,0.398745,0.945434,0.307510,0.001000,0.001000,0.001000
0.379731,0.001000,0.001000,0.001000,1.000000,0.001000,0.345457,0.001000,0.313144
0.405289,0.970750,1.000000,0.001000,0.919707,0.703719,0.271862,0.087725,0.001000
1.000000,0.305336,0.001000,1.000000,0.268427,0.001000,1.000000,1.000000,0.001000
0.001000,1.000000,0.066454,0.001000,0.162993,0.001000,1.000000,1.000000,0.001000
1.000000,0.225110,0.001000,0.001000,0.001000,0.001000,0.011108,1.000000,0.808872
0.410902,0.001000,0.160687,1.000000,0.062146,1.000000,0.795586,1.000000,0.001000
0.043555,0.229066,1.000000,0.001000,0.001000,0.001000,0.001000,0.001000,0.676711
0.001000,0.011405,0.001000,0.001000,0.001000,1.000000,0.001000,0.001000,0.001000
0.001000,0.001897,0.158293,0.651501,1.000000,0.001000,1.000000,0.001000,0.001000
1.000000,0.001000,0.465536,0.190584,0.362727,0.335685,1.000000,1.000000,0.318766
0.619966,0.001000,0.054672,1.000000,0.001000,1.000000,1.000000,0.001000,0.001000
0.114217,0.001000,0.547602,0.001000,0.001000,0.480396,0.034067,0.001000,0.112473
0.496522,0.627334,0.001000,0.001000,0.714905,0.001000,0.001000,0.383979,0.032125
0.001000,1.000000,0.917687,0.836121,0.336178,0.001000,0.001000,1.000000,0.292735
0.001000,0.001000,1.000000,0.188241,0.001000,1.000000,0.001000,1.000000,0.001000
1.000000,1.000000,0.751201,0.466229,0.001000,0.001000,0.001000,0.106390,0.001000
0.236392,0.001000,0.001000,1.000000,0.001000,0.001000,0.001000,0.001000,0.207787
1.000000,0.199859,0.001000,1.000000,1.000000,0.905227,0.295777,0.001000,0.603715
0.243620,0.139457,0.583282,0.001000,1.000000,1.000000,0.001000,0.001000,0.001000
0.001000,0.899155,0.137678,0.001000,0.001000,0.736544,0.290566,0.368921,0.001000
0.001000,0.001000,0.353149,0.001000,0.001000,0.001000,0.559246,0.003619,0.001000
1.000000,0.001000,0.372235,1.000000,0.782437,0.111976,1.000000,0.001000,0.001000
0.291113,0.440104,1.000000,1.000000,0.001000,0.001000,0.232150,0.349223,0.751152
0.001000,0.001000,0.001000,0.001000,0.001000,0.649689,0.001000,0.001000,0.217331
0.190651,0.742674,0.460038,0.001000,0.001000,1.000000,1.000000,1.000000,0.207543
0.691591,1.000000,0.001000,1.000000,0.374217,1.000000,0.001000,0.001000,0.926166
1.000000,0.279600,0.001000,0.001000,0.992749,0.001000,0.141747,0.615892,0.001000
0.877519,0.001000,1.000000,0.001000,0.115370,1.000000,0.001000,0.001000,0.001000
1.000000,0.001000,0.001000,0.001000,0.001000,0.293489,0.001000,0.748958,0.001000
0.001000,1.000000,0.001000,0.001000,0.001000,0.157321,1.000000,0.001000,1.000000
0.001000,1.000000,0.976088,1.000000,0.001000,0.001000,0.001000,0.001000,0.673172
1.000000,0.001000,0.001000,0.660269,0.479390,0.546911,0.001000,0.001000,1.000000
0.001000,0.001000,0.001000,0.001000,0.001000,0.001000,0.001000,1.000000,0.779485
0.458361,0.248782,0.304645,1.000000,0.001000,1.000000,0.001000,1.000000,0.001000
0.812268,0.090796,1.000000,1.000000,0.001000,0.001000,0.001000,1.000000,1.000000
1.000000,0.001000,1.000000,1.000000,0.382271,0.001000,0.303299,0.001000,1.000000
1.000000,1.000000,0.001000,0.277530,0.001000,0.001000,0.001000,0.001000,0.976035
0.683768,0.379887,0.001000,1.000000,0.001000,0.368904,0.001000,0.001000,0.001000
0.001000,0.001000,0.001000,0.001000,0.001000,0.001000,0.416093,0.001000,0.001000
0.001000,0.001000,0.781032,0.589120,0.505884,0.001000,0.001000,0.034282,0.001000
0.556020,0.001000,1.000000,0.001000,0.001000,1.000000,0.001000,0.876018,0.419344
0.197619,0.001000,0.680464,0.001000,0.794543,0.001000,1.000000,0.001000,0.001000
0.185568,0.001000,1.000000,0.507435,0.792570,0.001000,0.411773,0.347494,0.001000
0.373418,0.001000,0.001000,1.000000,0.001000,1.000000,0.477307,0.279633,0.001000
0.001000,0.001000,0.556534,0.001000,0.119967,0.001000,0.054571,0.001000,0.991199
0.001000,0.927887,0.318726,0.001000,0.001000,0.001000,0.001000,0.001000,0.001000
0.102886,1.000000,0.241224,0.001000,0.998765,0.466130,0.001000,0.150271,0.001000
0.055957,0.041276,0.550281,0.116065,0.001000,1.000000,1.000000,0.001000,0.965738
0.001000,0.939861,0.001000,0.858313,0.001000,0.517859,0.001000,0.568045,0.001000
1.000000,0.242160,0.001000,0.186769,0.354027,0.001000,1.000000,0.001000,0.001000
0.001000,0.001000,0.001000,1.000000,0.392511,0.943518,0.001000,0.584041,0.001000
0.167926,0.042931,0.001000,1.000000,0.528286,0.001000,1.000000,0.001000,0.001000
0.404521,1.000000,0.001000,0.001000,0.001000,0.001000,0.001000,0.801797,0.010932
0.001000,0.001000,0.710632,0.001000,0.502780,1.000000,0.001000,0.001000,0.001000
0.633362,1.000000,1.000000,0.001000,0.582441,0.001000,0.001000,1.000000,0.001000
0.836620,0.001000,0.695574,1.000000,1.000000,0.986904,0.484495,0.001000,0.001000
0.646733,0.234812,0.270262,0.001000,0.001000,0.001000,0.437223,1.000000,1.000000
0.140716,0.074480,1.000000,0.001000,0.001000,0.497562,0.479581,1.000000,0.744203
0.001000,1.000000,0.028986,0.099186,0.001000,1.000000,0.265012,0.767012,0.001000
1.000000,1.000000,0.250375,0.001000,0.001000,0.001000,0.906147,1.000000,0.161337
1.000000,0.295096,0.001000,0.001000,0.001000,1.000000,0.001000,0.001000,0.001000
1.000000,0.001000,0.001000,0.001000,1.000000,0.001000,0.945393,0.837045,0.001000
1.000000,0.001000,0.930241,0.001000,0.001000,0.001000,0.150363,0.001000,0.001000
0.001000,0.346996,0.496120,1.000000,0.028331,0.001000,0.001000,0.001000,1.000000
0.001000,0.475573,1.000000,0.001000,0.302138,0.079242,0.154448,0.243877,0.672917
1.000000,0.001000,0.115376,1.000000,0.001000,0.002109,1.000000,0.001000,0.442441
0.001000,1.000000,0.332563,0.499587,0.430655,0.831794,0.001000,1.000000,0.001000
1.000000,1.000000,0.001000,0.001000,0.722972,1.000000,1.000000,0.001000,0.395149
0.001000,0.127029,0.001000,1.000000,1.000000,0.001000,0.001000,0.001000,1.000000
0.423153,0.210987,0.001000,0.001000,0.001000,0.001000,0.001000,0.001000,0.001000
0.793141,1.000000,0.001000,0.001000,0.053420,1.000000,0.001000,0.001000,0.001000
0.001000,0.598719,0.001000,0.001000,1.000000,0.989294,0.527319,1.000000,0.583457
1.000000,1.000000,0.001000,0.669710,0.001000,0.001000,0.135850,0.001000,0.001000
0.001000,0.001000,0.001000,0.001000,1.000000,0.001000,1.000000,1.000000,0.008702
1.000000,0.934745,1.000000,1.000000,0.001000,0.173579,0.292132,0.001000,0.001000
0.237948,0.558505,0.001000,0.001000,0.142756,0.768526,0.617619,0.001000,0.001000
0.664052,1.000000,0.001000,0.387493,0.171125,1.000000,0.001000,0.744456,0.001000
0.001000,0.001000,1.000000,0.001000,1.000000,0.001000,0.231397,0.001000,0.001000
0.087850,1.000000,0.415877,0.406667,0.001000,0.001000,0.001000,0.089291,1.000000
0.001000,0.001000,1.000000,0.001000,0.001000,0.903635,1.000000,0.001000,0.555095
0.001000,0.001000,0.298095,0.478546,0.001000,0.755301,1.000000,0.001000,1.000000
1.000000,0.837926,0.001000,1.000000,0.033267,0.001000,0.834296,1.000000,0.066556
0.401177,0.001000,0.001000,0.001000,0.001000,0.001000,0.001000,0.605783,0.001000
0.001000,0.001000,0.300049,0.001000,0.721098,0.001000,0.275504,0.001000,0.001000
1.000000,1.000000,1.000000,1.000000,0.001000,0.001000,0.001000,0.774726,0.809196
0.001000,1.000000,1.000000,1.000000,0.038346,0.001000,0.342678,0.001000,1.000000
0.600198,0.001000,0.001000,0.001000,0.001000,0.001000,0.001000,0.001000,0.128126
0.810253,0.081653,0.254636,0.592995,0.001000,0.546216,0.001000,0.301651,0.001000
1.000000,1.000000,0.001000,1.000000,0.246239,0.001000,0.001000,1.000000,0.046983
0.001000,0.001000,0.001000,0.001000,1.000000,0.001000,0.001000,0.001000,0.001000
0.202500,0.001000,1.000000,0.001000,0.832213,0.687954,1.000000,0.001000,0.400144
0.001000,0.001000,0.001000,0.001000,0.244102,1.000000,1.000000,0.795051,1.000000
1.000000,0.001000,1.000000,0.548126,0.001000,0.324601,0.001000,0.519281,1.000000
0.517060,0.046838,0.656872,0.001000,0.262934,0.001000,0.001000,1.000000,0.829019
0.001000,0.001000,0.801399,0.001000,0.001000,0.001000,0.113102,0.867080,1.000000
1.000000,0.001000,0.001000,0.843287,0.553488,1.000000,0.386747,0.994917,0.001000
0.001000,0.001000,0.001000,0.001000,0.959278,0.602703,0.469731,1.000000,0.001000
0.432280,1.000000,0.001000,0.001000,0.001000,0.001000,0.001000,0.875612,0.001000
1.000000,0.001000,1.000000,0.739620,0.730514,0.001000,0.001000,0.001000,1.000000
1.000000,0.001000,1.000000,0.236610,0.054525,0.001000,1.000000,1.000000,0.045403
0.001000,0.136258,0.316854,0.001000,0.001000,0.046492,1.000000,0.429153,0.001000
0.557545,1.000000,1.000000,0.001000,1.000000,1.000000,0.863083,0.001000,0.344415
0.001000,0.001000,1.000000,1.000000,0.785770,0.021739,0.873796,0.001000,0.347072
0.313465,0.500950,0.362317,0.001000,0.001000,0.001000,0.447447,0.553305,0.001000
0.295571,0.001000,0.717640,0.001000,0.142799,0.001000,0.001000,0.001000,0.080295
0.076144,0.001000,0.001000,1.000000,0.001000,0.001000,0.713391,0.001000,0.001000
0.001000,0.665122,0.001000,0.001000,0.001000,0.321396,0.120483,0.001000,0.913583
1.000000,0.199541,0.001000,1.000000,0.028687,1.000000,0.448201,0.001000,0.001000
0.312919,1.000000,0.001000,0.001000,0.807534,0.874209,0.001000,0.001000,0.532956
1.000000,0.001000,0.748681,0.001000,0.461240,0.001000,0.525992,0.721039,0.970269
0.498772,0.001000,0.001000,0.001000,1.000000,0.001000,0.305239,0.001000,0.200017
0.001000,1.000000,0.001000,0.525726,1.000000,1.000000,0.001000,0.001000,0.001000
1.000000,0.001000,0.430488,0.001000,1.000000,1.000000,0.001000,0.001000,1.000000
0.001000,0.001000,0.001000,1.000000,1.000000,0.001000,1.000000,1.000000,0.001000
0.001000,1.000000,0.400866,0.746365,0.955580,0.001000,0.019061,0.512942,1.000000
0.001000,0.660524,1.000000,0.396312,0.001000,0.676827,0.001000,0.001000,0.001000
0.001000,0.661273,0.001000,0.001000,0.001000,0.001000,0.001000,0.001000,0.001000
1.000000,0.001000,0.665038,0.001000,0.506565,0.001000,0.001000,0.001000,0.089595
0.001000,1.000000,0.154697,0.001000,1.000000,0.001000,0.413646,1.000000,0.001000
0.749255,0.692799,0.715734,0.001000,0.679607,0.001000,0.001000,0.001000,0.001000
0.111223,0.001000,1.000000,0.001000,0.001000,0.001000,0.069283,0.001000,0.001000
0.754167,0.553625,0.107750,0.001000,0.001000,0.480761,0.001000,0.001000,0.001000
0.624725,0.025447,0.001000,0.001000,0.352271,0.001000,0.383855,0.001000,0.134989
0.426606,0.001000,0.001000,0.318289,0.001000,1.000000,0.001000,0.538418,1.000000
0.001000,0.313106,0.001000,1.000000,0.369279,1.000000,0.762263,0.468464,0.001000
1.000000,0.065976,0.001000,0.001000,0.001000,0.045778,0.001000,0.001000,0.001000
0.001000,1.000000,0.211205,0.001000,0.760322,0.688143,0.001000,0.129113,1.000000
0.001000,0.757530,0.647178,0.001000,0.130160,0.826018,0.001000,0.686937,1.000000
0.557791,0.373598,0.708735,0.001000,0.787179,0.620779,0.515183,1.000000,0.231824
0.819278,0.001000,0.001000,1.000000,0.401415,0.646198,0.001000,1.000000,1.000000
0.001000,0.001000,0.753685,1.000000,0.414089,0.001000,1.000000,0.002692,0.120189
0.001000,0.470699,0.028451,0.001000,0.107115,0.985680,0.001000,0.001000,1.000000
0.001000,0.777192,0.098301,0.001000,0.001000,0.237297,0.836673,1.000000,0.001000
0.001000,0.001000,0.001000,0.001000,1.000000,0.001000,0.298590,0.001000,0.001000
0.001000,0.001000,0.918484,0.001000,0.678398,0.001000,0.001000,0.001000,0.001000
0.001000,0.649028,0.261011,0.001000,0.001000,0.001000,0.001000,0.001000,0.001000
1.000000,0.441002,1.000000,0.629019,0.948265,0.809428,0.359974,0.001000,0.001000
0.001000,0.101204,0.511156,0.001000,0.001000,0.461463,0.066642,0.712312,0.346437
0.001000,1.000000,0.775431,0.001000,0.001000,1.000000,0.001000,0.001000,0.001000
0.001000,1.000000,0.001000,0.001000,0.223219,0.001000,0.001000,0.296984,1.000000
0.001000,0.001000,1.000000,1.000000,0.552565,0.001000,0.001000,0.944188,0.001000
0.001000,0.463987,1.000000,0.001000,0.794245,0.001000,0.001000,0.057559,0.001000
0.432498,0.001000,0.001000,0.972639,0.922654,0.001000,1.000000,0.001000,1.000000
0.453667,0.513672,1.000000,0.001000,0.001000,0.847201,0.001000,0.001000,0.001000
0.483343,1.000000,0.001000,0.001000,0.001000,0.152807,0.001000,0.877332,0.001000
0.459817,0.995320,0.001000,0.001000,0.001000,0.001000,0.372849,0.001000,0.001000
0.001000,0.804606,0.269647,0.430563,1.000000,0.001000,0.687752,0.001000,0.540384
1.000000,0.001000,0.001000,0.047935,0.151409,0.101672,0.001000,0.001000,0.013273
0.347476,0.001000,0.473222,0.312499,0.133628,1.000000,0.140074,0.001000,0.905455
0.001000,0.644875,0.587462,0.001000,0.001000,0.001000,0.323960,1.000000,0.388405
1.000000,0.110155,0.001000,0.454798,0.001000,0.936145,0.212917,0.258593,0.589187
0.001000,0.001000,1.000000,0.519641,0.001000,0.108203,0.924081,0.001000,0.001000
1.000000,0.173238,0.001000,0.641982,0.001000,0.001000,0.001000,0.001000,0.480180
0.747047,0.001000,0.195024,0.001000,1.000000,0.068437,0.001000,0.196674,0.437313
0.001000,0.228510,0.001000,0.001000,0.088068,0.683955,1.000000,0.091345,0.001000
0.276161,0.001000,0.424144,0.001000,0.638478,0.001000,0.764081,0.001000,1.000000
0.001000,0.001000,0.001000,0.001000,0.001000,0.001000,0.229123,0.001000,0.354631
1.000000,0.001000,0.001000,0.001000,0.402166,1.000000,0.001000,0.099156,0.029269
1.000000,0.001000,0.001000,0.285245,0.951097,0.001000,0.001000,0.001000,0.958621
0.427741,0.933264,0.042180,0.001000,1.000000,0.001000,0.001000,0.167661,0.001000
0.001000,0.001000,0.001000,0.001000,0.029809,0.144329,0.001000,0.001000,0.303001
0.001000,0.892228,0.001000,1.000000,1.000000,1.000000,0.001000,0.001000,0.001000
0.001000,0.087378,0.355382,0.505632,0.001000,1.000000,0.466336,0.001000,0.001000
0.001000,0.150448,0.001000,0.212194,0.109829,0.937974,0.968523,0.001000,0.813451
0.855464,0.389978,0.001000,0.001000,0.001000,0.126330,0.001000,0.001000,0.001000
0.001000,0.001000,0.232487,0.696969,0.158816,0.001000,0.001000,0.240703,0.001000
0.001000,0.001000,0.001000,0.001000,0.001000,1.000000,0.001000,0.001000,0.001000
0.543690,0.887821,0.001000,1.000000,0.001000,0.001000,0.620335,0.001000,1.000000
0.001000,0.001000,0.634547,0.218587,0.001000,0.001000,1.000000,0.001000,0.024792
0.001000,0.564209,0.857894,0.001000,1.000000,0.001000,1.000000,0.001000,0.361007
1.000000,0.174193,1.000000,0.547667,0.873143,1.000000,0.540671,0.001000,0.263557
1.000000,0.626235,0.001000,0.073437,0.418158,0.093128,0.001000,0.867360,0.429013
0.001987,0.843058,0.001000,0.001000,0.078434,0.508063,0.001000,1.000000,0.280132
0.001000,1.000000,0.001000,0.178282,0.001000,0.001000,1.000000,1.000000,0.001000
0.001000,0.009011,0.142110,0.001000,0.001000,0.873422,0.001000,1.000000,0.001000
0.001000,0.152564,0.987671,0.785400,0.001000,0.756122,0.892711,0.825133,0.202510
0.001000,0.866995,1.000000,0.101323,0.001000,1.000000,0.001000,1.000000,0.001000
0.033694,0.001000,0.001000,0.001000,0.114440,0.001000,1.000000,0.001000,0.001000
0.001000,0.393181,0.392980,0.001000,0.710465,0.001000,0.001000,0.920858,0.001000
1.000000,0.075235,0.001000,0.480574,0.001000,1.000000,0.001000,0.916890,0.001000
0.001000,1.000000,0.001000,0.001000,0.739584,1.000000,0.001000,0.087230,0.727660
0.001000,0.001000,0.105311,0.944303,1.000000,0.001000,0.068303,0.001000,1.000000
0.925772,0.785985,0.001000,0.001000,1.000000,1.000000,0.457391,0.925020,0.001000
0.675595,0.001000,0.244020,0.383280,1.000000,0.001000,1.000000,0.001000,0.093940
0.001000,0.156144,1.000000,0.848470,0.001000,1.000000,0.121784,0.001000,1.000000
0.504847,1.000000,0.585184,1.000000,0.001000,0.001000,0.001000,0.001000,0.915728
0.047448,0.001000,0.001000,0.908825,0.672310,1.000000,0.001000,1.000000,1.000000
0.001000,0.001000,1.000000,0.680297,0.001000,0.096157,0.001000,0.001000,1.000000
0.001000,0.001000,0.001000,1.000000,0.001000,0.946095,0.001000,0.001000,0.001000
0.312059,0.735763,0.994633,0.001000,1.000000,1.000000,0.001000,1.000000,0.001000
0.001000,0.674070,0.001000,0.001000,0.001000,0.001000,0.303395,0.467691,0.001000
0.001000,0.001000,0.001000,1.000000,0.186334,0.001000,1.000000,0.168443,0.001000
0.012257,0.001000,0.001000,1.000000,0.669190,0.094645,1.000000,0.001000,0.268399
0.758345,0.839684,0.106349,0.001000,1.000000,0.001000,0.001000,0.522358,1.000000
0.001000,1.000000,0.001000,1.000000,0.518260,0.001000,1.000000,0.767540,0.001000
0.001000,0.222213,0.279617,0.822782,0.270064,0.001000,0.001000,0.176354,1.000000
0.001000,1.000000,1.000000,0.001000,0.716706,0.794147,1.000000,0.001000,1.000000
0.467818,0.709447,0.001000,0.001000,0.001000,0.869887,0.001000,0.001000,0.767045
0.001000,0.021271,0.088547,0.970299,0.001000,0.001000,0.494260,0.001000,0.001000
0.001000,0.605678,0.001000,1.000000,0.001000,0.001000,1.000000,0.001000,0.933648
0.001000,0.001000,0.128718,0.001000,0.001000,0.044731,1.000000,0.997937,0.001000
1.000000,0.001000,0.951184,0.001000,0.001000,0.347027,0.166010,0.001000,0.001000
0.001000,1.000000,0.001000,1.000000,0.001000,1.000000,0.114491,0.352250,0.001000
0.457598,0.464745,0.667197,0.217564,0.001000,0.770910,0.001000,0.092083,0.001000
0.001000,0.154583,0.001000,0.001000,0.302767,0.001000,0.008186,0.001000,0.001000
1.000000,1.000000,0.001000,1.000000,1.000000,0.781787,0.285544,0.001000,1.000000
0.423180,0.001000,0.001000,0.470777,0.206920,1.000000,0.001000,0.001000,1.000000
0.518238,0.001000,0.828205,0.001000,0.287422,0.001000,0.774586,0.001000,0.843381
0.001000,1.000000,1.000000,1.000000,0.611595,0.001000,0.001000,0.001000,0.001000
0.001000,0.001000,0.001000,0.135546,0.001000,0.670962,0.001000,0.001000,0.001000
0.246135,1.000000,0.223681,0.001000,0.290752,0.001000,0.001000,1.000000,0.482422
0.001000,0.356839,0.001000,0.001000,1.000000,0.765806,0.223074,0.001000,0.681925
0.001000,0.453737,0.684603,0.001000,0.861425,0.575553,0.001000,0.015714,0.001000
0.001000,0.374688,0.293735,0.001000,0.096293,0.001000,0.001000,0.001000,0.001000
0.359542,0.533666,0.108310,0.400538,0.001000,0.358298,0.001000,0.001000,0.947450
0.833846,1.000000,0.681339,0.001000,0.001000,0.001000,0.001000,0.047119,1.000000
1.000000,0.991502,0.975325,0.001000,0.001000,0.001000,1.000000,0.001000,0.344143
0.290450,0.001000,0.275846,0.090254,0.001000,0.473312,0.459725,0.001000,0.001000
1.000000,0.001000,0.001000,0.001000,0.726030,0.001000,0.001000,0.001000,0.588555
1.000000,0.001000,0.502007,0.001000,0.001000,0.068271,1.000000,0.001000,1.000000
1.000000,0.951705,0.714330,1.000000,0.516563,0.235808,1.000000,0.001000,0.001000
0.001000,0.643007,0.001000,1.000000,1.000000,0.001000,0.001000,0.001000,0.001000
0.001000,0.001000,1.000000,0.751884,0.028713,0.117492,0.001000,0.001000,0.001000
0.031398,0.379646,0.772600,0.827387,1.000000,0.001000,0.001000,0.478066,0.613746
0.001000,0.383547,0.106188,1.000000,0.001000,0.001000,1.000000,0.001000,1.000000
0.001000,0.624057,0.443064,0.001000,0.001000,1.000000,0.001000,1.000000,0.023484
0.479428,1.000000,0.001000,0.001000,1.000000,0.759388,0.001000,0.001000,1.000000
0.727753,1.000000,0.001000,0.533666,0.841068,0.551207,0.165733,0.001000,0.001000
0.001000,1.000000,0.425880,0.817543,0.001000,1.000000,0.001000,0.001000,0.001000
0.025208,0.487754,0.001000,0.282622,0.550614,0.001000,0.497170,0.001000,1.000000
1.000000,0.922324,0.992523,0.001000,0.372409,0.001000,0.001000,0.922881,0.001000
1.000000,0.001000,0.643610,0.001000,0.001000,0.718227,0.001000,0.292829,0.709458
0.001000,0.758762,0.001000,1.000000,0.001000,0.001000,0.001000,0.001000,0.251279
0.131352,0.001000,0.273835,0.001000,0.370331,0.700440,1.000000,1.000000,0.001000
0.781940,0.127335,0.056605,0.001000,0.001000,0.338302,0.722571,0.001000,0.001000
1.000000,1.000000,0.001000,0.001000,1.000000,0.548379,0.154582,0.001000,1.000000
1.000000,0.317151,0.001000,1.000000,0.001000,0.001000,0.578333,1.000000,1.000000
1.000000,0.406353,1.000000,0.372405,0.001000,1.000000,0.001000,0.001000,0.001000
0.208228,0.001000,0.001000,0.001000,0.305324,0.001000,1.000000,0.656369,0.001000
0.001000,0.228433,0.168447,0.001000,1.000000,0.001000,0.038683,1.000000,0.190329
1.000000,0.001000,0.001000,0.001000,0.275320,0.001000,0.102179,0.214873,0.542422
0.247940,0.128360,0.001000,0.001000,0.001000,0.360878,0.666289,0.001000,0.001000
0.001000,0.001000,0.045943,0.096197,0.287865,0.001000,0.370906,0.001000,0.791275
0.001000,0.001000,1.000000,0.025434,0.001000,0.001000,0.001000,0.001000,1.000000
1.000000,1.000000,0.867106,1.000000,0.620736,0.286971,0.914281,0.083995,0.001000
0.001000,0.001000,0.001000,0.001000,0.001000,0.819448,0.001000,0.818808,0.358173
0.001000,1.000000,0.001000,0.001000,0.001000,0.001000,1.000000,0.405728,1.000000
0.001000,0.145616,0.001000,0.894307,0.001000,0.979738,1.000000,1.000000,1.000000
0.427847,0.001000,0.434077,0.127605,1.000000,0.001000,0.001000,0.001000,0.832902
0.001000,0.001000,0.954017,1.000000,0.001000,0.182142,1.000000,0.001000,0.620628
0.001000,0.913019,0.565382,0.001000,0.001000,0.275269,0.001000,0.001000,0.001000
1.000000,0.001000,0.001000,1.000000,0.001000,1.000000,1.000000,0.289978,1.000000
0.001000,1.000000,0.001000,0.001000,0.001000,0.001000,0.375319,0.001000,1.000000
0.001000,0.001000,1.000000,0.001000,0.001000,0.001000,0.964476,0.001000,0.079808
0.415303,0.241985,0.393063,0.001000,0.001000,0.416565,0.001000,0.001000,1.000000
1.000000,1.000000,1.000000,0.001000,0.781560,0.744096,0.970226,0.618924,0.242486
0.601165,1.000000,0.001000,0.001000,0.001000,0.001000,0.211200,0.001000,0.608970
0.001000,1.000000,1.000000,0.001000,1.000000,0.001000,0.001000,0.582845,0.001000
0.597290,0.592021,0.001000,0.218075,1.000000,0.001000,0.001000,0.837274,0.586416
0.001000,0.001000,0.001000,0.333196,0.001000,0.001000,0.001000,0.001000,0.972938
0.467083,0.538562,0.001000,0.001000,0.483358,0.001000,0.001000,0.851033,0.428800
0.001000,1.000000,0.001000,0.001000,1.000000,0.144934,0.001000,1.000000,0.001000
0.051038,0.001000,0.912300,1.000000,0.001000,0.001000,1.000000,1.000000,1.000000
0.001000,1.000000,0.310702,0.290010,0.001000,0.443821,0.001000,0.763642,0.700273
0.001000,0.787276,0.001000,0.001000,0.001000,0.563385,0.001000,1.000000,0.001000
0.001000,1.000000,1.000000,0.825241,0.001000,0.001000,0.759652,0.001000,1.000000
0.136712,0.975989,0.856959,1.000000,0.295821,0.431514,0.001000,0.001000,0.001000
0.001000,0.001000,1.000000,0.001000,0.069458,0.856519,0.001000,0.001000,0.001000
0.135314,1.000000,0.561127,1.000000,1.000000,0.616380,0.300227,0.001000,0.001000
0.001000,0.001000,0.001000,0.001000,0.001000,0.001000,0.001000,0.001000,1.000000
0.190554,1.000000,0.001000,1.000000,0.001000,0.945880,0.335659,1.000000,0.001000
0.001000,0.482047,1.000000,0.776457,1.000000,0.134909,0.001000,0.001000,0.001000
0.719417,1.000000,1.000000,0.001000,0.858228,0.788793,0.001000,1.000000,0.001000
0.001000,0.001000,0.001000,0.429679,0.001000,0.644980,0.001000,0.001000,0.001000
1.000000,1.000000,0.166683,0.001000,0.623479,0.001000,0.001000,0.001000,0.373309
0.001000,0.616287,0.637572,0.001000,0.001000,0.526694,0.890052,1.000000,0.001000
1.000000,0.001000,0.929990,0.001000,0.305223,0.001000,0.388672,0.001000,0.001000
0.001000,1.000000,0.001000,0.001000,0.001000,0.001000,0.535904,0.394321,0.427605
0.001000,0.001000,0.719441,0.200692,0.001000,0.219711,0.001000,0.001000,1.000000
0.628976,1.000000,0.001000,0.001000,1.000000,0.508882,0.001000,0.636569,0.001000
0.453602,1.000000,1.000000,0.001000,0.001000,0.641458,0.001000,1.000000,0.001000
1.000000,1.000000,0.001000,0.001000,0.520682,0.001000,0.001000,1.000000,0.799077
1.000000,0.001000,0.001000,0.202412,0.147327,0.001000,0.459739,0.329519,0.219070
0.001000,0.001000,0.273736,0.209784,0.001000,1.000000,1.000000,0.001000,0.001000
0.995736,1.000000,0.179814,0.428803,0.259329,1.000000,1.000000,0.001000,0.152602
0.598935,0.101336,0.001000,0.758936,1.000000,0.788342,0.592303,0.367038,0.413538
0.281781,0.738820,1.000000,0.572683,0.001000,1.000000,0.001000,0.394458,1.000000
1.000000,0.001000,0.243961,1.000000,0.030771,0.076472,0.001000,0.157504,0.001000
0.158827,0.839809,0.367120,0.001000,0.001000,0.001000,0.556355,0.898171,0.001000
0.001000,0.001000,0.877719,0.001000,0.001000,1.000000,0.001000,0.001000,0.455149
0.662096,0.444122,0.123059,0.001000,0.666333,0.001000,0.001000,0.045559,0.001000
0.509731,0.001000,0.558323,1.000000,0.368300,1.000000,0.001000,0.319471,0.001000
0.925968,0.483717,0.001000,1.000000,0.001000,0.004385,0.527753,0.745090,0.661222
0.390414,0.813168,0.423533,1.000000,0.190701,1.000000,0.614706,0.001000,0.001000
0.001000,1.000000,0.001000,0.961848,0.035166,0.984964,0.802241,0.237104,0.001000
0.982338,0.001000,0.545512,0.001000,0.001000,0.001000,0.572850,0.001000,0.747689
0.001000,0.001000,0.141731,0.589296,0.979260,0.001000,0.496935,0.971272,0.001000
0.001000,0.233853,0.001000,1.000000,0.001000,0.001000,0.001000,0.001000,0.211525
0.296978,1.000000,0.750461,0.001000,0.001000,0.560233,0.619100,1.000000,0.001000
0.070137,1.000000,0.517570,0.796497,0.001000,1.000000,0.005788,0.001000,0.001000
1.000000,0.427851,0.001000,0.001000,0.001000,0.001000,0.001000,0.001000,0.776511
0.293225,0.001000,0.001000,0.929529,0.024800,1.000000,0.001000,0.001000,0.855943
0.541495,0.001000,0.521575,0.427606,0.001000,0.001000,0.001000,0.001000,1.000000
0.383003,0.001000,0.001000,1.000000,0.285209,0.001000,0.001000,0.001000,0.001000
0.195966,0.579187,0.410625,0.001000,0.085064,0.001000,0.001000,0.001000,0.001000
0.957147,1.000000,0.001000,1.000000,1.000000,0.001000,0.001000,0.291599,1.000000
1.000000,0.001000,0.595960,0.001000,1.000000,0.001000,0.635441,0.001000,0.001000
1.000000,1.000000,0.001000,0.001000,0.001000,0.179298,0.001000,0.001000,0.268573
1.000000,0.001000,0.001000,0.752066,0.944146,0.380162,0.688175,0.001000,0.001000
0.228317,0.001000,0.001000,0.954822,0.001000,0.621504,0.841773,0.001000,0.001000
0.828064,1.000000,0.001000,0.587334,0.001000,0.450078,0.001000,0.001000,0.526327
1.000000,0.001000,1.000000,0.001000,0.001000,0.001000,1.000000,0.014077,1.000000
0.001000,0.703840,0.338805,0.957186,1.000000,0.257928,1.000000,0.342705,0.493562
0.001000,0.001000,1.000000,0.001000,0.967517,0.406753,1.000000,0.001000,1.000000
0.001000,0.001000,0.346875,0.001000,0.779436,1.000000,1.000000,0.001000,0.001000
0.001000,1.000000,0.358756,1.000000,0.001000,0.001000,0.001000,1.000000,0.460488
0.001000,0.370157,1.000000,0.001000,0.360828,0.001000,0.927469,0.001000,0.056336
1.000000,0.126135,1.000000,0.756440,0.001000,1.000000,0.608023,0.001000,0.001000
1.000000,0.001000,0.699844,0.001000,0.001000,0.001000,0.001000,0.001000,0.001000
0.931244,0.001000,1.000000,0.641736,1.000000,1.000000,0.001000,0.001000,0.001000
0.001000,1.000000,0.854312,0.001000,0.046704,0.001000,0.001000,0.643158,0.001000
0.001000,0.001000,1.000000,0.001000,0.190319,0.001000,1.000000,0.001000,0.001000
0.040346,0.723263,0.085574,0.001000,0.978439,0.001000,1.000000,0.001000,0.834882
1.000000,0.001000,1.000000,0.001000,0.855625,0.455299,0.074337,0.001000,0.001000
1.000000,0.285751,0.468044,0.501549,1.000000,0.408079,0.001000,0.865332,0.001000
0.001000,0.539078,0.763764,0.083325,0.001000,0.001000,0.772807,0.220421,0.001000
0.297451,1.000000,0.001000,0.001000,0.464904,0.407485,0.001000,0.001000,0.001000
0.001000,0.001000,0.001000,0.001000,0.645175,0.339446,0.696172,0.856671,0.182922
0.918507,0.001000,0.001000,0.001000,0.001000,0.001000,0.001000,0.001000,0.001000
0.001000,0.001000,1.000000,0.001000,1.000000,0.001000,0.205947,0.775690,0.369050
1.000000,0.001000,0.364862,0.172722,0.001000,1.000000,0.001000,1.000000,0.663046
0.748639,0.001000,0.001000,0.001000,0.240738,0.001000,0.001000,0.001000,0.279951
0.535036,0.001000,0.848692,0.001000,1.000000,0.262763,0.606871,0.001000,1.000000
0.796625,0.001000,0.242192,0.001000,0.001000,0.001000,0.001000,1.000000,1.000000
1.000000,0.141471,0.001000,0.001000,0.001000,0.001000,0.001000,0.939532,1.000000
1.000000,0.001000,0.001000,0.001000,0.001000,0.375797,0.001000,0.437215,0.144855
0.176381,0.001000,0.869544,0.001000,0.001000,0.206509,0.001000,0.267029,0.470483
0.001000,0.001000,1.000000,1.000000,0.001000,0.001000,0.365579,0.001000,1.000000
0.259283,0.001000,1.000000,0.001000,1.000000,1.000000,0.001000,0.001000,0.476907
0.001000,0.244186,0.502022,0.001000,1.000000,0.001000,0.001000,0.001000,0.578632
0.001000,0.001000,0.001000,1.000000,1.000000,0.001000,0.001000,0.215905,0.001000
0.001000,1.000000,1.000000,0.434004,0.001000,0.001000,0.001000,0.519889,0.001000
0.633404,0.492481,0.001000,0.729100,0.001000,0.647275,0.001000,1.000000,0.001000
1.000000,0.552759,0.001000,0.314156,0.302891,0.141835,0.001000,1.000000,0.210165
0.001000,0.153767,1.000000,1.000000,0.545811,1.000000,0.001000,0.325789,0.992713
1.000000,0.001000,1.000000,0.001000,0.058776,0.444520,0.573623,0.223593,0.001000
1.000000,0.001000,1.000000,1.000000,0.001000,0.462675,1.000000,0.001000,0.001000
1.000000,1.000000,0.001000,0.001000,0.001000,0.001000,0.008544,0.001000,0.760821
0.006206,0.248656,1.000000,0.001000,0.001000,0.001000,0.492422,0.001000,0.001000
1.000000,0.668854,0.069433,0.001000,0.080108,0.896861,0.001000,0.001000,0.001000
0.270711,0.441988,0.293074,0.001000,0.835403,1.000000,0.440320,0.001000,1.000000
0.192667,0.001000,0.001000,0.250030,1.000000,0.001000,0.357519,0.001000,0.001000
0.046988,0.001000,0.329818,0.152476,0.001000,0.001000,0.001000,0.392723,0.001000
0.001000,0.001000,0.001000,0.126580,0.001000,0.798550,0.145988,0.474364,1.000000
0.832756,0.001000,0.001000,0.001000,0.364868,0.001000,0.001000,0.001000,0.001000
0.529209,1.000000,0.001000,0.001000,0.001000,0.853884,0.001000,0.001000,0.777714
1.000000,0.001000,0.001000,0.001000,0.001000,0.001000,0.043114,0.001000,0.001000
0.001000,0.946620,0.001000,0.045688,1.000000,0.001000,0.441191,0.531657,0.209246
0.308727,0.001000,0.719908,0.001000,0.001000,0.001000,0.001000,0.720391,0.741123
0.001000,1.000000,1.000000,1.000000,0.242745,0.001000,0.482099,0.997919,0.001000
0.061424,0.477660,1.000000,0.001000,0.001000,0.046481,0.001000,0.552689,0.001000
1.000000,0.001000,0.001000,1.000000,0.001000,0.001000,0.008380,0.001000,0.001000
1.000000,1.000000,0.001000,0.893913,0.001000,0.456181,0.531932,1.000000,0.001000
1.000000,1.000000,0.448045,0.001000,0.001000,0.001000,1.000000,0.927165,0.434338
0.001000,0.354461,0.210109,0.772297,0.001000,0.001000,0.481769,0.662021,0.001000
0.896604,0.001000,0.001000,0.001000,0.500551,0.001000,0.135296,0.001000,0.447876
0.001000,0.552589,0.605090,0.001000,0.001000,0.140679,1.000000,1.000000,1.000000
0.906364,0.001000,1.000000,0.001000,0.608243,1.000000,0.506310,0.241603,0.407969
0.001000,1.000000,0.001000,0.176108,0.908386,1.000000,0.001000,0.001000,0.036393
0.001000,1.000000,1.000000,0.001000,0.001000,0.001000,0.001000,0.001000,0.015902
0.285706,0.195911,0.533838,0.001000,0.001000,0.001000,0.364385,1.000000,0.001000
1.000000,0.189500,0.001000,0.842901,0.001000,0.924660,0.001000,0.338952,0.001000
0.595040,0.001000,0.001000,0.001000,0.486660,0.822759,1.000000,1.000000,1.000000
0.001000,0.001000,0.823766,0.001000,0.826896,0.318364,0.448447,0.812928,0.001000
1.000000,1.000000,1.000000,0.001000,0.001000,1.000000,0.628560,0.121252,0.001000
1.000000,0.365016,0.001000,0.641938,0.001000,0.001000,1.000000,0.001000,0.001000
0.590773,1.000000,1.000000,0.001000,0.001000,0.018621,1.000000,1.000000,0.051567
0.795119,0.712081,0.001000,0.784046,0.624554,0.001000,0.001000,0.001000,0.420418
0.001000,0.001000,1.000000,0.001000,0.001000,1.000000,0.001000,0.001000,0.001000
0.001000,0.001000,0.001000,0.001000,0.010059,1.000000,0.479047,0.001000,0.616498
0.550315,1.000000,0.445179,0.001000,0.292080,0.001000,0.001000,0.740992,1.000000
0.001000,0.001000,0.916840,0.001000,0.208924,1.000000,0.380055,1.000000,0.728333
0.001000,0.321090,0.065131,1.000000,0.321990,0.001000,0.217283,0.227544,0.001000
0.915320,0.001000,1.000000,0.001000,0.001000,0.001000,0.475231,1.000000,0.001000
1.000000,0.703920,0.741448,1.000000,0.001000,0.857754,0.001000,1.000000,0.001000
0.331636,0.208397,0.827557,0.001000,0.001000,0.001000,0.096072,0.001000,1.000000
0.001000,0.001000,0.040052,0.061620,0.255056,0.685871,1.000000,0.816797,0.062374
0.001000,0.001000,0.938026,1.000000,0.697697,0.729534,0.001000,0.001000,0.001000
1.000000,0.001000,0.370245,0.764509,0.750514,0.001000,0.001000,0.001000,0.001000
1.000000,0.001000,0.805983,0.001000,0.001000,1.000000,0.001000,1.000000,0.001000
0.669428,0.968309,0.595163,0.001000,0.001000,0.001000,0.715087,0.001000,0.001000
0.346725,0.222889,0.064260,0.001000,0.001000,0.870641,0.303482,0.001000,0.001000
0.001000,0.001000,0.001000,0.001000,0.503193,0.001000,0.042405,0.001000,0.001000
0.072165,0.001000,0.611160,0.218791,0.029606,0.907829,0.333360,0.001000,1.000000
0.474244,1.000000,1.000000,0.457644,0.859287,0.001000,0.580267,0.724097,0.001000
0.285505,0.221341,0.001000,0.374026,0.805008,0.001000,0.778399,0.583174,0.065166
0.009884,0.001000,0.678938,0.001000,0.892191,0.001000,0.001000,1.000000,0.001000
0.552814,0.299821,0.393859,0.001000,0.001000,0.664060,0.001000,0.001000,0.651182
1.000000,0.001000,0.001000,0.001000,0.494490,0.001000,0.001000,0.001000,1.000000
0.001000,0.001000,0.001000,0.722775,0.001000,0.472407,0.001000,0.001000,0.001000
0.835288,0.798163,0.607712,0.001000,0.001000,0.195523,1.000000,0.954747,0.473315
1.000000,0.453231,1.000000,0.955587,0.038554,0.628624,0.001000,0.001000,0.982523
0.391643,0.001000,0.987079,0.442568,0.001000,0.042140,1.000000,0.938986,0.001000
0.001000,0.001000,1.000000,0.088000,0.001000,0.001000,0.001000,0.001000,0.001000
0.001000,0.205603,0.001000,1.000000,0.890205,0.099805,1.000000,0.737859,1.000000
0.001000,0.001000,0.001000,1.000000,0.001000,0.001000,1.000000,0.001000,0.001000
0.542110,1.000000,1.000000,0.749087,0.001000,0.001000,0.001000,0.001000,1.000000
0.565186,1.000000,0.001000,1.000000,0.291947,0.001000,1.000000,0.001000,0.001000
1.000000,0.219890,0.238541,1.000000,0.150298,0.873991,0.001000,0.442745,0.001000
1.000000,0.001000,0.815937,0.001000,1.000000,0.925273,0.001000,0.001000,0.074662
0.315388,1.000000,0.001000,1.000000,0.001000,0.001000,0.326413,0.001000,1.000000
0.001000,0.266029,1.000000,0.001000,0.665801,0.001000,1.000000,1.000000,0.635672
0.602207,0.526839,0.794242,1.000000,0.103970,0.001000,0.001000,0.766604,0.275298
0.645523,0.001000,0.001000,0.001000,0.669640,0.317126,0.001000,1.000000,0.001000
1.000000,0.001000,0.780584,1.000000,0.342157,0.001000,0.304371,0.695609,1.000000
0.001000,0.001000,0.058060,0.001000,0.001000,0.001000,0.477866,0.694271,1.000000
0.147327,1.000000,0.891723,0.001000,0.001000,1.000000,0.001000,0.001000,0.151200
1.000000,0.026512,0.440184,0.703135,0.001000,0.796173,0.001000,0.001000,0.001000
0.897686,1.000000,0.828146,0.397869,0.569094,0.568461,0.001000,0.001000,1.000000
0.876691,0.714650,0.001000,1.000000,0.001000,0.133229,0.001000,0.001000,0.001000
0.287544,0.001000,0.476245,0.598607,0.001000,0.136736,0.001000,1.000000,0.112866
0.940884,1.000000,1.000000,1.000000,0.792923,0.943958,1.000000,0.001000,0.939622
0.001000,0.679843,1.000000,0.001000,0.007506,1.000000,0.001000,1.000000,0.001000
0.001000,0.001000,0.549078,1.000000,0.001000,0.312642,0.581772,0.001000,0.446367
0.001000,0.001000,1.000000,0.253721,0.001000,0.001000,0.001000,0.001000,0.208745
0.481693,0.001000,0.934027,0.001000,1.000000,0.483430,0.017541,0.001000,0.001000
0.001000,0.943778,0.001000,0.871571,0.687132,0.537597,1.000000,0.001000,0.614499
0.886513,1.000000,0.883469,0.001000,1.000000,0.845505,0.405503,0.466856,0.001000
0.812150,0.001000,1.000000,0.001000,0.795020,0.001000,1.000000,0.001000,0.001000
0.235033,0.001000,0.001000,0.241415,0.001000,0.081643,0.744599,0.001000,0.001000
1.000000,0.001000,0.817621,0.001000,0.001000,0.579333,0.001000,0.001000,0.007140
0.742093,0.893638,0.001000,0.299699,0.001000,0.001000,1.000000,1.000000,1.000000
0.001000,1.000000,0.625016,0.001000,1.000000,0.001000,0.001000,0.484319,0.001000
0.001000,1.000000,1.000000,0.312516,0.087935,1.000000,0.001000,0.001000,0.001000
0.001000,0.001000,1.000000,0.001000,0.001000,0.001000,0.218016,0.282982,0.346971
1.000000,1.000000,0.001000,0.001000,0.001000,1.000000,0.001000,0.480659,0.808538
1.000000,0.001000,1.000000,0.001000,0.001000,0.001000,0.001000,0.843620,0.377171
0.626362,1.000000,0.437608,0.001000,0.275124,0.980457,0.001000,1.000000,0.001000
0.666602,0.666105,1.000000,1.000000,0.397412,0.627780,0.332088,1.000000,0.001000
0.001000,1.000000,1.000000,0.001000,0.388506,1.000000,0.001000,0.001000,0.001000
1.000000,0.957466,0.001000,0.001000,0.001000,0.001000,1.000000,0.255172,0.001000
0.001000,1.000000,0.001000,0.001000,0.001000,0.001000,0.001000,0.001000,0.001000
0.867799,0.001000,0.754799,0.342248,0.001000,0.001000,0.001000,0.001000,0.001000
0.001000,0.037354,0.001000,0.575718,0.485526,0.001000,0.001000,0.001000,1.000000
1.000000,0.298206,0.498612,1.000000,0.001000,0.721918,1.000000,0.001000,0.001000
0.001000,0.001000,0.001000,0.001000,0.310680,1.000000,0.691973,1.000000,0.125922
1.000000,0.534244,1.000000,0.001000,0.001000,0.871960,0.001000,0.001000,1.000000
0.001000,0.001000,0.059836,0.143169,1.000000,1.000000,0.213466,1.000000,0.084449
0.001000,1.000000,0.737854,0.001000,1.000000,0.001000,1.000000,0.001000,0.001000
0.001000,0.001000,0.401195,0.152452,0.706633,1.000000,0.850569,0.001000,0.639871
0.001000,0.001000,0.001000,0.992813,1.000000,0.001000,1.000000,0.001000,0.129075
0.015107,0.043929,0.001000,0.170100,0.001000,0.001000,1.000000,0.001000,0.255156
0.303329,0.001000,0.047474,0.001000,0.001000,0.180293,0.001000,0.001000,1.000000
1.000000,0.001000,0.001000,0.001000,0.277625,0.001000,0.001000,0.001000,0.001000
0.532000,0.229866,0.001000,0.001000,0.001000,1.000000,0.001000,0.001000,1.000000
1.000000,1.000000,0.001000,0.001000,1.000000,0.001000,0.232236,1.000000,0.001000
0.001000,0.001000,1.000000,0.001000,0.001000,1.000000,0.001000,1.000000,0.418010
0.640051,0.001000,0.899615,0.138225,0.001000,1.000000,0.001000,0.001000,0.001000
0.142103,0.001000,0.001000,0.063911,0.001000,0.001000,0.001000,0.538250,1.000000
0.353935,0.591437,0.001000,0.001000,0.868708,0.001000,0.001000,0.001000,0.001000
1.000000,0.031758,0.001000,0.001000,0.001000,0.001000,0.001000,0.556698,0.001000
0.001000,0.001000,0.172570,0.001000,0.001000,0.001000,0.122828,0.001000,0.001000
0.001000,0.197522,0.521127,0.688364,0.001000,0.853901,0.001000,0.127174,0.001000
1.000000,0.001000,0.024992,0.452296,0.173828,0.352692,0.001000,0.001000,0.688600
0.001000,1.000000,0.262695,1.000000,0.057789,0.001000,0.621679,0.001000,1.000000
0.904520,0.001000,0.001000,1.000000,0.001000,0.001000,0.001000,0.001000,1.000000
0.149119,1.000000,0.056446,1.000000,0.409526,0.279087,0.122241,0.481176,0.065495
0.001000,0.001000,1.000000,0.001000,0.001000,0.483288,0.001000,0.001000,0.283198
0.885471,0.427563,0.961786,0.001000,0.001000,1.000000,0.001000,1.000000,1.000000
0.001000,0.001000,0.911106,0.117748,0.001000,0.051047,0.059347,1.000000,1.000000
0.001000,0.001000,0.001000,0.921154,0.001000,0.602585,0.001000,0.001000,0.001000
0.418688,0.001000,1.000000,0.001000,0.298070,1.000000,0.637933,0.001000,0.299911
0.001000,0.305193,1.000000,0.001000,0.001000,1.000000,0.001000,0.001000,0.589789
0.256005,0.313520,1.000000,1.000000,0.932137,0.001000,1.000000,0.654398,0.001000
0.762026,0.001000,0.529243,1.000000,0.403024,0.001000,0.156936,0.347283,0.001000
0.581001,1.000000,0.992121,0.001000,0.143203,0.117978,0.001000,0.495939,0.001000
0.133040,0.001000,0.577256,0.655446,0.001000,1.000000,0.001000,0.001000,1.000000
0.001000,0.001000,1.000000,0.001000,0.001000,0.001000,0.807603,0.001000,0.301673
0.545407,0.001000,0.001000,0.001000,0.004709,1.000000,0.335820,0.001000,1.000000
0.285895,0.181305,0.001000,0.922557,1.000000,0.001000,1.000000,0.001000,0.767898
1.000000,0.763258,0.615414,0.001000,0.001000,0.989688,0.301473,1.000000,0.209048
0.001000,1.000000,0.909491,1.000000,0.579279,0.589555,0.001000,0.800460,0.001000
0.995918,0.805007,1.000000,0.001000,0.001000,0.001000,0.805811,0.001000,0.690978
0.299245,0.500739,0.001000,0.546085,0.933848,0.466884,0.840425,0.491201,0.416810
0.329362,0.387989,1.000000,0.001000,0.106024,0.001000,0.001000,0.001000,1.000000
1.000000,0.756731,0.001000,0.001000,0.001000,0.001000,0.468354,1.000000,0.977260
0.215261,0.060442,1.000000,0.001000,0.001000,0.149520,0.001000,0.110871,1.000000
0.001000,0.846289,0.272038,0.229589,0.985978,1.000000,0.001000,0.902751,0.001000
0.142205,1.000000,0.001000,0.001000,0.371040,0.001000,1.000000,1.000000,0.001000
0.782979,0.422867,1.000000,0.655416,0.001000,0.001000,0.001000,0.001000,0.431097
0.534556,0.095207,1.000000,0.046209,0.138554,0.001000,0.001000,1.000000,0.001000
1.000000,1.000000,0.001000,0.001000,1.000000,1.000000,0.258538,0.001000,0.001000
0.955051,0.001000,0.604227,0.001000,0.001000,0.001000,0.001000,0.449331,0.001000
0.849789,1.000000,0.121408,1.000000,0.001000,0.001000,0.001000,0.761059,0.253862
0.749568,0.982092,0.001000,0.779848,0.001000,0.806123,0.001000,0.707534,0.001000
0.001000,0.001000,0.001000,0.846383,0.992193,0.001000,0.452503,0.259339,0.001000
0.001000,0.734493,0.001000,0.001000,0.001000,0.001000,0.001000,0.001000,0.001000
0.001000,0.001000,0.001000,0.182557,0.020569,0.402912,0.001000,0.001000,0.001000
0.105495,1.000000,1.000000,0.001000,0.001000,0.507376,0.001000,0.001000,0.795342
1.000000,0.604151,1.000000,0.690629,0.261815,0.353592,1.000000,1.000000,0.001000
1.000000,0.163277,0.001000,0.001000,1.000000,0.001000,0.812247,1.000000,0.001000
0.001000,0.001000,0.030811,0.001000,0.662651,1.000000,0.001000,0.001000,0.555271
1.000000,1.000000,1.000000,0.001000,0.203775,0.001000,0.001000,0.603134,0.041163
0.001000,0.421014,1.000000,0.001000,0.162046,0.820824,0.001000,1.000000,0.428120
0.483170,0.001000,1.000000,0.001000,0.001000,1.000000,0.449599,1.000000,0.457259
0.001000,0.001000,0.001000,0.001000,0.001000,0.001000,0.634102,0.001000,0.368745
0.001000,0.001000,0.001000,0.351574,0.388411,0.601226,0.325878,0.598890,0.592740
0.054414,0.662678,0.001000,1.000000,0.380301,0.989082,0.001000,0.001000,0.001000
0.624164,0.610565,0.979438,0.001000,0.001000,0.001000,1.000000,0.653114,0.419298
0.001000,0.731120,0.816640,1.000000,0.515922,1.000000,0.001000,0.001000,1.000000
0.001000,0.001000,0.918932,0.001000,0.001000,0.600238,0.965387,0.001000,0.522870
1.000000,0.594877,0.001000,0.001000,0.177257,0.680653,0.001000,1.000000,0.001000
0.803404,0.049841,0.001000,0.001000,0.692468,0.001000,0.001000,0.001000,0.748398
0.001000,0.899577,0.418337,0.701900,0.001000,0.001000,0.001000,1.000000,1.000000
1.000000,0.270728,0.346046,0.304469,0.001000,0.811205,0.001000,0.001000,0.516887
0.773920,0.001000,0.007673,0.001000,1.000000,1.000000,0.110494,0.798594,1.000000
0.502173,0.951580,0.128467,0.001000,0.001000,0.676908,1.000000,0.001000,0.012862
0.001000,0.214466,0.219062,0.001000,1.000000,0.001000,1.000000,0.001000,0.001000
0.001000,0.001000,0.933635,0.138857,0.019448,0.001000,0.337500,0.001000,1.000000
0.001000,0.529915,0.001000,0.001000,1.000000,0.001000,0.001000,1.000000,0.001000
0.339409,0.001000,0.528977,0.400044,0.668694,0.001000,1.000000,0.628013,1.000000
0.797426,0.778033,1.000000,1.000000,1.000000,0.001000,1.000000,0.583185,0.871533
0.001000,0.001000,0.001000,1.000000,0.554285,0.001000,0.001000,0.001000,0.001000
0.001000,0.094642,0.001000,0.094543,0.120173,0.001000,0.384162,1.000000,0.001000
1.000000,0.148811,0.001000,0.038877,1.000000,1.000000,1.000000,0.356354,0.893310
0.001000,0.001000,0.001000,0.001000,0.001000,1.000000,1.000000,0.001000,0.001000
0.001000,0.001000,0.001000,0.001000,0.001000,0.001000,0.001000,0.730257,0.635514
0.001000,1.000000,0.001000,0.001000,0.001000,0.674039,0.740121,0.252421,0.001000
1.000000,0.001000,1.000000,1.000000,0.001000,0.001000,0.001000,0.001000,0.324273
1.000000,0.573328,1.000000,0.001000,0.001000,0.738002,0.194372,0.001000,0.929357
1.000000,0.003966,1.000000,0.753530,0.001000,0.636041,1.000000,0.117253,0.865741
0.001000,0.609485,0.311384,0.001000,0.413054,0.313786,0.001000,0.210077,1.000000
0.975484,0.176041,0.001000,0.136218,0.001000,0.470606,0.353405,0.120300,0.507614
0.001000,0.988482,0.868173,0.698389,0.627415,1.000000,0.001000,0.428254,0.550419
0.517307,0.604698,1.000000,0.001000,0.001000,0.001000,0.001000,0.001000,1.000000
0.703552,0.001000,1.000000,0.001000,0.110898,0.001000,1.000000,0.001000,1.000000
0.001000,0.381124,0.001000,0.132811,1.000000,0.001000,0.001000,0.594699,0.381853
0.001000,0.001000,0.260211,0.001000,0.001000,0.001000,0.001000,0.001000,0.234492
1.000000,0.466561,1.000000,0.278337,0.001000,0.001000,1.000000,0.685630,0.240478
0.001000,0.426215,0.292271,0.997387,0.001000,0.166049,0.001000,0.001000,0.075664
0.001000,1.000000,0.001000,0.001000,0.789596,0.345965,1.000000,0.001000,0.263810
0.246923,0.001000,1.000000,0.001000,0.001000,0.001000,0.001000,0.001000,0.001000
1.000000,0.001000,0.001000,0.001000,0.001000,0.001000,0.925018,0.001000,0.001000
0.001000,0.930969,1.000000,0.001000,1.000000,0.413851,0.301904,0.001000,1.000000
0.001000,0.001000,0.001000,1.000000,0.141452,1.000000,1.000000,0.758915,0.252758
0.001000,0.290261,0.001000,1.000000,0.001000,0.001000,1.000000,1.000000,0.418485
0.001000,0.001000,0.495220,1.000000,0.001000,0.001000,0.485049,0.001000,0.425621
0.001000,1.000000,0.963891,0.001000,0.866610,0.001000,0.001000,0.001000,1.000000
0.244539,0.001000,1.000000,0.837027,0.301040,0.001000,0.066277,0.691779,0.001000
0.001000,0.233085,1.000000,0.752899,0.001000,0.001000,0.001000,0.001000,0.001000
0.001000,0.001000,1.000000,0.433967,1.000000,0.893972,0.001000,0.975057,0.001000
0.461064,0.265374,0.001000,0.001000,0.001000,0.208541,0.276432,0.001000,0.001000
1.000000,0.001000,1.000000,0.001000,0.001000,0.338218,1.000000,0.001000,0.263143
1.000000,1.000000,0.001000,1.000000,0.518239,0.001000,1.000000,0.489016,0.001000
0.012955,0.001000,0.645377,0.001000,0.390636,0.236814,1.000000,0.001000,1.000000
0.001000,0.001000,0.001000,0.001000,0.001000,0.001000,0.664835,0.796999,0.306072
0.215564,0.001000,0.052956,0.001000,0.182782,0.001000,1.000000,0.001000,1.000000
0.001000,1.000000,0.001000,0.836972,0.451198,0.512270,0.001000,0.001000,0.001000
0.814503,0.001000,0.188057,0.004570,0.373753,0.001000,0.745289,0.001000,0.414498
0.001000,0.882490,0.001000,0.001000,0.001000,1.000000,0.487266,1.000000,0.001000
0.409566,0.183788,1.000000,0.001000,1.000000,0.001000,0.001000,0.001000,0.001000
0.001000,0.447964,0.001000,0.155318,0.001000,0.225951,0.656569,0.001000,0.001000
1.000000,1.000000,0.001000,1.000000,0.001000,0.001000,0.693788,0.819140,0.699689
1.000000,0.305912,0.001000,0.831121,0.849711,1.000000,0.306746,0.512275,0.001000
0.625736,0.001000,0.001000,0.001000,0.728152,0.583634,1.000000,0.066233,0.349361
1.000000,0.001000,0.434786,1.000000,0.901455,0.001000,0.001000,0.001000,0.001000
0.001000,0.001000,1.000000,0.001000,0.001000,0.001000,0.001000,0.001000,0.462540
0.001000,0.001000,1.000000,0.248112,0.001000,1.000000,1.000000,0.097754,0.001000
0.001000,0.245837,0.001000,1.000000,0.001000,0.001000,0.556248,0.001000,0.376120
1.000000,1.000000,0.001000,0.001000,0.820578,0.439965,0.229288,0.001000,1.000000
1.000000,0.232074,1.000000,0.514579,1.000000,0.022044,0.510338,0.001000,0.001000
1.000000,0.626923,1.000000,0.001000,0.001000,0.001000,0.001000,0.001000,0.327049
0.813000,1.000000,1.000000,0.001000,0.001000,0.504220,0.808769,0.001000,1.000000
0.001000,1.000000,0.001000,0.585125,0.001000,0.702075,1.000000,0.001000,0.085567
1.000000,0.001000,0.639838,1.000000,0.766747,0.001000,0.435192,1.000000,0.001000
0.001000,0.001000,0.997069,0.021299,0.001000,0.001000,0.441787,0.424604,0.001000
1.000000,0.432750,0.001000,0.001000,0.001000,1.000000,0.001000,0.824897,0.001000
0.001000,1.000000,0.001000,0.001000,0.001000,1.000000,0.834822,1.000000,0.105457
0.001000,0.001000,0.618780,0.001000,0.118421,0.001000,0.001000,0.001000,1.000000
0.001000,1.000000,0.001000,0.001000,0.197710,0.445092,0.001000,0.182811,0.444292
0.001000,1.000000,0.001000,1.000000,0.001000,0.221292,0.378145,0.553048,0.001000
0.346505,0.627522,0.836664,0.001000,0.123643,1.000000,1.000000,0.902627,0.001000
0.419534,0.598907,1.000000,1.000000,0.001000,0.001000,0.132230,0.346238,0.682299
1.000000,0.001000,0.001000,0.902456,0.797564,0.368992,0.001000,0.001000,0.001000
0.001000,1.000000,0.001000,0.001000,0.001000,0.001000,0.009967,0.001000,0.587962
0.090684,0.001000,1.000000,0.001000,0.001000,0.001000,0.969902,0.580550,0.001000
0.973952,0.108630,0.634799,0.001000,0.001000,0.224312,0.765780,0.083814,0.001000
0.070334,0.127949,0.642690,1.000000,0.001000,0.001000,0.001000,0.424950,0.277550
0.001000,1.000000,0.367709,0.755827,0.001000,0.001000,0.001000,0.529362,0.001000
0.001000,1.000000,0.263826,0.001000,0.001000,1.000000,0.001000,0.736650,1.000000
0.001000,0.001000,1.000000,0.001000,0.231392,0.309780,0.454816,1.000000,0.625612
0.001000,0.140037,0.190260,1.000000,0.001000,0.461193,0.647376,0.001000,0.033125
0.322619,0.095788,0.001000,0.812635,0.680012,0.274106,1.000000,0.001000,0.622017
0.001000,0.001000,1.000000,0.001000,0.284959,0.001000,0.843531,0.348309,0.143100
1.000000,0.001000,0.001000,0.026185,0.649478,1.000000,0.001000,0.001000,1.000000
0.001000,0.809747,0.390758,1.000000,0.001000,0.001000,0.001000,0.289896,0.001000
0.001000,0.289072,0.001000,0.001000,0.117539,0.001000,0.001000,0.001000,0.001000
0.113471,0.001000,0.185345,0.428459,0.303554,1.000000,1.000000,0.517576,0.084359
0.209544,1.000000,0.001000,0.001000,0.735009,0.001000,0.001000,0.001000,0.001000
0.001000,0.001000,0.124782,0.001000,0.142611,0.337812,0.001000,0.456972,1.000000
0.416395,0.001000,1.000000,0.001000,0.001000,0.001000,0.001000,0.977384,0.766473
0.001000,1.000000,1.000000,0.001000,0.911861,0.001000,0.643642,0.001000,0.001000
0.542214,0.049905,0.001000,0.001000,0.001000,0.001000,0.001000,0.001000,0.051669
1.000000,0.001000,0.812393,0.001000,0.825114,1.000000,0.001000,0.001000,1.000000
0.064233,0.268897,0.381454,0.001000,1.000000,0.680575,0.001000,0.108973,0.893699
0.710366,0.226503,1.000000,0.001000,0.001000,0.001000,0.001000,0.001000,0.722592
0.364856,0.001000,1.000000,0.529240,0.001000,0.001000,0.001000,0.554720,0.001000
0.001000,0.001000,0.001000,0.001000,0.905142,1.000000,0.507922,0.001000,0.001000
0.173615,0.130799,0.170291,0.065103,0.001000,0.092210,0.013693,0.629945,0.001000
0.001000,0.001000,0.306869,0.001000,0.001000,0.001000,0.001000,0.001000,0.001000
0.378917,1.000000,0.001000,1.000000,0.799669,0.424495,0.001000,1.000000,0.001000
1.000000,0.747991,1.000000,0.554445,0.942332,0.001000,0.001000,0.001000,1.000000
0.001000,0.757582,0.757752,1.000000,0.001000,0.001000,0.307236,0.710884,0.169603
0.001000,1.000000,0.412358,0.799999,0.115626,0.172620,0.455836,0.001000,0.001000
0.268144,0.318112,0.001000,1.000000,0.001000,1.000000,0.496443,1.000000,1.000000
0.493645,0.001000,0.884488,0.001000,1.000000,0.355175,1.000000,0.001000,0.001000
0.001000,0.001000,0.247865,0.362598,0.001000,0.001000,0.001000,1.000000,0.001000
1.000000,0.962836,0.264233,0.001000,0.228037,1.000000,0.620432,0.674952,0.001000
0.001000,0.001000,0.182828,0.001000,0.001000,0.784694,0.001000,0.001000,0.001000
0.001000,0.872079,0.050047,0.398816,0.001000,1.000000,0.305880,0.472501,0.757221
0.179977,0.701615,1.000000,0.001000,0.001000,0.001000,0.001000,0.001000,0.529579
0.759337,0.198218,0.001000,0.001000,0.001000,0.626594,0.001000,0.012635,0.001000
1.000000,0.001000,0.853154,0.076068,1.000000,0.001000,1.000000,0.001000,0.001000
1.000000,0.592156,1.000000,0.278935,0.001000,1.000000,0.001000,0.001000,0.001000
0.530985,0.001000,0.001000,1.000000,1.000000,1.000000,0.182787,0.485408,0.001000
0.492860,0.672325,1.000000,0.001000,0.001000,0.001000,0.001000,0.690424,0.001000
0.619689,0.001000,0.001000,0.001000,1.000000,0.092452,0.343432,0.125585,0.001000
0.001000,0.713335,0.001000,0.317546,0.001000,0.001000,1.000000,0.001000,0.393925
0.969446,0.001000,1.000000,0.001000,0.816808,0.535897,0.265821,0.001000,0.447635
1.000000,0.483840,1.000000,0.001000,1.000000,1.000000,1.000000,0.001000,0.001000
0.001000,1.000000,0.764521,0.001000,0.001000,0.001000,1.000000,0.982853,0.001000
0.001000,0.001000,0.080348,0.821620,0.001000,0.001000,0.001000,0.150804,0.391832
1.000000,0.001000,0.888204,0.526780,1.000000,0.001000,0.001000,0.123090,0.001000
1.000000,0.001000,0.001000,0.001000,0.001000,0.668113,0.001000,0.001000,0.001000
0.001000,0.001000,0.001000,0.001000,0.980166,0.001000,0.001000,0.180081,0.001000
0.001000,0.470189,0.063974,0.001000,0.356224,0.264303,0.001000,0.141512,0.007317
1.000000,0.001000,0.048648,1.000000,0.001000,0.365585,0.001000,0.439968,0.001000
0.001000,0.001000,1.000000,0.439135,0.524071,0.153208,0.624510,0.001000,0.001000
0.001000,0.001000,0.001000,0.001000,0.001000,0.024025,0.001000,0.538286,0.001000
0.001000,0.001000,0.001000,0.001000,1.000000,0.001000,0.001000,1.000000,0.001000
1.000000,0.629096,0.946775,0.001000,1.000000,1.000000,1.000000,1.000000,0.001000
0.790576,0.001000,0.001000,0.001000,1.000000,1.000000,0.900966,1.000000,1.000000
0.001000,0.001000,0.667013,0.001000,1.000000,0.873160,0.001000,0.001000,0.195499
1.000000,1.000000,1.000000,0.001000,0.001000,0.894668,0.860674,0.001000,0.001000
0.560188,0.001000,0.001000,0.001000,1.000000,0.001000,0.001000,0.001000,0.412484
0.001000,0.001000,0.001000,0.001000,0.897109,0.941493,0.773572,0.001000,0.001000
1.000000,0.324811,0.867165,0.169180,0.376485,0.001000,0.424541,1.000000,0.001000
0.001000,1.000000,1.000000,1.000000,1.000000,1.000000,0.259025,0.001000,0.001000
0.001000,1.000000,0.332737,0.001000,0.500131,0.001000,0.001000,0.364786,0.001000
1.000000,0.001000,0.368710,0.209350,0.001000,0.001000,0.889414,0.355924,0.001000
0.001000,0.453903,0.001000,0.001000,0.206801,0.281846,0.077225,0.287009,0.369945
0.001000,0.001000,0.001000,0.082563,0.001000,1.000000,0.946614,0.001000,1.000000
0.001000,0.109116,1.000000,0.784546,1.000000,0.677786,0.001000,0.521085,0.106704
1.000000,0.543947,0.001000,0.738870,0.001000,0.001000,0.137379,0.799131,0.001000
0.580323,1.000000,0.001000,0.001000,0.336802,0.971707,0.001000,0.603402,1.000000
1.000000,0.001000,0.001000,0.485015,0.001000,0.138519,0.001000,0.927329,1.000000
0.258571,0.001000,0.001000,0.001000,0.754768,0.001000,1.000000,0.001000,0.001000
0.467316,0.001000,1.000000,0.001000,1.000000,0.697542,0.001000,1.000000,0.456445
0.073333,1.000000,1.000000,0.001000,0.552721,0.001000,0.941268,0.933334,0.028983
0.001000,0.001000,1.000000,0.001000,0.001000,0.054422,0.521168,0.902979,1.000000
1.000000,0.375790,0.001000,0.128950,0.001000,1.000000,0.340580,0.001000,0.001000
0.073228,0.001000,1.000000,1.000000,1.000000,0.468149,0.422044,1.000000,0.470031
0.001000,1.000000,0.001000,0.550628,0.001000,0.001000,0.001000,0.001000,0.001000
0.364345,0.001000,0.001000,0.364727,1.000000,1.000000,0.001000,0.001000,0.172825
0.001000,0.001000,1.000000,0.001000,0.001000,0.389670,0.133549,0.001000,0.001000
1.000000,1.000000,0.236606,0.293636,0.626851,0.001000,0.001000,0.001000,0.001000
0.001000,0.001000,0.001000,1.000000,0.001000,0.001000,0.001000,0.001000,0.001000
0.001000,1.000000,0.896442,0.001000,0.074958,0.001000,0.001000,0.338781,1.000000
1.000000,0.260798,0.976638,0.001000,0.001000,0.001000,0.141086,0.001000,0.001000
0.001000,0.001000,1.000000,0.027137,0.943264,0.496727,0.265291,1.000000,0.001000
0.001000,0.457918,0.009056,0.001000,0.001000,1.000000,0.001000,0.001000,0.001000
1.000000,0.001000,0.001000,0.001000,1.000000,0.001000,0.001000,0.067506,0.973502
0.109545,0.001000,1.000000,0.001000,0.001000,0.333471,0.522309,0.001000,0.001000
0.686371,0.001000,0.055910,0.001000,0.001000,0.001000,1.000000,0.051133,0.121550
0.001000,0.001000,0.001000,0.001000,0.001000,0.001000,0.001000,1.000000,0.001000
0.122527,0.018100,0.430141,1.000000,0.001000,0.001000,0.323157,0.919876,0.001000
0.001000,0.001000,0.001000,0.146947,0.364792,0.001000,1.000000,1.000000,0.688242
0.001000,0.001000,0.001000,0.001000,0.001000,0.001000,0.001000,0.001000,0.001000
0.143124,0.001000,0.001000,0.773673,0.001000,0.648187,1.000000,0.001000,0.217589
1.000000,0.030804,0.001000,0.001000,1.000000,1.000000,0.001000,0.001000,0.001000
0.001000,0.001000,0.159707,1.000000,0.001000,0.948517,0.491561,0.065536,0.001000
0.896838,1.000000,0.001000,0.001000,0.001000,0.001000,0.063343,0.001000,0.001000
0.001000,1.000000,0.001000,0.001000,0.001000,0.884105,0.420708,0.001000,0.198084
0.001000,0.001000,0.001000,0.001000,0.001000,0.051998,0.001000,0.001000,0.462913
0.001000,0.001000,0.001000,0.167671,0.001000,1.000000,0.407940,0.451717,0.001000
0.001000,0.001000,0.001000,0.001000,0.438042,1.000000,0.187515,0.159870,1.000000
0.001000,0.904573,1.000000,0.848456,0.001000,1.000000,1.000000,0.872079,1.000000
0.922051,1.000000,0.079680,0.981577,0.001000,0.956993,0.859640,0.739371,0.001000
0.001000,1.000000,0.001000,0.671862,0.001000,0.001000,1.000000,0.001000,0.001000
0.173333,0.135645,1.000000,0.001000,0.001000,0.001000,0.001000,1.000000,0.254416
1.000000,0.143897,0.001000,0.033179,0.340244,0.001000,0.453510,0.001000,0.001000
0.609454,0.001000,0.001000,0.001000,0.472638,1.000000,0.985706,0.445188,0.600443
0.968431,0.001000,0.170005,0.110527,0.001000,1.000000,1.000000,0.153639,0.001000
1.000000,1.000000,0.001000,0.001000,0.001000,0.001000,0.450090,0.001000,1.000000
0.140998,0.433357,1.000000,1.000000,0.673221,0.141489,0.603268,0.604317,0.001000
0.001000,0.151603,1.000000,0.001000,0.001000,0.317887,0.001000,0.001000,1.000000
0.001000,1.000000,0.001000,1.000000,0.272898,0.038263,0.001000,0.001000,0.111611
1.000000,0.001000,0.001000,0.001000,0.327947,0.136869,0.001000,0.001000,1.000000
0.646598,1.000000,1.000000,0.001000,0.001000,0.001000,0.001000,0.238355,0.001000
0.694508,0.001000,0.556951,0.001000,0.001000,1.000000,0.175967,0.001000,0.588310
0.001000,0.001000,0.163505,0.817416,1.000000,0.402301,0.001000,1.000000,0.770941
0.985852,0.001000,0.693086,0.001000,0.765031,0.001000,0.001000,1.000000,0.001000
0.784278,0.001000,0.001000,0.362347,0.351776,0.001000,0.893704,0.454419,0.001000
1.000000,0.374072,1.000000,0.011514,0.001000,0.001000,1.000000,0.001000,0.468250
0.001000,0.244586,0.359368,0.683260,0.485905,0.504964,0.053248,1.000000,0.001000
0.001000,0.200260,0.659491,0.545086,0.623794,1.000000,1.000000,1.000000,1.000000
0.040262,0.794266,0.001000,0.001000,0.001000,0.001000,0.946515,0.364721,0.001000
0.001000,1.000000,1.000000,0.583319,0.842284,0.045312,0.525704,0.001000,0.001000
0.001000,1.000000,0.891614,0.135803,0.001000,0.001000,0.001000,0.001000,0.032870
0.001000,0.529652,0.001000,0.001000,0.001000,0.723536,0.001000,0.279671,0.023331
0.001000,0.001000,1.000000,0.001000,1.000000,0.663371,0.001000,0.511979,0.001000
0.911457,0.861426,0.001000,0.001000,1.000000,0.001000,0.746130,0.001000,0.001000
0.001000,0.509426,0.001000,1.000000,0.001000,0.790826,0.001000,0.001000,1.000000
0.001000,0.007180,0.481289,0.001000,0.054604,1.000000,0.001000,0.396589,0.538221
0.822810,0.007638,0.016421,0.001000,1.000000,1.000000,0.001000,0.493316,0.001000
1.000000,0.001000,0.062462,0.747024,0.001000,1.000000,0.965269,0.001000,0.001000
0.001000,0.631393,1.000000,0.903158,0.001000,0.001000,0.001000,0.001000,1.000000
0.001168,0.278560,0.746370,1.000000,0.001000,0.206576,0.972351,0.001000,0.001000
0.935698,0.797100,0.262011,0.001000,0.001000,1.000000,0.001000,0.001000,0.464856
0.209732,0.001000,0.001000,0.739266,0.951917,1.000000,1.000000,0.001000,0.506268
1.000000,0.442358,0.001000,0.230780,0.001000,0.981086,0.001000,0.001000,1.000000
0.001000,0.360867,0.001000,0.331377,0.080759,0.001000,0.447572,0.001000,0.001000
0.268533,1.000000,0.001000,0.001000,0.192717,0.468852,0.001000,0.001000,0.001000
0.049470,0.853994,0.187944,0.001000,0.001000,1.000000,0.505919,0.001000,0.001000
0.001000,0.001000,0.275925,0.604804,0.966380,0.001000,0.001000,0.685140,0.001000
0.001000,0.001000,0.001000,0.001000,0.001000,0.001000,0.001000,1.000000,1.000000
0.793375,1.000000,0.001000,0.001000,1.000000,0.001000,0.072854,0.488986,0.001000
0.001000,0.001000,1.000000,0.001000,0.001000,1.000000,1.000000,0.001000,0.001000
0.001000,0.001000,0.001000,1.000000,0.001000,0.325897,0.001000,0.001000,0.606070
1.000000,0.001000,1.000000,0.533505,0.570555,0.444145,0.001000,0.758537,0.220346
0.623912,0.554619,0.123796,0.001000,0.103130,0.001000,0.514591,0.169581,0.082163
0.001000,0.001000,0.001000,1.000000,0.170295,0.001000,0.203308,0.374147,0.450026
0.170084,0.001000,0.896552,0.578758,0.001000,0.206689,0.001000,1.000000,1.000000
1.000000,0.197359,0.496451,0.121951,1.000000,0.960715,0.071934,1.000000,0.220644
1.000000,0.001000,0.335794,0.001000,0.001000,0.001000,1.000000,0.442345,0.001000
0.001000,0.085456,0.001000,0.348864,0.001000,1.000000,0.001000,0.200488,0.001000
0.843820,0.001000,0.001000,0.822160,0.001000,0.790762,0.309198,0.446988,0.460098
0.028732,0.001000,0.001000,0.001000,0.656014,0.001000,0.001000,1.000000,1.000000
1.000000,0.001000,0.001000,0.535181,1.000000,1.000000,0.001000,0.001000,0.647604
0.743415,0.001000,0.998363,0.508499,0.591894,0.290588,0.387745,0.348381,0.001000
1.000000,1.000000,1.000000,1.000000,0.001000,1.000000,1.000000,0.562560,0.320518
0.001000,0.637319,0.598916,0.001000,0.387450,0.001000,0.366207,0.762288,0.001000
0.235508,0.001000,0.346115,1.000000,0.001000,0.001000,0.538658,0.001000,0.001000
0.001000,0.438193,0.001000,0.001000,0.001000,0.196760,0.001000,0.001000,1.000000
0.001000,0.505887,1.000000,0.261044,0.308795,0.001000,0.001000,0.001000,0.001000
0.001000,0.001000,0.140246,0.366800,1.000000,0.001000,0.001000,1.000000,1.000000
0.870681,0.001000,1.000000,0.001000,1.000000,0.001000,0.001000,0.001000,0.424827
0.001000,0.755275,1.000000,0.830673,0.693838,0.001000,0.908504,0.107607,0.001000
0.001000,0.094682,0.949193,0.001000,0.001000,1.000000,1.000000,0.001000,0.642244
1.000000,0.444338,0.405647,0.001000,0.001000,0.001000,0.334981,1.000000,0.001000
0.001000,0.574029,0.001000,0.232171,0.001000,0.110622,0.001000,0.082157,0.249816
1.000000,0.001000,0.942613,0.001000,0.662042,0.001000,1.000000,0.001000,0.001000
0.001000,1.000000,1.000000,1.000000,0.192472,1.000000,1.000000,0.001000,0.274452
0.001000,0.001000,0.619147,0.485256,0.001000,0.001000,0.001000,0.001000,0.001000
0.101692,0.853675,0.002734,0.001000,0.001000,0.001000,0.001000,0.363951,0.026256
0.001000,1.000000,1.000000,1.000000,0.001000,0.568555,0.001000,0.944019,0.001000
1.000000,0.325321,1.000000,0.001000,0.001000,0.001000,0.411912,0.001000,0.001000
1.000000,0.001000,1.000000,0.099683,0.787072,0.101294,0.001000,0.157835,0.026485
1.000000,0.001000,0.001000,0.491323,1.000000,0.001000,0.015763,1.000000,0.079326
0.001000,0.174119,0.691743,0.001000,0.001000,0.081101,1.000000,1.000000,0.156078
0.760356,0.001000,0.174140,0.452680,0.001000,0.874774,0.001000,0.001000,0.371411
0.001000,0.287224,0.001000,0.001000,0.598970,1.000000,0.952471,0.300012,0.001000
0.001000,0.001000,0.317299,0.001000,0.179225,1.000000,0.001000,0.898166,1.000000
0.496267,0.579623,0.827485,0.008426,0.650479,0.001000,0.001000,0.001000,0.001000
0.792500,0.001000,1.000000,0.001000,0.001000,0.001000,0.001000,0.001000,0.743500
0.001000,1.000000,0.001000,0.001000,0.001000,0.001000,0.001000,0.001000,0.001000
0.001000,0.119113,1.000000,1.000000,1.000000,0.199285,0.001000,0.593759,0.001000
0.001000,1.000000,0.087332,1.000000,0.905291,0.473252,0.001000,0.361868,0.001000
0.001000,0.732433,0.001000,0.849874,0.001000,0.001000,1.000000,0.240793,0.001000
0.100567,0.148138,0.552098,1.000000,1.000000,0.262292,0.001000,0.478343,0.521608
0.001000,0.001000,0.695557,0.001000,1.000000,0.499166,1.000000,1.000000,0.803581
1.000000,0.098413,0.449036,0.001000,0.719011,0.001000,1.000000,0.537718,0.522802
0.358807,1.000000,0.001000,0.322845,0.972869,1.000000,0.243533,1.000000,0.866305
0.111142,0.001000,0.144342,0.315192,0.001000,0.001000,1.000000,0.001000,0.850309
0.001000,0.605578,0.001000,0.001000,0.001000,0.236372,0.001000,0.001000,0.001000
1.000000,0.001000,1.000000,0.001000,0.001000,0.001000,0.956774,0.001000,0.338997
0.001000,0.001000,0.779130,0.001000,0.883329,0.001000,0.001000,0.522904,0.001000
0.040705,0.001000,0.001000,1.000000,0.001000,0.001000,1.000000,0.317264,0.769914
0.001000,0.414511,0.001000,0.228198,0.001000,0.001000,1.000000,0.001000,0.001000
1.000000,0.001000,0.001000,0.331731,0.001000,1.000000,0.001000,0.473761,0.770535
0.001000,0.001000,0.001000,0.461961,0.001000,0.465586,1.000000,0.001000,0.787111
0.794162,0.048102,0.001000,0.918741,0.001000,0.299906,0.001000,1.000000,0.951153
0.627024,1.000000,1.000000,0.001000,0.001000,0.001000,0.416845,0.001000,1.000000
0.001000,0.001000,0.001000,1.000000,0.001000,0.825298,0.184690,0.420881,0.001000
0.001000,0.001000,0.001000,0.001000,0.001000,1.000000,0.001000,0.001000,0.565741
0.001000,0.057740,0.001000,0.886777,1.000000,0.001000,0.001000,0.075152,0.634380
1.000000,0.001000,0.023505,1.000000,1.000000,0.890784,1.000000,0.429334,0.001000
0.433793,0.452302,0.055616,0.293685,0.228682,0.706336,0.498726,0.082195,1.000000
0.099970,0.243687,0.505230,0.837235,0.001000,0.178028,1.000000,0.001000,0.001000
0.001000,0.190496,1.000000,0.001000,0.001000,0.951312,0.623710,0.001000,0.425574
0.205684,0.597345,1.000000,0.001000,0.001000,0.001000,0.386589,0.204201,0.001000
1.000000,0.101324,0.001000,0.196845,0.167819,1.000000,1.000000,0.001000,0.863595
0.001000,0.328682,1.000000,0.807261,0.001000,1.000000,0.651245,0.393784,0.001000
0.600624,0.122544,0.001000,0.001000,0.001000,1.000000,0.001000,0.001000,0.001000
1.000000,0.001000,0.245253,0.019713,0.001000,0.548933,1.000000,0.001000,0.968406
0.001000,1.000000,0.861908,0.640505,0.386754,0.001000,0.001000,0.251538,0.501777
1.000000,0.501863,0.532412,1.000000,1.000000,0.001000,0.001000,0.001000,0.054700
0.001000,0.001000,1.000000,0.025313,0.001000,0.001000,0.001000,0.001000,0.001000
0.001000,1.000000,0.233161,0.144633,0.001000,0.544978,0.001000,0.629823,0.725145
0.001000,0.652203,0.001000,1.000000,0.001000,0.423001,0.380888,0.715707,0.001000
1.000000,0.001000,0.465673,1.000000,0.413928,0.001000,0.664198,0.001000,0.597057
0.947125,0.371957,0.001000,0.001000,0.001000,0.136482,0.293877,0.909963,0.001000
0.262221,0.001000,0.643456,0.001000,0.542256,0.001000,0.001000,0.653325,0.061538
0.001000,0.020282,0.001000,0.001000,0.001000,0.001000,0.162668,1.000000,0.001000
0.001000,0.355511,0.947828,0.001000,0.281790,1.000000,0.337213,1.000000,0.001000
0.001000,0.362343,0.213850,1.000000,0.001000,0.651903,0.514635,0.057726,0.001000
0.931564,0.001000,0.001000,1.000000,0.001000,0.595328,0.616160,0.609402,0.001000
1.000000,0.666920,0.715660,0.582989,0.176042,1.000000,0.001000,0.218753,0.372053
0.263306,0.001000,1.000000,0.888314,0.523945,1.000000,0.001000,0.119401,1.000000
1.000000,1.000000,0.001000,0.511489,0.001000,0.001000,0.001000,0.001000,0.334707
0.688830,0.898370,0.001000,0.076375,0.302607,0.001000,0.744137,0.793584,0.772496
0.001000,0.338571,0.018177,0.300883,1.000000,0.791458,0.001000,0.001000,0.001000
0.001000,0.472089,0.001000,0.779965,0.041816,0.239459,0.001000,0.629418,0.001000
0.001000,0.001000,0.001000,0.001000,1.000000,0.001000,0.001000,0.001000,0.446263
0.001000,0.873741,0.487850,0.001000,0.882191,0.001000,1.000000,0.001000,0.001000
1.000000,0.001000,0.144252,0.001000,0.001000,0.913458,0.066929,0.400417,0.001000
0.399288,0.001000,0.356644,0.157768,0.223902,0.601575,0.001000,0.001000,0.001000
