0.000040,0.061244,0.636397,0.000333,0.022509,0.000001
0.016651,0.134297,0.745860,0.583801,0.001000,0.676875
0.453529,0.575767,0.800993,0.001000,1.000000,0.442225
0.001000,0.001000,0.001000,0.001000,0.122620,0.361511
0.001000,0.001000,0.390359,1.000000,1.000000,0.001000
1.000000,0.001000,1.000000,0.796387,0.001000,0.227905
0.001000,0.001000,1.000000,1.000000,0.001000,0.001000
0.001000,0.139161,1.000000,0.001000,0.409023,0.191090
0.001000,0.267568,0.138193,0.510438,0.001000,0.001000
0.208954,1.000000,0.001000,0.001000,0.614250,1.000000
0.001000,0.001000,0.355203,1.000000,0.001000,0.001000
0.541172,0.001000,0.368039,0.001000,0.542199,0.001000
0.291324,0.699723,1.000000,0.001000,0.001000,0.001000
0.001000,1.000000,0.001000,0.029197,0.357033,1.000000
0.001000,0.914820,0.738345,0.001000,0.001000,0.001000
0.001000,0.958345,0.106082,0.607857,0.001000,1.000000
0.001000,0.545938,0.001000,0.001000,0.499586,0.753426
0.001000,0.001000,0.001000,1.000000,1.000000,0.001000
1.000000,0.001000,0.001000,0.001000,0.989806,0.152055
0.309321,0.001000,0.804566,0.001000,0.177673,0.944254
0.349790,0.001000,1.000000,0.848886,0.473778,0.001000
0.001000,0.001000,0.001000,1.000000,0.001000,0.175323
0.001000,0.821179,1.000000,0.001000,0.001000,0.001000
0.001000,1.000000,1.000000,0.001000,0.001000,0.820274
0.238953,0.098518,0.001000,1.000000,0.040126,0.907832
0.001000,0.001000,1.000000,1.000000,0.489638,0.129578
0.001000,0.319115,1.000000,0.775409,0.001000,0.001000
0.377725,0.001000,0.684504,0.317365,0.578342,0.001000
0.292009,0.880887,0.648724,0.225570,1.000000,0.001000
0.001000,0.001000,0.885511,0.558812,0.001000,0.383542
0.001000,0.001000,1.000000,0.767051,0.001000,0.001000
0.001000,0.001000,0.001000,1.000000,0.608197,0.001000
0.001000,0.183725,1.000000,0.001000,0.664284,0.001000
0.028946,0.001000,0.742197,0.041282,0.001000,0.098578
1.000000,1.000000,1.000000,0.541710,0.001000,0.389057
0.001000,0.742538,0.941124,0.223135,0.923336,0.001000
0.620230,0.001000,0.455982,0.798689,0.001000,0.343685
0.702743,0.464725,1.000000,0.001000,0.499759,0.606061
0.001000,0.855112,0.618080,0.001000,0.001000,1.000000
0.001000,0.001000,0.001000,0.001000,0.653385,0.001000
0.452426,1.000000,0.110462,0.001000,0.122010,0.001000
0.001000,0.016308,0.121031,1.000000,0.236989,0.785345
0.001000,1.000000,0.816791,0.001000,0.001000,0.001000
1.000000,0.001000,1.000000,0.580873,1.000000,0.001000
0.001000,0.928569,0.001000,0.001000,0.001000,0.001000
0.786061,1.000000,1.000000,0.001000,0.558308,0.063843
0.001000,0.545049,0.274502,0.001000,0.001000,0.001000
0.001000,0.001000,0.833160,0.001000,0.852289,1.000000
0.001000,0.608811,0.944477,0.001000,1.000000,1.000000
1.000000,0.609812,1.000000,0.001000,0.001000,0.001000
0.001000,0.001000,1.000000,0.001000,0.001000,0.001000
0.001000,0.313927,0.382560,0.001000,0.035528,0.001000
0.001000,0.001000,1.000000,0.850723,0.001000,1.000000
0.001000,0.391921,0.001000,0.001000,0.001000,0.001000
0.220080,0.794039,1.000000,0.001000,0.811359,0.395470
0.001000,0.502717,1.000000,0.001000,0.084276,0.001000
0.538775,0.708096,1.000000,1.000000,0.001000,0.056265
0.153517,1.000000,0.001000,1.000000,0.001000,0.413862
0.001000,0.066641,0.001000,1.000000,0.001000,0.001000
1.000000,1.000000,1.000000,0.308258,0.001000,0.001000
1.000000,0.001000,0.331125,1.000000,0.001000,0.001000
0.001000,0.395563,0.001000,0.001000,1.000000,1.000000
0.001000,0.001000,0.288017,0.001000,0.001000,0.001000
0.001000,0.338611,1.000000,0.001000,0.047028,0.001000
0.476855,0.217970,1.000000,0.001000,0.158986,1.000000
0.593417,0.056568,1.000000,0.001000,0.741757,1.000000
0.088347,0.213548,0.001000,0.001000,0.001000,0.127108
1.000000,1.000000,0.358682,1.000000,0.001000,0.611093
0.001000,0.378410,1.000000,0.130007,0.001000,1.000000
0.001000,0.001000,0.308460,0.001000,0.456979,1.000000
1.000000,0.359317,1.000000,0.001000,0.517152,0.659693
0.001000,0.916694,0.001000,0.001000,1.000000,0.251650
0.001000,0.001000,0.449564,0.001000,0.045676,1.000000
0.075884,1.000000,0.145023,0.351130,0.001000,0.001000
0.172467,0.324072,0.001000,0.947801,0.001000,0.001000
0.001000,0.001000,1.000000,0.028422,0.001000,1.000000
1.000000,0.001000,0.001000,0.001000,0.634194,0.539137
1.000000,0.890222,0.001000,0.013835,0.001000,0.534291
0.001000,0.001000,0.736467,0.001000,0.028238,0.001000
0.001000,0.729899,1.000000,0.560596,0.508847,0.193308
0.001000,0.384982,0.872972,0.258938,0.001000,1.000000
0.471047,1.000000,0.591279,0.001000,0.877935,0.905602
0.789345,0.653794,0.043925,1.000000,1.000000,0.001000
0.257531,0.001000,1.000000,0.039879,1.000000,0.001000
0.001000,0.001000,1.000000,0.537449,0.632461,0.001000
0.001000,0.001000,1.000000,1.000000,0.001000,0.001000
0.511428,1.000000,0.584377,1.000000,0.856753,0.601782
0.390088,1.000000,1.000000,0.009809,0.001000,0.690452
0.009419,0.746686,1.000000,0.128247,0.313883,0.990853
0.001000,0.966909,0.001378,0.018357,0.615205,0.001000
1.000000,0.347754,1.000000,0.001000,0.001000,0.066602
0.852783,0.001000,0.586815,0.147406,1.000000,0.528672
0.082743,0.001000,0.001000,0.001000,1.000000,0.001000
0.622965,0.251387,1.000000,1.000000,0.786506,1.000000
1.000000,0.001000,1.000000,0.001000,0.001000,0.001000
0.643211,0.766776,0.001000,0.670948,0.001000,0.001000
1.000000,0.895498,0.887406,0.171558,0.001000,1.000000
1.000000,0.001000,0.001000,1.000000,0.252347,0.366335
1.000000,1.000000,1.000000,0.585232,0.001000,0.581989
0.836307,0.123732,0.001000,0.001000,0.634959,0.001000
0.001000,0.001000,0.542864,0.001000,0.443702,0.245155
0.001000,0.629936,0.560901,0.001000,0.001000,0.001000
0.956524,0.001000,0.738408,0.001000,0.001000,1.000000
0.001000,0.001000,0.564074,0.810065,0.001000,0.001000
0.001000,0.001000,1.000000,0.001000,1.000000,0.639043
0.001000,0.714537,1.000000,0.836726,0.001000,0.001000
0.279306,0.398080,0.001000,0.001000,0.001000,0.054994
0.001000,0.628340,1.000000,0.001000,0.001000,0.419794
0.001000,0.001000,1.000000,0.495210,1.000000,0.655394
0.001000,0.616865,0.880235,0.001000,0.001000,0.001000
0.452281,1.000000,1.000000,0.001000,0.001000,0.001000
1.000000,0.001000,0.448299,0.001000,0.001000,1.000000
0.027076,0.001000,1.000000,0.864917,0.001000,1.000000
0.715190,0.001000,1.000000,0.270011,0.001000,1.000000
0.001000,0.805995,0.001000,1.000000,0.014949,0.001000
0.001000,0.955425,1.000000,0.001000,0.001000,0.001000
0.001000,0.663281,0.001000,0.078204,0.429568,0.001000
0.042005,0.155361,0.446372,0.469668,0.001000,0.001000
0.211854,0.087883,0.272207,0.001000,1.000000,0.001000
0.001000,1.000000,0.295467,0.001000,0.541096,1.000000
0.564427,0.959645,1.000000,1.000000,0.001000,1.000000
0.001000,0.164819,1.000000,0.281272,0.001000,0.434990
0.001000,0.642741,0.794391,0.925931,0.001000,0.001000
1.000000,0.232766,1.000000,0.001000,0.022455,0.001000
0.670800,0.001000,1.000000,1.000000,0.570188,0.269621
0.001000,1.000000,1.000000,1.000000,0.876884,1.000000
0.001000,0.334171,0.001000,0.520636,1.000000,0.486904
0.599345,1.000000,1.000000,0.562080,0.001000,1.000000
0.001000,0.087892,0.543717,0.085525,0.028831,0.001000
1.000000,1.000000,0.001000,0.001000,0.001000,1.000000
0.001000,0.072675,1.000000,0.001000,0.312541,0.200887
0.001000,0.001000,1.000000,0.346507,0.001000,0.001000
0.000805,0.716698,1.000000,0.001000,1.000000,0.001000
0.943463,0.899713,0.519820,0.001000,1.000000,0.574497
0.001000,0.001000,1.000000,0.001000,0.001000,0.001000
0.001000,0.712052,1.000000,0.694037,0.001000,0.001000
0.001000,0.001000,0.844017,0.001000,0.001000,0.001000
0.519523,0.722457,0.265217,1.000000,0.001000,0.001000
0.001000,1.000000,0.575542,0.001000,0.001000,0.001000
0.001000,0.001000,1.000000,0.001000,0.585863,0.001000
0.099041,0.541577,0.001000,0.001000,0.515736,0.084868
1.000000,0.001000,0.840505,0.856659,0.001000,0.244708
0.001000,1.000000,1.000000,0.927608,0.001000,0.805366
0.001000,0.295991,0.001000,0.001000,0.866293,0.444162
0.001000,0.001000,0.496623,0.736189,0.470667,0.001000
0.959787,0.001000,0.628921,1.000000,0.001000,0.007574
1.000000,0.001000,0.774498,0.686098,0.001000,1.000000
1.000000,0.001000,0.496618,0.001000,0.700203,1.000000
1.000000,0.314764,1.000000,0.001000,0.808133,0.001000
0.001000,0.682996,1.000000,1.000000,0.245084,0.259761
0.696280,0.577728,0.001000,0.181282,1.000000,0.001000
0.001000,0.001000,1.000000,0.186341,0.563915,0.001000
0.434152,1.000000,0.001000,0.001000,0.001000,0.001000
0.001000,0.001000,1.000000,0.899055,0.001000,1.000000
0.001000,0.626975,0.415165,0.697353,0.001000,0.001000
0.001000,0.001000,0.959848,0.001000,1.000000,0.001000
0.001000,0.800586,0.371095,0.001000,0.756471,0.001000
0.001000,0.612211,0.950549,1.000000,1.000000,0.498453
0.001000,0.465469,1.000000,0.001000,0.262750,1.000000
0.001000,0.001000,1.000000,1.000000,0.136900,0.257073
0.001000,0.054498,1.000000,1.000000,0.001000,0.628992
0.001000,0.001000,0.001000,0.740175,1.000000,0.001000
0.560457,0.290408,1.000000,1.000000,0.001000,0.001000
0.001000,0.001000,0.274228,0.001000,1.000000,0.001000
0.476611,0.001000,1.000000,0.001000,1.000000,1.000000
0.386791,0.001000,1.000000,1.000000,0.266855,0.001000
0.001000,0.332450,0.001000,0.001000,0.001000,1.000000
0.001000,0.001000,0.496663,0.001000,0.001000,0.817228
0.001000,0.001000,0.001000,0.747668,0.001000,0.841564
1.000000,0.001000,0.642973,0.001000,0.001000,0.001000
0.001000,0.001000,0.304309,0.289766,0.001000,0.001000
0.001000,0.001000,0.218555,0.001000,0.339950,0.092205
0.001000,0.001000,0.001000,0.001000,1.000000,0.586609
0.429003,0.001000,0.281000,0.001000,1.000000,0.776048
1.000000,0.001000,1.000000,0.505479,0.952511,0.001000
0.001000,0.001000,0.620495,0.001000,0.001000,0.001000
0.001000,0.001000,0.219895,1.000000,0.001000,0.372370
1.000000,0.530163,1.000000,1.000000,0.001000,0.001000
0.635535,1.000000,0.923134,1.000000,1.000000,0.001000
0.992831,1.000000,0.001000,1.000000,0.001000,0.001000
0.453779,0.951786,0.898347,0.091533,0.587025,1.000000
0.738286,0.055525,0.001000,0.330993,0.001000,0.101370
1.000000,0.001000,0.389056,0.001000,0.001000,0.001000
0.001000,0.001000,1.000000,0.001000,0.001000,0.001000
0.341563,0.256259,0.256894,0.001000,0.001000,1.000000
0.678300,0.001000,0.456679,0.001000,0.001000,0.001000
1.000000,0.001000,1.000000,0.001000,0.387219,0.183236
1.000000,0.657054,1.000000,0.066103,0.001000,0.001000
0.001000,0.309120,0.400756,0.001000,0.001000,0.001000
0.001000,1.000000,1.000000,0.755170,1.000000,0.001000
0.001000,0.090639,0.001000,0.001000,0.869873,0.001000
0.964825,0.001000,0.280793,1.000000,0.001000,0.001000
0.002236,0.001000,0.332719,0.001000,0.518959,0.001000
0.288082,0.238690,0.001000,0.476040,0.005863,0.001000
0.001000,0.001000,0.036209,0.001000,0.001000,0.001000
0.001000,0.454239,0.986074,0.379415,0.001000,0.001000
0.848408,0.664131,0.675135,0.001000,1.000000,1.000000
0.001000,1.000000,0.047568,0.001000,0.711343,0.001000
0.001000,0.001000,1.000000,0.244502,0.399577,0.340363
1.000000,0.997933,1.000000,0.001000,0.088262,0.001000
0.434863,0.001000,0.323435,0.001000,0.001000,0.353487
0.813924,0.387977,0.001000,0.676498,0.272940,0.817234
1.000000,0.078677,0.001000,0.001000,0.781096,1.000000
1.000000,0.277655,0.526998,0.001000,0.001000,0.001000
1.000000,0.001000,0.177554,1.000000,0.001000,0.972245
0.499150,0.557261,0.564868,0.001000,0.001000,0.001000
0.001000,0.001000,1.000000,0.001000,1.000000,0.630647
1.000000,0.593046,0.001000,1.000000,1.000000,0.001000
0.001000,0.001000,1.000000,0.001000,0.001000,0.001000
0.021721,0.037871,0.617981,1.000000,0.001000,0.327825
0.336991,0.001000,0.135888,1.000000,0.531845,0.001000
1.000000,0.176693,1.000000,0.001000,0.001000,0.001000
0.001000,0.306961,0.627928,0.001000,0.001000,0.001000
0.001000,0.573562,0.138778,1.000000,1.000000,0.693355
0.001000,0.001000,0.001000,0.001000,1.000000,1.000000
0.001000,0.001000,0.416475,0.001000,1.000000,0.001000
0.060317,1.000000,1.000000,0.001000,0.001000,1.000000
0.001000,0.001000,0.916244,1.000000,0.001000,1.000000
1.000000,0.232966,1.000000,0.001000,1.000000,1.000000
0.001000,0.242079,1.000000,1.000000,0.390394,0.001000
0.240081,0.099711,1.000000,0.001000,0.001000,1.000000
1.000000,0.001000,0.256640,0.001000,0.001000,0.001000
0.617201,1.000000,1.000000,0.001000,1.000000,1.000000
0.001000,1.000000,1.000000,0.001000,0.655626,0.738361
0.001000,0.001000,0.131910,1.000000,0.001000,0.001000
0.001000,0.001000,0.001000,0.001000,1.000000,0.001000
1.000000,0.756287,1.000000,0.001000,1.000000,1.000000
0.001000,0.947475,0.001000,0.001000,0.576940,0.828317
0.001000,1.000000,0.775233,0.001000,0.183978,0.001000
0.001000,0.697854,0.001000,0.001000,0.001000,1.000000
0.671903,0.437533,0.001000,1.000000,1.000000,0.359490
0.444048,0.229909,0.001000,0.001000,0.001000,0.001000
0.001000,1.000000,0.001000,0.338039,0.001000,0.916673
0.001000,0.454370,0.001000,0.001000,0.001000,0.587003
0.001000,1.000000,1.000000,0.001000,0.001000,0.258931
0.001000,0.161423,0.875370,0.001000,1.000000,0.001000
0.958609,0.001000,0.001000,0.812937,0.001000,1.000000
1.000000,0.768534,1.000000,0.001000,0.678085,0.001000
1.000000,0.001000,0.720851,0.001000,0.745792,0.001000
0.001000,0.001000,0.001000,1.000000,0.001000,1.000000
0.001000,1.000000,0.001000,0.001000,0.001000,0.001000
0.001000,0.465048,1.000000,0.493338,1.000000,0.713782
0.889619,1.000000,1.000000,0.001000,0.108569,0.001000
0.938921,0.998120,0.443732,0.323461,1.000000,0.001000
0.001000,0.075839,0.143639,1.000000,0.001000,0.001000
1.000000,0.001000,0.600659,0.195965,0.001000,1.000000
0.001000,0.001000,0.289711,0.810938,0.001000,0.001000
0.001000,0.001000,0.738665,0.795679,0.001000,0.001000
0.001000,0.886298,0.779349,0.277545,0.552618,0.001000
0.213807,0.262520,0.809725,0.834418,0.001000,0.001000
0.001000,1.000000,0.001000,1.000000,0.873487,1.000000
0.001000,0.533881,1.000000,0.805167,0.479267,0.001000
0.933731,0.001000,0.901137,0.575106,0.205326,0.974275
0.001000,0.001000,0.001000,1.000000,0.001000,0.001000
0.431060,0.652260,0.001000,0.394817,0.870783,0.001000
1.000000,0.001000,0.001000,0.001000,1.000000,0.001000
0.824518,0.076749,0.852755,0.001000,0.907131,0.240708
0.001000,0.001000,0.001000,0.001000,0.708252,0.001000
0.199604,0.001000,1.000000,0.041469,0.001000,1.000000
0.001000,0.047507,0.001000,0.001000,0.022853,0.001000
1.000000,0.001000,0.001000,0.001000,0.001000,0.231650
1.000000,1.000000,0.001000,0.001000,0.381627,0.001000
1.000000,0.001000,1.000000,0.193714,0.272750,0.170170
0.013374,0.198846,1.000000,0.001000,0.000531,0.001000
1.000000,0.284241,0.001000,0.532813,1.000000,0.001000
0.011604,0.001000,0.071633,1.000000,0.792921,0.638199
1.000000,0.001000,0.578758,0.001000,1.000000,0.001000
0.001000,0.076814,1.000000,0.796567,1.000000,0.001000
0.205740,0.081020,0.299048,0.424510,1.000000,0.001000
0.001000,0.001000,1.000000,1.000000,0.316309,0.751557
0.001000,1.000000,0.001000,0.001000,1.000000,0.325235
1.000000,0.001000,0.466284,0.334919,1.000000,0.001000
0.001000,0.104069,0.700152,1.000000,0.001000,0.001000
0.001000,0.274807,1.000000,0.001000,0.001000,0.001000
0.941912,0.001000,1.000000,0.307843,0.001000,0.397601
0.001000,0.001000,0.001000,0.001000,0.001000,0.203192
0.001000,0.001000,0.001000,0.311964,1.000000,0.342882
0.916185,1.000000,0.865146,0.704052,0.894344,0.001000
0.206461,0.001000,0.905683,0.001000,0.108358,0.899421
1.000000,0.001000,1.000000,0.001000,0.287374,1.000000
0.159471,0.001000,0.169030,0.001000,1.000000,0.001000
0.126235,0.001000,1.000000,0.001000,1.000000,1.000000
1.000000,0.001000,0.119797,0.807692,0.001000,0.008533
0.058624,0.001000,0.870759,1.000000,0.001000,1.000000
0.130191,0.001000,1.000000,0.860951,1.000000,0.001000
0.001000,0.001000,0.213322,0.675531,0.001000,0.001000
0.001000,0.001000,0.001000,1.000000,0.001000,0.001000
0.001000,0.001000,0.001000,0.001000,0.001000,0.001000
0.001000,0.001000,1.000000,0.001000,1.000000,1.000000
0.359205,0.251378,1.000000,0.336018,0.001000,0.189440
0.001000,0.378497,1.000000,0.001000,1.000000,0.443427
0.001000,1.000000,1.000000,0.001000,0.001000,1.000000
0.001000,0.333444,0.574074,0.480729,0.001000,0.001000
0.528459,0.172204,0.667888,0.001000,0.001000,0.319983
0.382143,0.001000,0.001000,0.030945,0.733852,0.001000
0.332656,0.703529,0.001000,0.001000,1.000000,0.834977
0.001000,0.352466,0.001000,1.000000,1.000000,0.001000
1.000000,1.000000,0.823493,0.001000,0.001000,0.001000
0.001000,0.537043,1.000000,0.001000,0.963606,0.465085
0.001000,0.001000,0.167807,0.001000,0.127023,0.059853
0.001000,0.001000,1.000000,0.206607,0.001000,0.001000
1.000000,0.001000,1.000000,0.905560,0.123453,1.000000
0.040582,0.663446,0.929598,0.308213,0.001000,0.067081
0.001000,1.000000,0.001000,0.001000,1.000000,0.001000
0.001000,0.001000,0.001000,0.736877,0.822749,0.001000
0.001000,0.001000,0.924387,0.078080,0.389554,0.001000
0.001783,0.001000,0.001000,0.001000,0.001000,0.556671
0.778915,0.158077,1.000000,0.112309,0.001000,1.000000
0.341229,0.001000,1.000000,1.000000,0.001000,0.114574
0.347387,0.001000,1.000000,0.749972,0.001000,0.229575
0.001000,0.001000,0.035776,0.650022,0.001000,0.001000
0.643799,0.277062,0.001000,0.184969,0.001000,0.014112
1.000000,1.000000,0.001000,0.206363,0.001000,1.000000
0.370695,0.001000,1.000000,1.000000,0.934963,1.000000
0.180725,0.985897,0.372982,0.001000,0.001000,1.000000
0.614056,0.001000,0.001000,0.001000,1.000000,0.139172
0.111848,0.979853,1.000000,1.000000,0.001000,0.001000
0.001000,0.018595,0.001000,0.001000,0.001000,1.000000
0.747122,0.354733,0.631591,0.001000,0.001000,0.001000
0.001000,0.001000,0.001000,0.157654,1.000000,0.001000
0.913212,1.000000,1.000000,0.701019,0.001000,0.001000
0.001000,0.001000,1.000000,0.671992,0.001000,0.001000
0.475868,0.001000,1.000000,0.547244,0.001000,0.659125
0.001000,1.000000,0.001000,0.001000,0.001000,0.001000
1.000000,0.001000,0.477360,0.778305,0.001000,0.001000
0.001000,0.090487,0.918218,1.000000,0.172376,1.000000
0.001000,0.001000,0.185399,1.000000,1.000000,0.635729
1.000000,0.001000,1.000000,1.000000,0.001000,0.001000
0.378749,1.000000,1.000000,0.001000,0.001000,1.000000
1.000000,1.000000,0.937120,0.001000,0.001000,0.890446
0.001000,0.001000,0.912782,0.974855,0.001000,0.001000
0.001000,0.001000,1.000000,0.369237,0.303481,1.000000
0.001000,0.001000,0.200570,0.001000,0.001000,0.001000
0.001000,0.001000,0.082019,0.001000,0.001000,0.413518
0.502362,0.566874,0.332173,0.001000,0.001000,0.587976
0.001000,0.001000,0.001000,1.000000,0.054915,0.379481
0.874182,1.000000,0.001000,0.418164,0.001000,0.001000
0.791021,0.466306,0.657476,0.001000,0.001000,0.001000
0.001000,0.001000,1.000000,1.000000,0.001000,0.009029
0.345658,0.001000,1.000000,0.001000,0.811517,0.409198
0.001000,0.001000,0.833275,1.000000,0.001000,1.000000
0.001000,0.001000,1.000000,0.281465,0.300266,0.001000
0.001000,0.001000,0.084934,0.990019,0.138914,0.051996
0.001000,0.104568,0.389490,0.001000,0.851481,0.001000
1.000000,0.001000,0.511999,0.001000,0.001000,0.001000
0.148435,0.527374,0.245761,0.001000,1.000000,0.001000
0.001000,0.336123,0.515814,1.000000,0.001000,0.114921
0.840986,1.000000,1.000000,0.001000,0.001000,0.001000
0.566209,0.579103,1.000000,0.001000,0.001000,0.001000
0.350505,0.001000,1.000000,0.001000,0.165754,0.185625
0.001000,0.001000,1.000000,0.001000,0.001000,0.001000
0.582205,1.000000,1.000000,0.001000,0.411458,0.001000
0.524764,0.001000,0.627783,0.001000,0.001000,1.000000
1.000000,0.001000,1.000000,0.001000,0.001000,0.227982
0.799961,0.001000,0.603338,0.009752,0.001000,0.001000
0.499258,0.496474,0.001000,1.000000,0.001000,0.001000
1.000000,0.001000,0.001000,1.000000,0.001000,0.456823
1.000000,0.001000,0.133738,0.001000,0.601388,0.001000
1.000000,0.481416,1.000000,0.987237,0.001000,1.000000
0.135937,0.001000,1.000000,0.001000,0.001000,0.470194
1.000000,0.001000,0.001000,1.000000,0.001000,0.434648
0.001000,1.000000,0.600573,0.497895,0.001000,0.001000
1.000000,0.803934,1.000000,0.001000,1.000000,0.001000
0.765176,1.000000,0.734438,0.001000,0.001000,0.262437
0.001000,0.036217,1.000000,0.001000,1.000000,0.001000
0.196221,0.221068,1.000000,0.001000,1.000000,1.000000
0.001000,1.000000,0.273752,0.001000,0.001000,0.001000
1.000000,0.001000,1.000000,0.001000,0.001000,0.001000
0.001000,0.001000,1.000000,0.655172,0.857678,1.000000
0.001000,0.001000,0.183607,0.001000,0.001000,0.147788
0.024809,0.281962,0.001000,0.001000,0.270590,1.000000
0.376698,1.000000,0.277065,1.000000,0.001000,0.001000
0.242041,0.140486,0.001000,0.671737,0.321085,0.151873
0.001000,0.001000,1.000000,0.002442,0.001000,1.000000
1.000000,0.502172,1.000000,0.057494,0.001000,0.001000
1.000000,0.893038,1.000000,0.001000,0.449602,0.001000
0.719450,0.001000,1.000000,1.000000,1.000000,0.001000
0.028154,0.454880,1.000000,0.001000,0.001000,0.001000
0.001000,0.001000,1.000000,1.000000,1.000000,0.001000
0.001000,0.001000,0.883010,0.001000,0.134581,0.001000
1.000000,0.001000,0.416839,0.001000,0.001000,0.616602
0.001000,1.000000,0.001000,0.001000,0.072367,0.001000
1.000000,0.001000,0.001000,0.989627,0.522313,0.001000
1.000000,0.643188,1.000000,0.001000,1.000000,1.000000
0.001000,0.001000,1.000000,0.001000,0.001000,0.133275
1.000000,0.001000,0.001000,0.001000,0.001000,0.001000
0.835870,0.068433,1.000000,0.881265,1.000000,1.000000
0.001000,0.234823,1.000000,0.001000,0.001000,0.289557
0.139234,0.001000,0.697805,0.768859,0.482099,0.001000
0.997797,0.001000,1.000000,0.001000,0.001000,0.487513
0.742620,1.000000,1.000000,0.001000,0.190072,0.001000
1.000000,1.000000,0.001000,0.001000,0.001000,0.001000
1.000000,0.001000,0.865218,0.140808,0.001000,0.001000
0.087455,0.001000,1.000000,1.000000,0.001000,0.001000
0.001000,1.000000,0.001000,0.903968,0.001000,0.001000
0.001000,0.614826,1.000000,0.023026,0.001000,0.001000
0.001000,0.816545,1.000000,1.000000,0.001000,1.000000
0.029745,0.001000,1.000000,0.001000,0.761520,1.000000
0.001000,0.126287,1.000000,0.001000,1.000000,0.224638
0.603947,0.001000,0.033435,0.001000,0.001000,0.001000
0.717576,0.085891,0.217542,0.001000,0.001000,0.001000
1.000000,0.001000,0.909325,0.970898,0.001000,1.000000
0.772890,0.001000,1.000000,0.808016,0.001000,0.001000
0.034824,0.871283,0.164908,0.001000,0.972906,1.000000
0.001000,1.000000,0.976499,0.001000,0.001000,0.423659
0.001000,0.001000,0.001000,0.126946,0.001000,0.001000
0.001000,0.040478,1.000000,0.546549,0.005247,0.591851
1.000000,0.001000,0.001000,0.001000,0.322284,1.000000
1.000000,0.001000,1.000000,0.045803,0.265186,0.001000
1.000000,0.001000,0.114709,0.001000,0.001000,0.001000
0.001000,0.001000,0.530808,0.770642,0.001000,0.025961
0.001000,0.749198,0.622484,0.398964,0.851160,1.000000
0.240580,0.001000,0.223529,1.000000,0.001000,0.001000
0.001000,1.000000,1.000000,0.959810,0.815684,1.000000
0.517445,0.385845,1.000000,1.000000,0.001000,0.001000
0.259412,0.442714,0.976917,0.001000,0.001000,0.001000
0.001000,0.888750,0.522669,0.526330,1.000000,0.001000
0.865244,0.001000,0.001000,1.000000,0.001000,0.110527
0.549966,0.001000,1.000000,1.000000,0.001000,0.842143
0.001000,0.001000,1.000000,0.001000,1.000000,0.001000
1.000000,0.663947,0.001000,0.001000,0.978225,0.467156
0.001000,0.001000,0.892137,0.001000,1.000000,0.001000
0.001000,0.001000,0.452052,1.000000,0.896245,1.000000
0.001000,0.001000,1.000000,1.000000,0.749461,0.001000
0.051003,1.000000,1.000000,0.001000,0.001000,0.235466
0.037383,0.105134,1.000000,0.041785,1.000000,0.001000
0.427317,0.107736,0.181223,0.001000,0.001000,1.000000
1.000000,1.000000,1.000000,1.000000,1.000000,0.001000
0.001000,0.404146,1.000000,1.000000,0.001000,0.001000
0.001000,0.082983,1.000000,0.345892,0.804717,0.871221
0.001000,0.148159,0.773322,0.001000,0.424544,0.001000
0.001000,0.001000,1.000000,0.442571,0.573938,0.119032
0.001000,0.001000,0.001000,0.079115,0.161746,0.001000
0.001000,0.001000,0.536001,0.001000,0.001000,1.000000
0.566247,0.001000,1.000000,0.001000,0.001000,0.001000
0.001000,0.382640,0.140297,0.912403,0.001000,0.117908
0.025165,0.001000,1.000000,1.000000,0.123135,1.000000
1.000000,0.001000,1.000000,0.001000,0.001000,0.136380
0.001000,0.935453,0.269908,0.531776,0.826481,0.001000
0.457718,0.534523,1.000000,0.001000,0.001000,0.001000
0.001000,1.000000,1.000000,0.001000,0.741672,0.322233
0.001000,0.039895,0.615167,0.198837,1.000000,0.302664
1.000000,0.001000,0.001000,1.000000,1.000000,0.524582
0.001000,0.001000,0.001000,0.155419,0.001000,1.000000
0.001000,1.000000,0.001000,1.000000,1.000000,0.001000
1.000000,0.001000,0.064817,0.001000,0.001000,1.000000
0.931955,0.001000,1.000000,0.125797,1.000000,0.001000
0.511106,0.001000,1.000000,1.000000,0.974527,0.016486
0.001000,0.870783,0.118756,0.677160,0.584118,0.395168
0.562398,0.001000,0.001000,0.001000,0.001000,0.001000
0.001000,0.001000,0.434328,0.001000,0.001000,0.001000
0.503043,0.450880,1.000000,0.001000,0.001000,0.001000
1.000000,0.149326,0.001000,0.001000,0.001000,0.001000
1.000000,0.001000,0.001000,0.001000,1.000000,0.411071
0.676085,0.501576,1.000000,0.001000,0.616393,0.001000
0.001000,0.001000,0.001000,1.000000,0.001000,0.001000
0.001000,0.001000,0.001000,0.001000,0.001000,0.066708
0.001000,0.001000,1.000000,0.481094,0.477219,0.001000
0.001000,0.001000,0.299464,0.001000,0.001000,0.448186
0.001000,0.001000,0.105986,0.133809,0.371218,0.381280
0.001000,0.001000,0.886463,1.000000,0.001000,0.317145
0.214231,1.000000,0.001000,0.001000,0.559051,0.001000
0.466628,1.000000,1.000000,0.001000,0.388226,0.759688
0.001000,0.001000,1.000000,0.046111,0.001000,0.001000
0.951726,0.001000,0.394354,0.001000,0.001000,0.001000
0.127277,0.749387,0.005134,1.000000,0.779269,0.001000
0.126638,0.433020,0.115332,0.826351,0.681124,0.001000
0.274723,1.000000,0.001000,0.433666,0.707570,0.381252
1.000000,0.682023,0.431279,0.230644,0.806126,0.512608
0.397893,0.001000,1.000000,0.646531,0.001000,1.000000
0.001000,1.000000,0.535704,0.478616,1.000000,0.001000
0.000856,0.059881,1.000000,0.119009,0.433036,1.000000
0.103593,0.001000,0.001000,0.986013,0.394293,0.001000
0.678317,1.000000,0.001000,0.001000,0.001000,0.001000
1.000000,0.298541,0.506810,0.001000,0.001000,0.834098
1.000000,0.001000,0.001000,0.001000,0.001000,0.001000
0.001000,0.001000,0.932411,0.643415,0.001000,0.001000
0.001000,0.001000,0.001000,0.001000,0.697345,0.001000
0.001000,0.046853,0.001000,0.001000,0.572622,0.001000
0.342127,0.001000,0.387242,0.750301,0.001000,1.000000
0.001000,0.870672,1.000000,0.001000,0.967212,0.357399
0.001000,0.296998,0.086392,0.461796,0.024798,0.001000
1.000000,0.406168,0.700463,0.500362,0.732945,0.001000
0.001000,1.000000,0.168423,0.001000,0.001000,0.001000
0.219697,0.001000,0.001000,0.001000,1.000000,0.001000
0.001000,1.000000,0.492956,1.000000,0.317617,0.001000
0.942352,0.001000,1.000000,0.001000,0.571512,0.001000
0.790723,1.000000,0.001000,0.001000,0.387581,0.001000
0.001000,0.001000,0.001000,0.001000,0.078192,0.255959
0.001000,0.001000,1.000000,1.000000,0.941601,1.000000
0.001000,0.823278,0.913524,0.847534,0.437266,0.001000
1.000000,0.001000,0.024996,0.001000,0.001000,0.306804
0.875496,0.214051,0.059875,0.001000,0.001000,0.001000
0.001000,0.001000,0.919674,0.001000,0.918914,0.001000
0.705731,0.001000,1.000000,0.001000,0.001000,0.001000
0.001000,0.001000,1.000000,0.539204,1.000000,0.685177
0.147887,0.001000,1.000000,0.102005,0.001000,0.046791
0.001000,0.073004,0.001000,0.198153,0.001000,0.170937
0.001000,1.000000,0.947751,0.904275,0.152575,0.137499
0.001000,0.373304,0.001000,0.001000,0.568469,0.001000
0.011280,0.448136,0.957781,0.001000,1.000000,1.000000
0.256757,0.997389,1.000000,0.588007,0.001000,0.210342
0.001000,1.000000,0.001000,0.108536,0.001000,0.518497
0.074363,0.001000,1.000000,0.001000,0.001000,1.000000
0.001000,0.001000,1.000000,0.479000,0.001000,0.001000
1.000000,0.001000,1.000000,0.068770,0.001000,0.001000
0.129635,0.497044,0.001000,0.001000,0.217307,0.001000
0.089509,0.745199,0.001000,0.001000,0.107015,1.000000
0.634956,0.209986,0.736018,0.001000,0.001000,0.001000
0.001000,1.000000,1.000000,0.001000,0.001000,0.001000
0.001000,0.001000,0.001000,0.353451,0.001000,0.226548
0.398644,0.001000,1.000000,1.000000,0.001000,0.001000
0.001000,0.089000,0.486758,0.001000,0.119789,1.000000
0.001000,0.001000,0.920497,0.957441,0.970044,0.001000
1.000000,0.001000,0.887598,0.001000,0.856858,0.001000
0.001000,0.001000,0.275660,0.001000,0.188294,0.001000
0.001000,0.205573,0.465947,0.301821,0.048756,0.001000
1.000000,0.001000,0.001000,1.000000,0.815822,1.000000
0.001000,0.001000,0.422448,0.080313,0.001000,0.001000
0.001000,1.000000,1.000000,0.001000,0.001000,0.463761
0.106307,0.001000,0.183396,0.938307,0.074042,0.211050
0.291103,0.873182,1.000000,0.001000,0.001000,0.678925
0.001000,0.187574,0.001000,0.001000,0.001000,0.001000
0.155294,0.018329,0.009617,0.001000,0.001000,0.695825
0.001000,0.001000,0.001000,0.001000,0.261336,0.001000
0.001000,1.000000,0.292265,0.001000,0.001000,0.001000
0.001000,0.001000,1.000000,0.001000,0.811415,1.000000
0.001000,1.000000,1.000000,0.359478,0.001000,0.001000
0.001000,0.001000,0.853839,0.023612,0.001000,1.000000
1.000000,0.643736,0.222226,0.001000,0.487803,0.001000
0.075318,0.420738,1.000000,1.000000,0.001000,1.000000
0.001000,1.000000,1.000000,0.262377,0.892090,0.538096
0.414636,0.001000,1.000000,0.093461,0.549829,0.072293
0.744183,0.488744,0.582022,0.001000,0.887993,0.001000
1.000000,0.569307,0.001000,0.278952,0.097381,0.001000
0.001000,0.001000,0.408864,0.001000,0.948123,0.177138
0.001000,0.001000,1.000000,0.001000,1.000000,0.001000
1.000000,0.934666,0.001000,0.001000,0.001000,0.001000
0.001000,0.773513,0.049561,0.756455,0.076158,0.784256
0.768120,0.262241,1.000000,0.847646,0.845766,0.001000
1.000000,1.000000,0.736575,0.001000,0.001000,0.001000
0.110918,0.001000,0.493551,0.001000,0.001000,0.001000
0.294306,0.001000,1.000000,0.117911,0.001000,0.001000
0.919022,0.001000,0.001000,0.001000,0.729412,0.001000
0.001000,0.001000,1.000000,1.000000,0.001000,0.479430
0.975189,0.001000,0.001000,0.001000,0.937523,0.001000
0.085394,1.000000,0.001000,0.726480,0.758531,0.001000
1.000000,0.001000,0.060676,0.001000,0.001000,0.943159
0.687110,1.000000,0.702124,0.001000,0.001000,0.749233
0.923184,1.000000,0.198463,0.001000,1.000000,0.454816
1.000000,0.029862,1.000000,0.001000,0.001000,0.382136
0.057269,0.153671,1.000000,1.000000,0.001000,0.001000
0.001000,1.000000,1.000000,1.000000,0.001000,0.119209
0.001000,0.371026,0.964704,0.001000,1.000000,1.000000
0.001000,0.975459,0.626952,0.001000,0.001000,0.001000
1.000000,1.000000,1.000000,1.000000,0.691257,0.001000
0.001000,1.000000,0.001000,0.096490,0.001000,0.679153
0.001000,1.000000,0.001000,0.001000,0.001000,0.001000
0.001000,1.000000,1.000000,0.001000,0.001000,0.001000
1.000000,0.780475,0.771916,1.000000,0.659357,0.001000
0.575195,0.001000,0.380239,0.001000,1.000000,0.001000
0.465855,0.001000,0.008633,0.001000,0.001000,0.300820
0.182812,0.001000,0.001000,0.001000,0.001000,1.000000
0.001000,0.001000,1.000000,0.001000,0.189076,0.001000
0.001000,0.155889,1.000000,0.267219,0.688137,1.000000
1.000000,0.001000,1.000000,0.001000,0.763278,0.001000
1.000000,1.000000,0.001000,0.001000,0.542991,0.001000
0.765704,0.001000,1.000000,0.001000,0.537207,1.000000
0.266542,0.065459,0.001000,0.001000,0.145807,0.821638
1.000000,1.000000,0.511104,1.000000,0.196987,0.001000
0.001000,0.855391,0.367109,1.000000,0.735653,1.000000
0.001000,0.001000,0.927675,0.870220,0.633041,0.001000
0.001000,0.826776,0.001000,0.001000,0.001000,0.001000
0.001000,0.001000,1.000000,0.001000,0.001000,0.491685
0.001000,0.001000,0.001000,0.001000,0.529272,1.000000
0.001000,0.993379,1.000000,0.001000,0.001000,0.001000
0.996101,0.105975,0.001000,0.001000,0.001000,1.000000
0.001000,0.737026,1.000000,0.347360,0.001000,0.001000
0.917318,0.001000,0.799831,0.001000,0.001000,0.001000
0.350414,1.000000,1.000000,0.001000,0.001000,0.111916
0.001000,0.453039,0.917455,0.771243,0.388339,0.216420
0.055708,0.001000,0.001000,0.001000,0.112716,0.001000
0.001000,0.001000,0.001000,0.001000,0.321714,0.005611
1.000000,0.001000,1.000000,0.782120,1.000000,1.000000
0.001000,1.000000,0.919365,0.001000,0.001000,0.246641
0.001000,1.000000,1.000000,1.000000,0.225867,0.001000
0.283900,0.614047,0.978095,0.001000,0.001000,0.001000
1.000000,0.903112,1.000000,1.000000,0.001000,0.001000
0.001000,0.001000,1.000000,0.001000,0.630542,0.001000
0.001000,0.001000,0.137882,0.671295,0.001000,0.134402
1.000000,0.001000,0.089267,0.001000,0.001000,0.069596
1.000000,0.001000,0.615123,0.481242,0.309699,0.001000
1.000000,0.001000,0.001000,0.766139,0.280433,0.001000
0.354862,0.741656,0.856895,0.409534,0.001000,0.001000
0.013878,0.636797,0.393192,0.001000,0.880372,0.001000
0.092771,0.079577,0.173632,0.001000,0.298282,0.001000
0.434791,0.001000,0.480088,0.001000,0.001000,0.183003
0.001000,0.419542,1.000000,0.946270,0.001000,0.001000
0.001000,0.467181,1.000000,0.001000,1.000000,0.001000
0.892627,1.000000,0.147910,0.700256,0.067752,1.000000
0.001000,0.001000,0.001000,0.342963,0.001000,1.000000
0.001000,0.061688,0.750307,0.473645,0.001000,0.089110
0.001000,0.001000,1.000000,0.001000,0.001000,1.000000
0.001000,0.006039,0.001000,0.587375,0.744977,0.001000
0.001000,0.287849,1.000000,0.068604,0.001000,0.001000
0.852830,1.000000,1.000000,0.439261,0.016246,1.000000
0.001000,0.297052,1.000000,0.001000,0.535510,1.000000
1.000000,0.001000,0.001000,0.001000,0.566601,1.000000
0.001000,0.001000,0.001000,0.781998,0.001000,0.001000
0.001000,0.178736,1.000000,0.001000,0.047660,0.001000
1.000000,0.558442,0.491255,0.001000,0.303240,0.826243
0.284672,0.673477,0.001000,0.001000,0.498699,0.001000
0.001000,0.001000,1.000000,1.000000,0.001000,1.000000
0.001000,0.228906,0.001000,1.000000,0.547651,0.001000
1.000000,0.083215,0.024121,0.001000,1.000000,0.302889
0.001000,0.820632,0.001000,1.000000,1.000000,0.001000
0.837546,0.001000,1.000000,0.551540,1.000000,0.532522
1.000000,0.001000,0.799554,0.150811,0.001000,0.001000
0.001000,1.000000,1.000000,0.001000,0.006847,0.001000
0.547092,0.001000,0.485065,0.001000,0.411348,0.281478
0.823449,1.000000,1.000000,0.717454,0.001000,1.000000
0.921045,0.001000,0.001000,0.001000,0.391356,0.001000
0.001000,0.429452,1.000000,0.718560,0.001000,0.001000
0.659887,0.769189,0.275423,0.001000,0.313462,0.001000
0.001000,0.001000,1.000000,0.250099,0.001000,0.001000
0.366809,0.059677,0.591209,0.700773,0.001000,0.001000
0.028460,0.001000,1.000000,0.001000,1.000000,0.605401
0.001000,0.399546,0.001000,0.001000,0.001000,0.719996
1.000000,0.001000,1.000000,0.548712,0.972621,0.001000
0.218276,1.000000,0.788403,0.001000,0.001000,1.000000
1.000000,0.001000,1.000000,1.000000,0.001000,0.575758
0.001000,0.912912,1.000000,1.000000,0.329947,0.371261
0.001000,0.001000,0.001000,0.001000,0.001000,0.031689
0.654533,0.001000,0.172417,0.001000,0.324271,1.000000
1.000000,0.001000,0.001000,0.001000,0.152027,0.001000
0.001000,0.250060,0.672504,0.001000,1.000000,1.000000
0.213037,0.001000,0.001000,0.541242,0.294267,0.099604
0.001000,0.001000,0.707797,0.361211,0.051954,0.001000
0.001000,0.001000,1.000000,0.001000,0.001000,0.001000
0.001000,0.001000,0.731449,0.790095,0.306812,0.368331
0.001000,1.000000,0.001000,0.001000,0.001000,0.024290
1.000000,1.000000,0.001000,0.592037,0.000863,0.841902
0.082159,0.348215,1.000000,0.001000,0.639683,0.911706
0.001000,0.001000,0.001000,0.819781,0.001000,0.001000
1.000000,0.417904,0.125145,0.001000,0.839441,0.001000
0.403892,0.001000,0.489535,1.000000,0.001000,1.000000
0.001000,0.001000,0.001000,0.980071,0.069210,0.893163
0.001000,1.000000,1.000000,0.159008,1.000000,0.251308
0.001000,0.001000,0.762857,0.831722,1.000000,0.001000
0.001000,0.739859,0.001000,0.182475,0.001000,1.000000
0.814144,0.680359,1.000000,0.290313,0.001000,0.001000
0.001000,0.336513,0.034573,0.001000,0.001000,0.001000
0.001000,0.001000,1.000000,1.000000,0.001000,1.000000
0.911984,1.000000,1.000000,0.001000,0.310611,0.001000
0.001000,0.001000,0.001000,1.000000,0.001000,0.372744
0.001000,1.000000,0.001000,0.001000,0.001000,0.001000
0.143110,0.139539,1.000000,0.117994,0.001000,0.238764
0.001000,0.477809,0.001000,1.000000,0.001000,0.001000
0.778038,1.000000,1.000000,0.744429,0.990473,0.001000
1.000000,0.302217,1.000000,0.001000,0.639557,0.424626
0.001000,0.001000,0.328493,0.607790,0.001000,0.208625
1.000000,1.000000,0.001000,0.001000,1.000000,0.001000
0.493146,0.001000,0.001000,0.001000,0.603478,0.420751
0.835438,0.001000,0.853327,0.585236,1.000000,0.001000
0.001000,0.001000,0.001000,0.001000,0.001000,0.332052
0.439687,1.000000,0.274351,0.001000,0.001000,0.290544
0.849197,0.001000,0.231412,0.427620,0.502305,0.001000
1.000000,0.001000,0.171892,0.145267,1.000000,0.001000
0.001000,0.001000,0.001000,0.637231,1.000000,0.001000
1.000000,0.001000,1.000000,1.000000,0.001000,1.000000
0.001000,0.096544,0.453989,0.444154,1.000000,0.288866
0.688401,0.760004,0.001000,0.001000,0.784275,0.001000
1.000000,0.624629,0.148327,0.001000,0.001000,0.001000
0.001000,1.000000,0.328347,0.001000,1.000000,0.824097
0.877114,1.000000,1.000000,0.581890,0.001000,0.001000
0.001000,0.492758,1.000000,0.001000,0.314768,0.001000
0.065936,0.793816,0.001000,0.856852,0.001000,0.001000
1.000000,0.001000,0.001000,0.286058,0.001000,0.001000
0.001000,0.677624,1.000000,0.001000,1.000000,0.297652
0.001000,0.001000,0.455495,0.001000,0.001000,0.001000
0.932009,1.000000,0.001000,0.001000,0.001000,0.014015
1.000000,1.000000,1.000000,0.001000,0.001000,0.333084
1.000000,1.000000,0.330462,0.135242,0.405641,0.775313
0.943842,0.001000,0.154337,1.000000,0.001000,0.542878
1.000000,0.850037,0.001000,0.001000,0.877175,0.001000
0.001000,0.001000,0.193543,0.645313,0.001000,0.428535
1.000000,0.001000,0.447712,0.001000,0.001000,1.000000
0.001000,0.001000,0.271958,0.372129,0.642426,0.001000
0.001000,0.423414,0.053794,0.527027,0.539881,0.001000
0.001000,0.001000,1.000000,0.654921,1.000000,1.000000
0.001000,0.001000,0.001000,0.001000,0.324170,0.386097
0.001000,0.001000,0.001000,0.001000,1.000000,0.001000
0.001000,0.487336,1.000000,0.444372,0.414954,0.001000
0.001000,0.280955,0.835944,1.000000,0.001000,0.001000
1.000000,0.001000,1.000000,0.509215,1.000000,0.001000
1.000000,0.001000,0.001000,1.000000,0.657202,0.277063
1.000000,0.702702,0.001000,0.001000,0.001000,0.001000
0.517160,0.001000,1.000000,0.001000,1.000000,0.001000
0.001000,0.858808,0.176244,0.001000,1.000000,1.000000
0.327683,0.001000,0.837664,0.217890,0.166274,0.457164
0.001000,0.059578,0.345493,1.000000,0.001000,0.208640
1.000000,0.001000,1.000000,0.001000,0.001000,0.819197
0.001000,1.000000,1.000000,0.151422,0.278276,1.000000
1.000000,0.001000,1.000000,0.788675,0.024930,0.757792
0.639945,0.473269,1.000000,0.754402,0.387671,0.105242
0.392622,1.000000,1.000000,1.000000,0.001000,0.001000
0.027249,0.029803,1.000000,0.076805,0.001000,1.000000
0.740934,0.001000,0.477721,0.092051,0.178137,0.001000
0.896335,0.001000,0.001000,0.001000,0.001000,0.553780
0.001000,0.663561,0.206383,1.000000,0.001000,0.001000
0.345247,0.514880,0.001000,0.001000,0.001000,0.485557
0.043723,0.001000,0.119629,0.001000,0.685280,0.001000
0.364778,0.344165,0.969588,1.000000,0.001000,1.000000
0.384842,0.001000,0.001000,0.001000,0.340104,0.749429
0.743254,0.065629,1.000000,0.660042,0.001000,0.525178
0.187179,0.209375,0.850271,1.000000,0.736762,1.000000
1.000000,0.001000,1.000000,0.001000,0.001000,0.001000
0.235268,1.000000,1.000000,0.001000,0.054113,0.799666
0.001000,0.331354,1.000000,0.001000,0.001000,0.001000
0.001000,0.807420,1.000000,0.001000,0.001000,0.001000
0.969436,0.001000,1.000000,0.001000,0.998207,0.494360
0.001000,0.001000,0.282301,0.001000,0.157447,1.000000
1.000000,0.271256,0.001000,0.475392,0.001000,0.120439
1.000000,0.621477,0.001000,0.001000,0.001000,0.616525
0.001000,0.303412,0.529994,1.000000,1.000000,0.795353
0.328976,0.001000,0.639609,0.001000,0.001000,1.000000
0.001000,0.001000,0.001000,0.775331,0.001000,0.001000
0.021278,0.001000,0.753082,1.000000,0.001000,0.928385
0.001000,0.915674,0.119428,0.246506,0.001000,0.364956
0.001000,0.001000,1.000000,1.000000,0.001000,0.001000
0.281687,0.001000,0.842860,0.001000,0.001000,1.000000
0.480312,0.001000,0.001000,0.135556,0.001000,0.019427
0.001000,0.001000,0.001000,0.001000,0.104011,0.001000
1.000000,0.001000,1.000000,0.001000,1.000000,1.000000
0.001000,1.000000,0.335981,0.320891,0.312232,1.000000
0.001000,0.001000,0.001000,0.001000,1.000000,0.632866
0.001000,0.001000,1.000000,0.179631,1.000000,0.001000
0.001000,0.328304,0.001000,0.001000,0.001000,0.912717
0.001000,0.441406,1.000000,0.001000,0.963093,0.685600
0.001000,0.001000,0.688174,0.621837,0.001000,0.953678
1.000000,0.001000,1.000000,0.001000,0.001000,0.651525
0.001000,0.511322,1.000000,0.525147,0.001000,0.001000
0.001000,1.000000,1.000000,0.000263,0.001000,0.001000
0.604965,1.000000,1.000000,0.063736,0.034710,0.001000
0.340869,0.319172,1.000000,0.492382,1.000000,1.000000
0.963995,1.000000,0.001000,0.407086,0.001000,0.001000
0.001000,1.000000,1.000000,0.071806,0.001000,0.001000
0.001000,1.000000,0.001000,0.001000,0.798383,1.000000
0.001000,0.144598,0.239466,0.001000,1.000000,1.000000
0.271282,0.520219,0.236874,1.000000,1.000000,0.001000
0.001000,0.001000,0.001000,0.055156,0.379775,0.924894
0.001000,1.000000,1.000000,1.000000,0.049729,0.755296
0.001000,0.001000,1.000000,0.424775,0.001000,1.000000
0.001000,0.001000,0.188879,0.001000,0.001000,0.001000
1.000000,0.827393,1.000000,1.000000,0.001000,0.640592
1.000000,0.001000,0.001000,0.579243,0.001000,0.001000
0.641322,0.021176,0.111509,0.001000,0.065651,0.001000
0.186797,0.870393,0.012926,0.001000,0.001000,0.001000
0.624388,0.001000,1.000000,0.001000,0.001000,0.001000
0.001000,0.001000,0.001000,0.833702,0.997386,1.000000
0.852103,0.852441,1.000000,0.455632,0.001000,0.001000
0.186876,0.001000,0.708158,0.192975,0.001000,1.000000
0.863496,0.469323,1.000000,0.001000,1.000000,0.001000
0.001000,0.549606,0.001000,0.001000,0.462672,0.082181
1.000000,0.001000,1.000000,0.001000,0.241054,0.120912
0.001000,0.468729,0.001000,0.001000,0.483851,0.001000
0.641653,0.001000,0.001000,0.339779,0.001000,0.001000
0.001000,0.242653,1.000000,0.001000,0.877304,0.741968
0.001000,0.001000,0.001000,0.001000,0.001000,0.001000
1.000000,1.000000,0.419528,0.001000,0.001000,0.001000
0.001000,0.428781,0.839768,0.089793,0.796323,0.922304
1.000000,1.000000,0.807974,0.661866,0.001000,0.001000
0.237216,0.001000,1.000000,0.001000,0.001000,0.001000
0.001000,0.339682,0.260236,0.573623,0.001000,0.358497
0.001000,0.324007,0.248126,1.000000,1.000000,0.604296
0.001000,0.028034,1.000000,0.001000,0.001000,0.001000
0.042596,1.000000,0.172893,0.001000,1.000000,1.000000
0.937696,0.001000,0.580397,1.000000,0.001000,0.001000
0.001000,0.001000,1.000000,0.376130,0.001000,0.001000
0.001000,0.204586,0.001000,0.594475,0.457848,0.001000
0.265193,0.267753,0.240859,0.469303,0.001000,0.001000
0.001000,0.987148,0.001000,0.001000,0.001000,1.000000
0.001000,1.000000,0.999400,0.738928,0.001000,0.082744
0.001000,1.000000,0.001000,0.475727,1.000000,0.001000
1.000000,0.287864,0.001000,0.001000,0.167780,0.001000
0.001000,0.638363,0.581410,0.001000,0.001000,0.001000
0.214069,0.001000,1.000000,0.001000,1.000000,0.001000
0.001000,1.000000,0.001000,0.001000,1.000000,0.432860
0.393606,0.001000,0.185927,0.001000,0.540522,0.456865
1.000000,0.708519,1.000000,0.001000,0.001000,0.001000
0.299369,0.001000,1.000000,0.142168,0.476353,0.313012
0.054892,0.269896,0.586825,0.930803,1.000000,0.001000
0.323953,1.000000,1.000000,0.991533,0.564758,0.001000
0.055254,0.848206,1.000000,0.444853,0.001000,0.001000
0.001000,0.001000,1.000000,1.000000,0.244226,1.000000
0.001000,0.523919,1.000000,0.001000,0.001000,1.000000
0.001000,0.001000,1.000000,0.001000,1.000000,0.001000
0.149781,0.820552,0.642365,0.731756,0.001000,0.001000
0.001000,0.001000,0.001000,0.001000,0.001000,0.489847
0.076586,0.001000,1.000000,0.897194,0.592448,0.001000
0.343113,0.059308,0.129400,0.018005,0.001000,0.094172
0.001000,1.000000,0.001000,1.000000,0.854350,0.437745
1.000000,0.001000,0.652524,0.001000,0.001000,0.248886
0.001000,0.001000,0.991340,0.054749,0.001000,0.001000
0.390887,0.001000,0.787728,0.001000,0.001000,0.001000
0.001000,0.001000,0.341464,0.798883,0.001000,0.125436
0.001000,1.000000,0.779809,0.001000,0.494997,0.656217
0.001000,0.001000,0.514253,0.001000,0.383815,0.001000
0.001000,0.001000,0.989066,0.854217,0.967703,0.001000
0.001000,0.837445,0.608837,0.001000,0.001000,1.000000
0.001000,0.001000,0.001000,0.001000,0.001000,0.040539
1.000000,0.001000,0.001000,0.001000,0.870214,0.044544
0.001000,0.268977,1.000000,0.444839,0.552290,0.132188
0.718555,0.001000,0.001000,0.739943,0.001000,0.001000
0.239223,1.000000,0.332131,0.001000,1.000000,1.000000
0.378785,0.001000,1.000000,1.000000,1.000000,0.001000
0.550853,0.107725,0.001000,0.001000,0.001000,0.001000
0.001000,0.001000,1.000000,0.001000,0.001000,1.000000
1.000000,0.001000,0.642201,0.001000,0.001000,1.000000
1.000000,0.517425,1.000000,0.001000,0.001000,0.529357
0.001000,0.233887,1.000000,0.001000,1.000000,0.001000
0.255586,0.494069,1.000000,0.001000,0.947798,0.001000
0.660185,0.001000,1.000000,0.001000,0.001000,0.479194
0.497029,0.001000,1.000000,0.001000,0.001000,0.001000
0.453714,0.507607,0.769117,0.330021,0.001000,0.001000
1.000000,0.201923,0.001000,1.000000,0.001000,1.000000
0.604721,1.000000,1.000000,1.000000,0.001000,0.001000
1.000000,0.467700,1.000000,0.001000,0.262236,0.001000
0.001000,1.000000,0.811360,0.035213,0.927333,0.001000
0.001000,1.000000,0.233566,0.001000,1.000000,0.001000
0.097036,0.075633,0.466575,0.258769,0.001000,0.109167
1.000000,0.001000,0.480210,0.001000,0.001000,0.361810
0.001000,0.001000,1.000000,0.924993,0.113094,0.841757
0.001000,0.001000,0.347050,0.001000,0.359585,0.418501
1.000000,0.884003,0.001000,1.000000,0.505607,1.000000
0.823374,0.609608,0.001000,0.318697,0.001000,0.001000
1.000000,0.001000,1.000000,1.000000,0.833561,1.000000
0.119416,1.000000,0.321005,0.001000,0.001000,0.625985
0.001000,0.001000,1.000000,0.001000,0.288610,0.640794
1.000000,0.001000,1.000000,1.000000,0.001000,0.414234
1.000000,0.079865,0.001000,0.050387,0.001000,1.000000
0.621032,0.001000,1.000000,0.001000,0.635675,0.782902
0.001000,0.480149,0.236852,0.774888,0.001000,0.001000
0.001000,1.000000,0.178892,0.001000,0.001000,0.001000
0.006537,0.001000,0.001000,1.000000,0.001000,0.001000
1.000000,0.676229,1.000000,0.170110,0.001000,0.373776
0.739156,0.001000,0.583604,1.000000,0.311027,0.001000
0.205402,0.702682,0.001000,1.000000,0.001000,0.001000
0.222215,0.788064,1.000000,0.001000,1.000000,0.001000
0.225708,0.001000,1.000000,0.001000,0.340937,0.214708
0.001000,1.000000,1.000000,0.001000,0.001000,0.001000
0.605045,0.001000,1.000000,0.466379,1.000000,1.000000
1.000000,0.918998,1.000000,0.001000,0.001000,0.001000
0.001000,0.613399,0.791493,0.001000,0.131991,0.001000
0.001000,1.000000,0.729893,0.001000,0.001000,0.001000
0.814961,0.747115,0.696872,0.061194,0.274003,1.000000
0.694175,0.723868,0.001000,0.729867,0.001000,1.000000
0.001000,0.001000,0.001000,0.095176,0.001000,1.000000
0.001000,0.001000,1.000000,0.001000,0.769461,0.001000
0.001000,0.591825,1.000000,1.000000,0.001000,0.001000
0.869434,0.001000,0.001000,0.320094,1.000000,0.492889
0.001000,0.001000,0.001000,0.001000,0.011474,0.712512
0.001000,0.001000,0.806582,0.870974,0.146483,0.001000
0.001000,0.001000,0.937303,0.001000,0.001000,0.001000
0.001000,0.001000,0.001000,0.001000,0.522140,0.039830
0.026084,0.397002,0.532022,0.908162,0.001000,0.217647
1.000000,1.000000,0.967181,1.000000,0.001000,0.297705
0.722261,0.001000,1.000000,0.001000,0.878234,0.577692
0.801486,0.001000,0.745362,0.001000,0.144935,0.372882
0.001000,0.124897,1.000000,0.403869,0.603807,0.001000
1.000000,0.001000,0.137822,0.001000,0.911138,0.001000
0.001000,0.179701,1.000000,0.664393,0.223415,0.001000
0.001000,0.710913,0.478075,0.001000,0.001000,0.882410
0.001000,0.001000,0.001000,1.000000,0.513437,0.001000
0.001000,0.001000,0.001000,0.472740,0.001000,0.721631
0.699288,0.044995,0.439312,0.332643,0.001000,0.658749
0.952911,0.256767,0.308758,0.472135,0.001000,1.000000
0.035032,1.000000,1.000000,0.628957,0.376825,0.954443
0.001000,1.000000,0.630842,0.712010,0.001000,0.215104
0.937150,0.103384,1.000000,0.001000,0.001000,1.000000
0.001000,1.000000,0.001000,0.001000,0.001000,0.086856
0.106728,0.001000,0.001000,0.001000,0.001000,0.001000
0.736023,0.161049,1.000000,1.000000,0.909152,1.000000
0.001000,0.001000,0.001000,0.001000,0.001000,1.000000
1.000000,0.001000,1.000000,0.745595,0.001000,0.365571
0.001000,0.001000,1.000000,1.000000,0.001000,0.001000
0.288425,0.001000,1.000000,0.001000,1.000000,1.000000
0.121015,0.001000,1.000000,0.001000,0.001000,1.000000
0.440909,0.935235,1.000000,0.001000,0.169245,0.001000
1.000000,0.601779,1.000000,0.925606,0.001000,0.001000
0.932612,0.134393,0.001000,0.001000,0.001000,0.138849
0.001000,0.001000,1.000000,1.000000,0.001000,0.323838
0.662279,1.000000,0.001000,0.001000,0.189623,0.001000
0.427964,0.695403,1.000000,0.519173,1.000000,0.425668
0.764768,0.001000,1.000000,0.274118,0.122917,0.001000
0.666118,0.001000,1.000000,0.317459,0.001000,0.001000
0.001000,0.058565,0.001000,0.505515,1.000000,1.000000
0.693773,0.001000,1.000000,1.000000,0.361104,0.301796
0.001000,0.001000,0.200343,0.001000,0.001000,0.001000
1.000000,1.000000,1.000000,0.616654,0.714904,0.001000
0.001000,1.000000,0.235460,0.150020,0.001000,0.001000
0.001000,0.226026,1.000000,0.796506,0.001000,0.701991
1.000000,0.001000,0.001000,0.553077,0.001000,0.721147
0.001000,0.629705,1.000000,1.000000,0.588041,0.001000
0.001000,0.001000,1.000000,0.133562,0.638244,1.000000
0.001000,0.001000,0.001000,0.201176,0.001000,0.111005
1.000000,0.197980,1.000000,0.111686,0.001000,0.001000
0.789401,1.000000,1.000000,0.944291,1.000000,1.000000
0.580968,0.999353,1.000000,0.940651,0.001000,0.001000
1.000000,1.000000,0.224617,0.001000,0.026453,0.001000
0.001000,0.334920,0.001000,0.312975,0.001000,1.000000
0.001000,0.506098,1.000000,1.000000,0.014201,0.001000
0.001000,0.001000,0.888973,0.207565,0.001000,0.001000
1.000000,0.719869,0.941550,0.483763,0.001000,0.001000
0.844903,0.001000,0.651362,0.001000,0.001000,0.001000
0.001000,0.598841,1.000000,0.613319,0.706079,1.000000
1.000000,0.669311,1.000000,0.845838,1.000000,0.001000
0.001000,0.001000,1.000000,1.000000,0.487489,0.635611
0.001000,0.001000,0.001000,0.001000,0.813967,1.000000
0.001000,0.001000,0.694890,0.081976,0.001000,0.240271
0.001000,0.001000,1.000000,0.542552,0.001000,1.000000
0.001000,0.640577,0.001000,0.005960,0.001000,0.001000
0.001000,0.001000,1.000000,0.001000,0.817232,0.298555
0.987319,1.000000,1.000000,0.349947,1.000000,0.001000
0.482483,0.001000,0.046377,0.001000,1.000000,0.001000
0.084413,0.808695,0.001000,1.000000,1.000000,0.311372
0.001000,0.001000,0.557346,0.798971,0.001000,0.001000
0.281146,0.001000,0.427369,0.345791,0.001000,0.215441
0.001000,0.001000,1.000000,1.000000,1.000000,0.001000
0.001000,0.868269,0.390820,1.000000,0.501292,0.887784
0.841784,0.001000,0.001000,0.375991,0.001000,0.001000
0.271602,0.223450,1.000000,0.980790,1.000000,0.001000
0.567230,0.001000,0.001000,0.750858,1.000000,0.490063
1.000000,0.689024,1.000000,0.001000,0.416359,0.329513
0.384984,1.000000,0.001000,1.000000,1.000000,0.001000
0.858591,0.001000,0.001000,0.001000,0.001000,1.000000
0.253336,0.001000,0.391671,0.001000,0.001000,1.000000
0.001000,0.001000,0.226071,0.001000,1.000000,0.001000
0.001000,0.001000,0.315209,0.479730,0.001000,0.691260
0.001000,0.001000,0.977500,0.001000,0.001000,0.001000
0.482004,0.001000,0.204194,0.001000,0.001000,0.574574
0.199331,1.000000,0.001000,0.223543,0.001000,1.000000
0.001000,0.783162,1.000000,0.001000,0.001000,1.000000
0.307158,0.001000,0.001000,1.000000,0.001000,0.001000
0.435369,0.185653,1.000000,1.000000,1.000000,1.000000
0.001000,0.933204,0.001000,1.000000,0.001000,0.001000
1.000000,0.001000,0.175891,1.000000,0.001000,0.142025
1.000000,0.144180,0.847287,0.462785,1.000000,0.001000
0.001000,0.001000,0.001000,0.001000,1.000000,0.999619
0.703111,0.187037,0.001000,1.000000,0.001000,0.151308
0.001000,0.699602,1.000000,0.001000,0.001000,0.001000
0.001000,0.001000,1.000000,0.127895,1.000000,1.000000
0.001000,0.001000,0.474964,0.001000,0.001000,0.168956
0.001000,0.314887,1.000000,0.001000,0.001000,0.126790
0.001000,0.241537,0.183084,1.000000,0.001000,0.001000
0.274103,0.001000,1.000000,0.001000,0.001000,0.001000
0.130991,0.001000,0.001000,0.001000,0.001000,0.355461
0.001000,1.000000,0.001000,1.000000,0.001000,0.001000
1.000000,0.001000,1.000000,0.001000,1.000000,0.001000
0.001000,0.001000,0.866057,0.887647,1.000000,0.001000
1.000000,1.000000,0.299817,0.416830,0.001000,0.001000
0.001000,0.685457,1.000000,1.000000,0.001000,0.137081
0.001000,0.001000,0.001000,0.001000,0.001000,0.001000
0.536414,0.001000,0.699163,1.000000,0.001000,0.001000
0.865186,0.001000,0.813792,0.001000,0.515031,0.001000
0.001000,0.001000,0.315962,0.001000,0.001000,1.000000
0.554862,0.001000,0.001000,0.001000,0.001000,0.001000
0.001000,0.001000,0.328303,0.001000,0.001000,0.001000
0.098647,0.001000,0.756649,0.246058,0.001000,0.001000
0.125338,0.915145,1.000000,0.001000,0.001000,0.001000
0.170306,0.001000,1.000000,0.353025,0.001000,0.451152
1.000000,0.748331,0.001000,0.001000,0.012145,0.001000
0.001000,0.001000,1.000000,1.000000,0.076736,0.619104
0.001000,0.001000,1.000000,0.001000,0.001000,1.000000
1.000000,1.000000,0.001000,0.001000,0.009814,0.001000
0.479340,0.340331,1.000000,0.064315,0.428473,0.119666
0.001000,1.000000,0.192513,0.483621,0.001000,0.001000
0.328688,0.342929,0.001000,0.686717,0.001000,0.708932
1.000000,1.000000,0.543091,1.000000,0.001000,0.001000
0.001000,0.696948,0.001000,0.051380,0.001000,0.116604
0.001000,1.000000,0.693168,0.001000,1.000000,0.001000
0.001000,0.663829,1.000000,0.001000,0.001000,0.001000
0.294548,1.000000,0.878545,1.000000,0.001000,0.001000
0.206318,0.359642,1.000000,0.836674,0.001000,0.001000
0.001000,1.000000,0.001000,0.588609,0.001000,0.001000
0.928615,1.000000,0.715862,0.001000,0.237114,1.000000
0.001000,0.001000,1.000000,0.254174,0.675031,0.585487
0.345447,0.043814,1.000000,0.001000,0.421971,0.154361
0.139681,0.777963,1.000000,0.118311,1.000000,0.001000
0.001000,0.001000,0.068673,0.302187,0.516572,0.001000
0.001000,1.000000,1.000000,0.999851,0.001000,0.001000
0.001000,1.000000,0.049850,0.001000,0.001000,0.001000
0.001000,0.361404,1.000000,0.001000,0.001000,0.368868
0.001000,1.000000,0.043878,1.000000,0.023656,0.333245
1.000000,0.001000,0.745752,0.001000,0.104899,0.921413
0.664383,0.827629,1.000000,0.340345,0.001000,1.000000
1.000000,1.000000,0.346248,0.207868,0.001000,0.298898
0.575757,0.695333,0.001000,0.589888,1.000000,1.000000
0.706132,0.001000,0.054485,0.862086,0.821093,0.819379
0.001000,0.001000,0.453992,0.689798,0.001000,0.803236
0.930326,0.001000,0.759102,0.467217,0.424333,0.544941
