0.560314,0.464033,0.539820,0.371314,0.423228,0.303189,0.394413,0.661986,0.342121,0.265147
0.669777,-1.592709,0.612873,1.048188,0.439839,0.886657,0.559009,1.946046,0.856644,0.707371
1.013803,-0.543556,-0.484384,0.471425,-0.680164,0.664699,-0.079059,0.218140,0.096083,1.993390
0.132697,0.386045,0.104167,2.470684,1.503833,-0.001904,-0.233332,0.889890,1.398365,1.061201
1.386955,-0.675050,0.126371,-1.145530,-0.464090,2.063544,0.883997,1.048500,0.420038,0.456236
0.358339,0.050957,0.041616,-0.471742,0.629552,0.283148,-0.511582,1.172091,-0.730516,0.856888
2.003848,1.547923,0.748734,0.174709,0.142034,0.103408,0.198376,0.235606,-0.355163,1.391828
0.291956,0.983723,-0.005922,0.223692,0.964360,-1.442615,0.917864,0.277343,0.980600,0.262696
0.851598,-0.799836,-1.084072,0.705838,1.389819,1.351940,-0.730972,0.690850,0.444069,-0.583195
1.413890,-2.004597,-0.884283,-1.091103,-0.107087,-2.156406,1.291514,1.793292,-0.146908,0.872671
-0.554638,0.941110,1.024514,1.124739,-0.220415,-0.193355,-0.768690,2.078588,0.051411,-0.487359
-1.458916,1.737414,-0.303817,1.338611,-2.519994,0.455243,1.448866,0.632019,0.510290,0.420311
0.339230,1.408286,0.849101,-0.215625,1.279187,0.754458,-1.066185,-0.126424,0.691871,1.113700
-0.564985,-0.846214,-0.293971,0.546636,-0.004585,1.404316,0.943132,0.178458,1.102056,-0.711620
-0.377097,-0.706564,2.138866,0.027335,1.467048,1.123462,-1.866976,-0.200013,-1.093698,0.282764
0.597588,1.371864,0.778733,1.651263,1.173567,0.770318,-0.967805,0.791563,-2.403901,1.361787
2.082066,-0.825245,0.797691,-0.500652,-0.164981,1.078265,0.442520,1.217819,-1.114836,-0.193210
0.937999,0.781065,0.552147,1.692696,1.242871,0.113956,0.686382,0.887223,0.591235,0.114098
0.100586,0.847574,0.148135,0.929793,1.084257,0.062325,0.308613,-0.684379,-0.219949,1.031865
-0.421293,1.049721,0.353696,0.363362,-1.374762,2.678626,0.823891,1.303761,0.464602,-0.814436
-0.701786,-0.390651,0.645620,-0.033185,-2.989358,0.401766,0.423319,0.702935,1.321837,-0.119991
2.048398,0.853089,1.951283,0.912691,0.727955,1.204016,1.075707,-1.557349,-0.108666,0.487949
0.379899,-0.490133,-0.043772,0.714998,1.043418,1.101545,1.692757,1.139236,0.745602,0.871207
1.263017,-0.017912,0.521503,-0.058853,1.217096,1.350809,-0.369534,-0.193571,-0.555562,0.896023
0.397813,0.434978,-0.810385,-2.314729,-0.102707,0.402690,3.374728,0.378119,0.794507,-1.049870
0.044948,0.678513,0.494884,1.156658,-1.251142,2.205566,0.574807,-0.682136,1.303913,-1.631672
-0.671402,0.273634,1.015488,1.376543,-0.914320,-0.345027,1.910786,1.242526,-1.713474,0.018944
1.427639,-0.038751,0.325626,0.323906,1.343714,0.838988,1.490332,0.725828,1.128142,-0.811020
0.198419,-0.007656,1.023625,-0.400263,0.046776,0.187575,0.591176,1.491766,-1.775144,1.516689
-0.204504,-0.574017,0.847900,2.147961,0.970795,2.273120,-1.483687,-2.052008,4.289755,-0.006430
1.108882,0.132339,1.823139,-0.395220,0.847474,-0.710978,-0.367626,-0.538297,-0.553355,0.173377
0.306477,0.477052,0.792503,-0.196160,0.012638,-0.603693,1.583649,-0.880740,-0.616971,1.304294
-1.511581,1.314423,-2.183056,0.084021,0.753905,-1.080934,0.087056,-0.068387,1.528529,1.053997
1.293109,0.859502,0.759860,-0.349455,1.561998,0.364956,0.835886,0.254999,0.186274,0.228449
1.157808,0.223237,1.186672,0.427578,0.961963,1.374431,-0.268898,0.210067,1.732332,0.679008
0.713791,1.495964,-0.974538,0.069871,0.428625,-0.932010,-0.995203,3.102802,1.570460,0.127077
2.243103,-0.287159,2.035415,0.679239,0.117956,-0.307816,0.261154,0.298654,1.393636,1.976012
-0.677991,1.693090,0.874139,2.294306,0.263630,0.029482,0.046033,0.186883,0.042032,-0.143007
0.399510,-1.236775,2.143152,0.395833,0.700595,-1.064317,-0.623537,-0.275027,2.208181,0.401624
0.717040,2.478252,1.016635,0.130626,2.738762,1.022437,0.389737,2.413474,0.935498,-0.261562
-1.103602,-1.172012,0.692124,0.498421,0.511535,-0.476743,0.116698,0.177028,1.697116,0.876239
2.010472,1.871308,0.918836,-0.835066,0.740394,2.627580,-0.166140,0.791660,0.014184,0.699617
-0.779415,1.857216,-0.497825,-0.130757,1.542401,0.797832,0.692486,1.321678,1.435412,-1.339690
-1.353033,1.515707,1.395270,0.622963,-0.287634,-1.587578,0.207580,0.685153,-0.873327,1.639755
-0.251863,-0.595255,0.048446,-0.132918,1.578717,-0.417746,0.470257,1.012783,-1.560297,0.021860
0.823142,-1.520472,0.712247,1.318782,0.909375,-0.887817,0.023172,2.383143,-1.924719,0.293236
-0.583816,1.075718,0.440624,0.910450,2.038480,-0.206839,-0.259315,0.116651,1.171099,0.799437
2.987311,0.477535,0.639890,0.377043,0.020363,-0.289950,0.212990,0.426768,1.297385,0.751485
1.228969,0.657340,0.073100,0.931577,0.659803,-0.462696,0.718151,2.102691,-0.444029,0.523752
0.515196,1.319459,2.153299,1.276915,0.894235,0.044621,-0.198059,2.008246,0.934671,-2.166848
1.349619,1.959870,2.346658,2.337523,-0.875299,-0.592213,0.651904,0.701532,0.925739,0.875099
0.257929,0.301534,0.522868,0.908430,2.812999,0.179656,-0.311832,0.417717,-0.046266,1.311006
0.508294,1.298277,1.559667,0.973095,0.934616,1.379336,0.867308,0.418274,1.758259,0.955598
0.950362,0.473509,1.855838,0.662688,1.108670,1.294041,0.403792,0.789900,-0.292898,0.857843
1.465979,0.319204,0.011431,0.389338,1.493335,-0.186381,0.680923,0.728587,2.210775,-0.598575
0.510732,2.961968,-0.001886,0.899985,1.275971,0.450262,-1.601521,1.812273,-0.201684,-0.335228
0.643017,-0.116764,2.234934,1.135311,0.613371,1.578063,1.017338,2.840577,0.863845,0.149737
-0.383171,-0.549792,2.254403,-0.989047,-0.419312,-0.923586,1.099945,0.521100,0.985292,0.935762
0.811323,0.295298,1.374074,1.706888,2.451840,0.474414,-0.632353,0.891824,-0.022750,0.631481
3.057934,1.639776,1.612307,0.122040,1.857287,0.885177,1.651701,1.246885,-0.799327,0.877597
0.622802,-0.112911,1.376087,-0.725085,0.329695,0.724382,-1.092279,0.907140,0.335119,-0.100221
0.484818,-0.092442,1.108512,-0.906278,0.173023,-0.165372,0.496424,-0.619284,-0.031401,1.572839
1.516798,0.447052,0.467497,-0.615617,-0.514692,-0.119625,-0.383408,1.471718,1.313132,1.698664
-0.689772,1.103075,0.056104,-0.098358,1.700721,-0.106892,1.047706,-0.428351,-0.309006,1.101540
-1.608052,-0.688772,0.876656,0.426307,0.702494,-0.394938,2.184994,-1.752597,0.909217,0.684940
0.547351,0.442109,2.710304,2.491072,-0.198723,0.958582,-1.076267,1.156863,0.585959,-0.188484
1.115935,-0.417763,-0.249049,-0.463736,1.065085,-1.060102,1.765499,-0.198450,0.794362,-0.615824
0.372216,0.308646,-0.014288,2.108423,2.036493,-0.537918,2.194239,-0.885234,-1.139135,1.558152
0.587350,1.328617,2.829541,-0.451256,-0.018178,2.180403,1.109563,0.931664,-0.557474,0.257587
1.305065,-1.730820,0.289971,1.708716,0.845921,-0.410840,1.288594,0.285104,-0.458494,-0.304462
-1.132914,0.871092,1.141857,-2.469768,0.127791,0.381060,0.204388,0.195588,0.436238,-0.952845
0.602279,0.933368,0.175630,1.820010,0.449867,0.002442,0.606227,-1.044737,0.001191,0.783734
2.406454,1.870132,-0.454789,-0.201393,1.116909,0.089642,1.292814,3.030734,0.906508,1.466475
2.427246,-0.054440,0.643395,0.806303,-0.838929,0.584128,0.552407,-0.600202,0.923618,-0.078004
0.041388,1.389631,1.007580,0.371260,0.594750,-0.845228,1.406335,-0.084871,0.816912,0.812826
0.383590,0.733653,1.210580,2.223648,1.101530,1.157564,3.173176,2.177994,-1.346490,2.539006
-0.681638,1.573450,0.812747,0.858217,-0.705558,0.823492,1.710002,0.309133,1.375934,2.601318
1.159619,1.025780,0.447140,0.377636,0.449876,-2.747379,-0.138466,0.747178,-0.822645,-0.093254
2.844132,1.686359,1.545537,-1.556209,1.345366,0.593221,0.405844,0.862872,0.200816,-0.971210
0.942219,-0.605362,-0.765136,-0.112927,-1.226373,0.649363,1.106272,1.648168,0.997575,-0.343773
0.561079,-0.876842,0.423243,1.700674,1.261697,0.877685,1.337836,-0.618364,1.358150,-0.068523
-0.807693,0.380141,-0.068299,-0.106016,1.510641,-0.623701,1.045221,0.445233,-0.437423,0.958851
0.767934,0.441380,0.228577,-0.944756,0.136797,-0.962564,0.023233,0.276544,1.003334,-0.061405
1.079797,1.653916,0.478965,-0.732709,1.679712,-0.121770,-1.348731,0.044895,3.115990,0.828501
-0.335121,-0.601441,-0.106026,0.338442,-0.649678,0.796416,0.874746,0.746853,0.441122,-0.638304
0.764422,-0.659922,0.461147,0.616021,1.906282,1.159515,1.902560,0.594563,1.667433,1.070512
-1.257891,1.391308,-0.692256,1.215098,0.657975,0.747350,-0.951663,0.548201,0.202347,0.713305
0.138593,0.452759,-0.419721,1.107170,0.415752,-1.337130,-0.455980,0.669559,1.301868,1.443132
0.698415,-2.246636,-0.710508,1.479536,1.739305,0.988954,0.254634,1.339680,-0.211596,1.571251
2.509677,-0.500419,2.335954,1.156938,0.676748,-0.493312,2.007798,-0.533819,0.910776,0.487722
1.182066,0.723793,-1.415753,1.392610,-0.274108,1.727482,0.910897,-0.659436,1.038361,0.446096
1.839251,1.005439,-1.256430,-0.837058,-0.141270,0.489197,-0.639799,0.633352,2.047820,-0.915002
0.994426,-0.205178,1.370589,0.222898,0.285961,2.413921,0.364183,1.560708,0.120889,-2.030593
1.126045,-0.051261,-0.014769,1.068334,0.746679,1.643613,-2.387196,-0.549209,0.159481,-0.239301
0.295012,1.197995,1.279162,-0.454292,-1.611513,0.057890,0.708565,1.857187,0.893088,0.763599
-0.433866,1.778650,1.738800,0.611555,0.827453,1.351450,-0.064707,-0.441585,1.247742,0.379538
0.418156,0.721105,-0.202332,2.369927,2.203122,-0.154983,0.387667,1.290977,0.173812,1.266359
-0.699811,1.945722,0.335446,0.089048,-0.574231,1.043031,1.755218,0.379724,0.571285,0.238090
1.120731,3.197931,0.177651,1.510048,-0.462272,-0.256110,0.212069,0.164651,1.679675,2.222359
0.395758,1.562065,1.016391,-0.662160,1.763453,0.547535,-0.085956,0.082056,0.728872,2.848749
-0.352555,-1.373454,0.811026,1.535139,-0.977610,-1.905303,0.254679,0.203467,-1.112364,1.082374
0.371240,-0.380757,-0.547296,-1.008283,-0.881922,1.144752,-0.041271,1.409321,0.348697,-0.376702
0.115348,-0.874446,2.531862,-1.319085,0.091140,-0.027840,-0.484338,-1.333068,-0.092416,0.554580
0.142472,0.781474,-0.402675,0.463518,0.192393,0.067609,-0.363502,1.669451,-1.068167,0.851755
-0.357561,-0.915501,0.184423,1.451729,0.333654,1.079236,0.823376,-0.088433,0.817064,1.195149
0.369343,-1.247594,1.660977,0.876460,0.407326,-1.373305,0.009445,0.651862,-0.575983,0.162733
0.143812,-0.494064,-0.684869,0.743683,0.006192,1.319542,0.936165,-1.205688,0.811040,0.234746
1.673722,2.508132,0.826557,1.502954,2.293681,-1.339683,1.029908,2.914799,-0.387843,0.178314
3.437787,0.118488,1.532611,1.382454,0.685178,0.867705,1.284955,1.766802,0.795860,0.356347
-0.676502,-0.120864,0.534101,0.472683,1.161474,0.633849,0.147072,-0.907880,-1.642912,0.202289
1.746031,0.401741,1.806664,-0.589077,-0.923508,-1.407699,0.281123,0.028259,-0.037382,-0.505812
0.755329,1.709357,0.881343,-1.463843,0.243510,-0.923599,-0.874474,0.214877,1.020381,0.020673
1.873479,0.828743,-0.815561,0.554549,1.659286,-1.935006,1.121178,0.578782,0.937931,-0.209251
2.495650,0.529803,0.304179,-0.050368,0.671104,-0.277305,-0.669530,-0.043724,1.594185,1.324480
1.884334,-0.550510,-0.107343,1.126151,-1.007412,1.150553,0.423808,0.051751,-1.344057,-0.055387
0.204710,-0.637406,-0.012802,-0.264658,1.388013,1.499227,0.090735,1.158436,-0.081727,-0.012222
0.562510,0.118833,-0.968050,0.354668,0.600674,-0.312679,0.682455,1.137693,-0.258067,-0.009639
0.041000,-0.325347,-0.636101,0.149643,0.772905,0.152259,0.787408,0.395723,0.030825,0.644229
0.599052,1.491166,1.142707,1.503872,1.271596,0.080078,-0.194416,1.350820,1.696767,-0.119311
-1.517884,-0.943252,1.629393,0.748382,0.123031,0.643551,0.246969,0.906155,1.180824,0.330900
1.497003,0.335352,2.151406,-0.497964,0.110266,0.122732,-0.343668,1.015472,0.776944,0.195317
-0.539894,0.714464,0.866553,1.188547,1.237112,0.979354,-0.526258,1.420573,0.359554,1.554433
2.630013,-1.278557,0.430421,-0.066659,0.639639,-1.407567,1.515301,0.365254,-0.116722,-0.269743
0.230176,1.436277,2.949715,1.607215,0.351699,-1.597722,0.890430,-0.097969,0.841231,-0.425035
1.620630,1.746380,-0.934439,1.001960,0.303121,0.283357,-0.786522,1.816625,0.873923,-1.551461
1.783646,2.451820,1.831501,-0.649234,-0.421723,-1.258423,-0.114984,0.579403,0.323705,-0.364948
0.536941,0.791857,0.561501,1.875417,-0.077281,0.812525,-0.630375,-1.339567,0.679072,1.338733
1.518824,0.090611,0.655269,0.301596,1.489111,-0.813836,0.385944,-0.606095,0.587838,-0.438316
-0.255884,0.396055,0.042201,1.670330,0.935546,0.996543,0.179071,1.999497,-0.691075,1.630083
0.315950,2.425754,-1.094870,-0.687883,0.203306,1.546342,-0.752985,0.391766,-0.435375,-0.516504
1.767889,-0.261063,2.064838,1.827466,0.483505,-0.141535,0.674260,0.364648,0.135517,1.806425
-0.673902,1.566626,1.229364,2.775884,0.594950,2.884165,1.490714,0.445947,1.537391,0.633032
0.741149,-0.459797,0.377616,1.380093,1.236003,-2.445082,0.432880,2.304507,0.582162,-0.058328
0.180557,-0.530748,0.262409,-0.889132,2.677134,-0.627371,1.027052,1.966157,2.003635,1.294167
1.177475,-0.155651,1.998801,1.004431,1.889180,1.041549,-0.829950,-1.385339,-0.162366,-1.392256
-0.685689,-0.093528,-0.818746,1.492893,-0.403979,1.679349,-0.372159,-0.322115,-0.794594,-0.112218
1.454002,2.151608,1.234863,2.422603,1.860521,-0.035531,-1.240604,1.216417,1.228352,1.093463
-0.862768,-0.284679,0.678656,0.532783,2.494453,0.141736,0.362047,0.065010,-0.302897,-0.447054
1.196924,1.966034,0.534476,0.291790,-0.924370,2.241485,0.770702,1.021475,1.013984,1.820918
-0.382461,0.323525,0.708485,-1.200037,0.867236,-0.176623,-0.300418,-1.457177,1.885562,1.181819
-0.120392,0.801739,-0.106187,-0.843157,0.816354,0.890191,0.330710,-0.465864,0.758566,-2.582143
2.012907,0.722963,-0.316787,-1.213421,0.662201,2.139235,0.494592,0.482187,-0.303294,-0.369640
-0.158821,-2.077477,-0.285653,2.267787,1.381797,1.115793,0.938834,1.317562,1.049411,-1.488072
2.667392,0.210726,0.624274,1.094597,-0.718918,-0.767945,1.407116,0.072323,-0.426743,-0.130981
-0.126086,1.685155,-0.859489,3.005307,-0.230379,-0.285649,2.540977,0.613655,0.190017,-0.010120
1.411045,1.888894,0.943624,1.085095,-1.880559,0.796194,2.012548,0.748046,2.058679,-0.441655
1.449893,-0.080516,0.347155,1.980248,1.360104,-1.435921,1.333294,0.985114,-0.150637,-0.077449
0.574909,-0.929259,-0.005447,1.835562,0.387490,-0.184434,0.262372,2.681337,2.982400,0.460779
0.213628,-0.914313,-0.769344,-1.084309,-0.055763,1.113794,0.496681,0.486390,-0.655740,-1.038262
-0.415844,1.259379,0.682772,0.901423,1.248282,-0.040821,0.369255,0.939198,0.515449,0.092364
0.761590,0.245971,0.753587,1.205399,-0.386631,1.154167,2.135090,1.694249,0.321608,2.262288
1.137280,0.920791,1.012457,-0.348562,-0.323665,1.108023,0.659153,0.844803,0.204093,1.239421
1.494005,1.038806,-0.744843,0.045538,-0.542330,-0.160446,-0.555966,1.881771,-0.615899,1.113421
1.151330,0.087585,0.970840,0.765798,-0.510330,1.481050,-0.203349,0.172094,3.372905,-0.716735
0.776672,1.348655,0.555325,0.612021,1.247706,-0.332982,-0.849287,1.347729,-0.919920,-0.574670
0.356593,-0.007451,1.038220,-0.582120,-0.059178,2.104633,0.593977,0.703122,-0.389635,0.265491
0.546577,-0.501488,-0.780351,-0.944849,-0.666694,-1.632690,0.198826,0.893635,1.696531,0.179592
-0.591854,0.823151,1.579675,-0.297284,1.575247,-0.050503,1.155649,0.912227,-0.568852,0.435316
1.843819,0.657414,1.275689,0.349336,0.560830,0.080645,0.407747,0.461357,-0.346350,2.156579
0.783311,-0.929701,1.547479,0.903794,-0.141536,1.073601,0.320123,1.300184,0.353685,2.288648
0.502675,2.094965,-0.305629,-0.702465,1.440793,-0.524966,0.861092,2.435697,0.357691,-0.340853
0.234283,1.260267,0.202471,2.045255,0.443004,-1.919704,0.600113,1.086163,1.233446,0.558947
-0.976172,1.215589,-0.582167,3.614186,-1.165096,1.425812,1.999286,0.987220,-0.568276,0.138074
0.390201,1.554260,-1.779399,0.249226,2.494134,0.637775,0.458168,0.303925,0.384946,-0.146806
0.483645,1.594811,1.315864,-0.023785,0.636791,0.145066,-1.686489,-0.048795,1.622185,0.227182
-0.319985,0.861633,1.481692,0.678824,-0.815997,-0.550394,-0.737116,0.865177,-0.037959,-0.571305
-1.733417,1.996261,-0.613063,0.714195,0.336334,0.614820,0.623162,1.533821,2.093434,-0.359613
1.476459,1.167752,0.809106,0.457163,0.011375,1.202609,0.600834,0.323520,2.102934,0.530012
-0.776690,1.484113,1.915995,-0.520095,-0.044139,1.496195,0.185465,-0.272373,0.501552,-0.617144
1.689268,2.848765,0.171004,1.951346,0.549423,-0.666639,-0.122187,-0.967342,0.274168,0.273679
2.242647,1.271392,0.774182,-2.408442,0.308513,1.617843,0.452997,2.344551,1.135131,1.960219
0.337733,0.331048,0.669971,1.231932,0.000153,-0.352158,-0.214532,0.497240,-0.051495,0.940345
-0.145270,0.376523,-0.781159,-0.454987,-1.547764,2.501309,-1.372585,-0.207473,-1.717100,-0.591577
0.463296,0.346924,1.190176,2.041437,0.262528,1.810485,-0.206649,-0.359325,1.821780,-1.254775
0.750448,0.653472,0.898985,0.706999,2.219725,2.264470,0.711666,1.105412,-0.959324,0.044417
1.920085,-0.835451,1.835658,1.498143,-0.160053,-0.666913,0.332090,-0.361930,0.614321,-0.083834
0.217885,0.944429,0.571311,-1.146362,0.534188,0.623171,0.922832,-0.006197,-0.748986,0.976490
0.417326,0.208534,0.921923,0.401926,-0.334091,1.702863,1.036698,1.496962,0.674737,0.175680
-0.488357,2.644061,0.831042,-0.442948,-1.040773,1.444225,0.581509,-0.751773,2.352964,-0.656216
2.084493,-0.394724,2.524990,1.312411,0.899027,0.768273,-1.249419,-0.310524,-0.126469,0.369661
-0.541575,0.523885,-1.481153,-0.282215,1.772475,0.017272,-0.446849,-0.333534,-0.750972,0.471421
1.828472,0.564977,0.212736,1.718255,1.972354,1.208416,0.687614,0.469970,0.944323,0.332227
0.600856,0.771913,-0.883682,2.258857,1.658825,-1.576847,0.249508,0.015105,-0.766627,1.065387
0.422590,-1.539819,-0.054214,1.107858,0.711218,0.670234,-0.556498,0.276910,-1.337299,0.342894
-0.762246,0.072695,-0.089079,0.927984,0.424971,-1.318342,1.573139,0.204670,0.438954,2.298827
1.339189,0.576009,2.305996,-0.205461,-0.628464,0.417762,0.735602,1.979134,2.749833,0.194687
-0.260269,0.693607,0.887167,1.120953,-0.177393,-0.359328,-0.081708,-0.316757,-0.423132,0.914836
-1.307886,-1.667962,0.755638,0.385425,1.066987,0.487825,-0.848339,-1.454330,1.514856,1.538628
1.790891,0.670063,1.054871,1.283768,-1.560957,1.520901,0.765068,2.181957,0.078706,-1.320302
1.484967,1.849972,0.720505,-0.077633,-0.473238,1.292376,-0.050840,0.801157,0.956137,0.072052
1.261293,-0.206963,1.458429,-0.084187,0.535036,1.390087,-0.781330,-1.790930,0.299472,1.939959
-0.433635,-0.207870,0.535014,-0.415418,0.716717,-0.792838,1.141495,-0.461545,-0.572650,1.297619
-0.044493,0.077936,0.337637,0.528635,2.094462,-1.329643,1.511215,-0.105083,1.255293,0.965833
1.852560,-0.101765,-0.755813,-0.209552,-0.381327,0.974848,1.409444,0.545937,-0.008193,0.924271
1.036142,1.010944,-0.219419,-0.876518,1.505959,-1.067722,-0.405081,-0.650656,0.183084,-0.893903
-0.306263,0.356494,2.358796,1.149286,0.705049,0.453056,0.423656,1.674691,-0.118401,2.377361
0.109316,1.852291,0.044935,1.007042,0.415109,1.583604,2.365625,0.172194,0.191995,-1.128939
2.770541,1.484642,1.411635,-0.332821,1.425254,1.421918,0.773122,0.304541,0.642844,0.024853
1.857129,1.354478,1.939552,-0.937405,0.699613,0.243110,-0.779807,-0.613437,-0.113433,1.239669
1.067542,0.745005,-0.271443,1.899767,-0.969354,0.672093,-0.041414,0.593294,-0.375248,-0.111122
-0.694386,-1.059717,-0.014558,0.134754,-1.224621,0.716706,-0.138110,0.426620,0.037897,-0.769086
1.065944,1.052008,1.042142,0.078890,-0.982167,0.335595,-0.502207,1.041466,-0.385670,1.277944
-1.173723,0.327102,1.736189,-0.038994,1.297370,0.721020,0.415492,0.395716,0.747183,-1.031344
1.351295,0.110385,1.690571,-0.058853,-1.466521,0.312217,0.037649,2.683992,0.848411,1.054155
-0.294299,0.873230,0.885438,-0.521003,0.620106,-0.393016,-0.856902,1.672821,0.277414,1.436857
1.035045,0.741790,0.053948,0.151403,-0.380427,0.584321,-0.157050,0.778391,-0.213933,0.317142
-0.203863,1.453719,0.292913,1.200286,0.466552,-1.256766,-1.699644,0.084609,0.217723,-0.585992
-0.503144,0.390379,2.900522,0.337136,0.032592,1.298392,0.860543,-0.166757,0.490516,-0.601441
0.439731,0.406394,0.814699,0.486234,0.373889,1.674108,2.085081,-0.316526,1.306346,0.007511
1.401260,-0.562482,1.396988,0.053046,0.941087,-0.067274,0.960582,0.325348,1.449456,0.408392
0.263270,0.649657,0.890285,-0.765962,1.489132,-0.491210,0.222824,0.368245,-0.124739,-0.959943
1.648042,0.852982,1.483338,-1.262481,1.005393,-0.637996,0.385799,0.606002,-2.055757,1.308982
1.085038,-0.212684,2.182684,-0.344852,-0.110039,0.531170,1.410482,-0.396142,0.309062,-0.405049
-0.439074,-0.248527,1.339741,0.380733,-2.197736,-0.394769,0.829643,0.066341,0.841339,1.943094
-0.448744,0.085241,0.247050,0.828136,1.775303,1.787407,-0.108246,1.240865,-0.169355,-0.228987
1.779067,-1.854530,1.199900,-3.217724,0.843400,1.733023,1.587849,1.648890,0.824040,-0.136910
-0.047350,0.934226,0.675717,0.366174,-0.684219,-0.160974,-0.250037,1.096633,1.802951,1.879823
0.524490,0.439598,1.864804,-0.007936,-0.161999,0.800751,0.871418,4.660508,1.084811,-0.049833
2.826645,0.217617,0.637861,0.022522,2.187155,0.565625,1.159549,0.153740,1.305114,1.520998
0.535287,-0.637924,0.011636,-0.255869,1.326799,1.850988,0.554237,2.582818,0.538302,-0.919591
0.197669,-0.422274,1.957026,0.226887,-1.197134,-0.869553,1.256320,-0.844151,-0.354098,-0.081402
2.690110,-0.915360,1.482637,1.206483,-0.331375,1.581837,-2.102149,1.316825,-0.110669,0.134634
-0.220653,0.611820,-1.127954,0.143256,-0.764986,0.551270,0.615131,2.031784,0.366890,-2.312372
0.200982,0.345885,2.308310,-0.223400,0.799886,1.487261,-0.388398,0.960562,0.421363,0.417019
0.802315,1.135437,1.654187,-1.543591,0.263202,1.825436,-0.724059,0.664095,2.103994,0.072072
1.001242,-0.427915,2.310830,0.428475,0.921670,0.730282,1.226207,-0.783100,1.930529,-0.023627
2.263443,1.888318,-0.471427,-1.480733,1.142638,1.482130,1.905280,-0.567891,0.735757,-1.883623
0.588428,0.127777,2.392828,1.720656,-0.916616,-0.306171,-1.086231,2.342012,0.588734,0.377219
-0.399414,-0.086030,-1.406507,-1.001366,0.203670,0.171619,0.153227,1.278587,1.641319,-2.618160
-1.237931,0.513891,1.739577,-0.297475,-0.263373,-0.963561,-0.704129,1.161790,-0.102332,-0.407158
2.902176,1.453327,1.064563,2.155711,1.005172,1.517069,1.524384,-0.073719,1.010686,0.174794
0.364742,0.597307,0.233909,-0.373756,-0.295315,-0.933405,0.059002,0.287116,1.401278,-0.011556
2.367901,1.827763,0.547009,1.965667,1.259058,1.184121,1.691420,-0.516760,0.515700,0.554703
0.184403,-0.547648,0.601228,0.830904,-0.079080,-0.004266,0.533607,1.430512,0.957164,-0.936031
-0.739521,0.951545,1.537577,-0.473347,0.809576,0.470752,1.973466,0.365564,1.084701,-1.601895
-0.554039,-1.441265,2.930829,-0.200035,1.802573,0.226586,0.623234,-0.293864,-1.054378,0.176457
2.484050,0.604508,0.945342,-0.617313,0.080158,-1.123365,0.481828,2.179736,-1.828274,-0.949984
2.607165,-0.566856,0.088685,1.274949,2.407369,-0.594633,0.947995,-0.305699,-0.413326,0.287840
1.037715,0.321215,1.295121,1.447572,-1.204649,1.323518,2.326871,1.400997,-0.801902,2.116454
0.590019,0.100976,1.371540,1.812258,0.488271,0.527826,0.145600,-1.067719,-0.260841,-1.383357
0.248401,0.225871,1.143727,0.175911,0.004373,-0.614445,0.419060,0.444710,1.059657,0.112734
0.833242,0.103016,-0.206655,2.274039,1.622209,1.273754,1.891031,-0.477584,-0.700437,0.072279
1.333164,1.271716,0.068331,1.321711,1.233267,1.914383,0.429197,-0.210755,0.682223,0.128091
1.653570,0.887691,-0.264683,-0.464585,-0.317140,-0.158931,-1.129764,0.435381,-0.567596,0.391760
1.194027,0.446771,0.519054,0.963164,0.089729,0.849405,-0.705872,0.961761,-0.434446,1.644908
2.251078,-1.573111,1.946071,0.613991,-0.359616,0.041243,2.170035,0.707456,-0.179567,-0.050939
0.103446,-1.565371,1.665832,-0.101822,0.317639,-1.464810,0.065698,0.687946,0.051471,1.035456
0.546401,1.292684,1.227774,1.585891,0.407820,0.701820,-0.018455,-0.247987,-0.683789,-0.476172
0.800854,1.854730,1.651896,1.164489,1.519657,1.308635,-0.422053,1.621463,0.889102,0.064273
0.884915,0.231671,1.057225,1.852667,0.763748,0.251112,0.775883,-0.634039,0.601493,-1.390061
0.446586,2.687246,1.367326,-0.202588,-0.143088,0.829186,-0.325620,-0.397087,-1.390064,0.375673
1.425518,1.689685,2.548440,-1.418365,-1.902249,1.145331,0.944339,2.500399,0.726292,1.258188
-0.338422,-0.854846,-0.671313,-1.718808,-0.832504,1.258905,0.997116,1.129141,1.404333,-0.741811
0.816054,1.652538,0.106379,-0.212670,0.311250,-0.776263,0.210068,1.535722,-1.013923,2.198103
-1.417486,1.941595,1.278295,1.098266,-0.954014,-0.256694,-1.244694,1.730897,1.839233,-0.383721
1.910869,0.699498,0.590783,-1.271313,1.913215,1.686636,0.438303,-2.473838,0.379464,0.306599
0.105140,-0.655991,0.586312,2.457533,0.850505,-0.064237,0.775418,3.245699,1.322693,0.234848
2.683670,2.444149,1.400327,0.189544,0.766130,-0.125213,0.071580,2.408984,1.910161,1.047355
0.582053,1.335253,0.409149,0.716873,0.560153,0.705224,0.481328,-0.064300,-0.102332,-1.396910
1.005185,1.015462,-0.566080,0.490345,-0.215646,0.745427,-0.555728,0.801223,-0.999733,-1.210182
-1.129329,0.542815,0.439424,-1.262475,0.108685,1.384015,-0.519202,-0.184808,1.052936,-0.265393
-1.098281,-0.592433,1.106027,-0.612579,-0.072872,0.148893,0.715809,0.779893,0.074540,1.177217
1.820508,0.564659,0.041282,1.501092,0.448353,1.730457,0.840038,0.399273,-0.584633,0.401526
1.860752,-0.257036,0.173331,1.175286,1.297437,-0.642761,0.026450,1.193429,1.556159,-0.994906
1.033593,-0.705572,0.997498,-1.445899,0.946644,1.022352,1.363169,0.984218,-0.628640,-0.193824
0.539084,1.613356,0.518471,0.673977,0.354113,0.501693,-0.251943,2.657419,-0.037448,0.789728
2.410873,2.149768,-0.454404,0.310350,-0.538836,1.601184,-0.341957,0.817072,-1.068038,1.869901
2.790685,-0.887537,-0.121668,2.613660,-0.148352,-1.441720,-0.385380,1.671796,1.847497,0.117957
2.518505,2.320887,-0.051136,0.144992,1.355143,0.428653,1.139633,1.614004,-0.000034,0.281632
1.071380,1.905573,0.022179,0.932923,1.232767,0.698356,0.161980,1.338813,-0.736077,-1.155691
-0.514835,-0.115765,1.102178,-0.189427,0.221159,0.224803,0.047539,-1.243604,-0.133307,0.068858
1.888877,-1.278401,0.929456,0.021197,0.926231,0.203339,-0.833432,-2.333262,0.430203,-1.512758
1.593160,0.343328,-1.362991,2.480010,-0.821145,0.714259,1.597296,0.185035,0.914836,0.859031
1.000646,-0.215349,1.215865,0.085117,-0.617643,0.008657,0.228589,0.596669,0.056780,1.410696
-0.115516,0.144805,0.384052,0.438021,0.164726,-0.635250,0.972040,1.116696,0.174469,-0.997521
-0.643972,0.944794,0.202887,-0.861506,-0.476767,0.751374,0.320945,0.026424,-0.188290,0.613856
0.280788,0.845312,-0.589302,0.504790,0.673294,-1.149877,-0.567927,0.979130,0.072444,1.965290
-1.135939,1.000575,2.516527,-0.324870,0.637419,-0.067437,1.443093,1.027703,1.933523,1.024834
1.026902,-0.142999,1.432787,0.338375,-0.477921,-1.459507,0.162557,0.707764,0.100078,-1.932309
-0.357460,-1.688177,1.491506,0.307117,-0.208035,1.059949,1.082556,-0.193355,0.469358,1.415898
0.039249,1.122648,0.911596,-0.248034,0.549826,1.129207,-1.015945,1.347047,1.722390,0.646398
0.834997,0.897366,0.334702,1.154931,1.044007,0.815796,1.445239,0.892297,0.984859,-0.136733
0.144459,1.557523,0.937673,1.017512,0.322535,1.345996,2.606021,-0.440471,-0.540905,0.743430
2.506514,0.874560,0.538457,2.335360,0.424044,0.421865,-1.365573,1.033770,0.095170,-1.559657
0.663867,1.449713,-0.956204,0.250535,1.617424,-0.477324,1.072690,0.484885,0.212534,0.136600
0.797611,1.298130,1.616275,0.350972,-0.751012,-0.133073,-0.148700,-0.039205,2.068741,0.135454
0.856328,-0.943274,0.302769,-1.729191,0.106456,0.946271,-1.196784,1.336822,-0.338738,-1.169729
0.376159,0.399028,-0.152576,0.921427,0.408837,-0.571345,-0.617209,-0.060598,0.092966,-0.138110
-0.254513,2.788265,0.881907,1.121282,1.051102,1.247892,1.203841,1.019384,0.199392,-0.723449
0.010309,0.466322,0.775574,0.339727,-0.338721,0.764652,0.458479,1.372422,0.687045,-0.949085
2.046321,0.964062,0.071846,-0.258838,1.733659,-1.359648,-0.520372,0.626810,-1.148664,1.886927
-0.718290,-0.869890,0.759477,-0.988318,0.279787,0.598297,1.911134,-0.227916,-1.569894,1.594722
2.800834,1.013036,-0.576486,0.119371,1.365540,-0.623938,-0.565572,1.027058,1.320249,0.053780
1.350997,-0.118592,-0.947062,0.426997,-0.630311,0.559147,-1.069147,0.324362,1.313615,1.184239
-0.179354,1.540070,0.120475,1.631978,0.700355,0.717946,1.156447,-0.264028,-1.085023,1.112348
-0.051087,0.159868,0.426350,0.678117,1.572867,-1.166933,-0.182109,0.562094,0.494928,-1.368762
1.435770,-0.409327,0.823097,1.267719,-0.101265,0.227489,-0.134641,0.146739,0.712394,0.093076
0.445443,0.191538,1.245511,0.365559,0.852646,1.903312,0.126466,1.347162,-0.015495,0.804018
1.394838,-1.956994,-0.291960,0.418104,0.571075,0.404861,-1.725490,-0.701978,0.353881,0.436083
-0.205275,0.661853,0.851174,0.501380,2.809011,0.440687,-1.240551,1.565928,-0.518003,0.811107
0.872374,-0.676240,-0.137151,-0.434675,0.744612,1.979932,0.781305,2.171703,0.353361,-0.564748
1.013967,-0.342582,1.475965,0.581655,0.679945,0.890863,-0.539193,-0.553974,1.909302,0.783643
0.177172,0.572236,1.461325,0.082768,-0.275958,2.551821,0.468736,-0.171708,0.982958,-1.155601
0.474935,-1.479279,-0.067259,0.849981,0.993735,-0.271816,0.314035,-0.261034,1.670737,0.333584
-0.553805,0.658831,0.975620,-0.575997,0.552823,-1.115407,-1.567366,0.746492,1.026076,1.888086
0.649783,-0.086915,0.639441,-0.251002,0.571970,-0.277659,1.029329,0.292993,1.103626,-0.438770
3.482239,0.245576,-1.202638,-0.209985,-2.214350,0.193489,-0.535427,0.888533,0.178121,0.618265
1.793886,-0.251699,-1.060115,-1.737055,0.821832,1.340794,0.244774,0.759266,0.369877,1.287775
-0.945309,0.044535,0.823920,1.318849,0.349079,-0.671152,-0.708912,1.619094,0.593322,1.099496
0.327092,-0.344817,2.061151,-0.419761,0.062491,0.468974,-0.051224,-0.477056,-0.207523,-0.196150
0.389864,0.490280,0.684149,0.357585,0.378894,0.604677,-1.507235,1.455299,-1.819581,1.364696
2.423681,2.271028,0.325871,0.214922,0.235051,0.073129,0.382876,0.741966,0.846608,-0.748427
2.539568,0.927793,-0.243207,-0.927001,-0.029773,0.354722,-1.235814,0.873035,0.448388,1.203121
1.526261,0.071739,1.351758,1.050238,0.714291,-0.372990,-1.242320,-0.219635,0.468451,-0.108579
0.138837,-0.416636,-0.086960,-1.200030,0.380313,0.999013,0.549667,0.188556,-1.108468,0.503974
0.454723,-1.977191,0.188984,-0.650079,0.079096,-0.276443,1.607088,0.129074,0.130724,-1.347240
0.927464,1.252939,0.116186,1.914538,0.041470,-1.846940,1.012172,-0.641142,1.510073,-0.203878
-0.879053,0.823178,0.757262,-1.443183,-0.284523,2.216706,0.297549,0.685265,-0.072050,0.730441
1.142806,-0.485275,2.083371,-0.811991,1.636394,-1.684770,0.753907,1.682511,0.417399,2.595648
1.106836,1.333614,1.984801,0.909409,-2.018729,0.565233,3.284376,1.189306,-1.486144,0.337439
0.974910,0.557161,0.485445,1.236798,0.850728,0.128636,1.138556,-0.146660,-0.481193,0.340019
1.068377,-0.519734,1.641441,0.649933,0.195695,1.228803,-0.618168,0.839123,-0.326678,-1.218852
1.655314,1.832178,-0.133281,-0.714770,0.333324,0.169897,-0.546207,-0.528233,1.215543,-0.887036
2.385852,-0.113207,-0.047016,0.424963,1.135497,1.087444,-0.860411,1.418108,1.232256,1.088404
0.761311,-0.294266,1.307900,1.218627,0.523406,-1.492565,2.297315,-0.936944,1.677870,-0.615821
0.417468,-0.530607,-0.605787,0.145628,0.534106,-0.145775,1.499697,0.453231,-0.574904,-1.102941
0.854580,0.581611,-0.735177,1.078217,-0.703418,0.278337,1.313395,-0.076692,1.677821,0.241467
-0.047608,0.943462,-0.919743,1.915284,-0.605159,1.218203,-0.143534,-1.399153,1.317270,-0.996038
-0.738727,1.200055,1.567771,0.184297,0.508582,1.029336,-0.181308,-1.223162,0.172030,1.208305
1.753145,0.264004,0.605547,0.112802,1.524743,1.052421,1.081483,0.209702,-0.095813,2.054357
1.857196,0.918848,1.462964,0.331685,0.922283,-0.345611,0.363031,1.044121,1.948695,-0.345597
2.070329,0.304372,0.632247,-0.743113,0.480457,2.220197,1.241738,0.412333,1.539797,0.384355
-0.172858,1.916729,0.868127,1.681913,0.733010,1.489932,-1.444764,0.435334,0.332676,-0.854896
1.474529,0.334941,-0.027986,-1.450962,1.330908,0.971937,1.697143,0.106497,1.657079,1.869593
-0.954840,-0.282349,1.544928,1.050466,0.351382,0.399346,-0.245234,0.505482,2.348227,-0.469035
-0.125066,-0.633590,1.827137,0.319296,1.369323,-0.221767,-0.336704,-0.547519,0.477640,0.901995
1.279545,-0.138056,1.965545,2.309145,0.167070,2.119273,0.257602,0.394724,0.917276,-0.328642
-0.067450,-1.643731,0.081168,0.672133,0.889043,-0.838393,-0.632345,0.072530,-0.312568,2.042424
0.743086,-0.035781,1.781085,0.537881,-0.347196,0.138906,0.224734,-1.187554,1.589950,0.930775
0.654959,1.912026,0.388780,0.638200,1.005033,1.043958,0.225360,-0.927401,1.584953,0.149719
-0.920859,0.984515,2.296293,-0.408055,1.439033,-0.966278,1.425725,1.176684,-0.395848,1.377883
1.325978,0.012446,-0.533736,0.494612,0.427443,1.124826,0.660915,0.272837,0.216828,0.439625
1.583762,0.209504,2.637101,1.771027,0.153940,1.016333,1.188560,2.511283,-0.587775,1.272650
0.851592,1.074565,0.008419,-0.824066,-0.734116,1.173076,-0.445983,0.635136,1.107653,-2.339506
0.482670,0.277178,1.508974,-0.705109,-1.910287,0.794873,0.358659,-0.130019,-0.488141,0.771910
-0.759041,1.476187,0.042443,-0.459682,1.937931,-0.121466,1.326548,-0.483756,-1.056498,0.118463
-0.680496,-1.305388,0.584551,1.990966,1.419289,-0.259585,2.831813,-1.348970,1.017903,-1.531027
-1.016394,0.811060,0.703254,0.321124,-0.465311,-0.739418,1.311691,0.316732,2.361460,-0.186064
1.626561,0.575948,0.890194,-0.543459,0.704286,0.669019,0.786208,0.878405,0.006753,1.036057
-1.227363,0.554240,-0.454837,-0.659022,0.478896,-0.843030,-0.303753,0.961191,0.268449,0.270757
-1.349870,0.056544,2.523971,2.962336,-0.136785,2.342343,1.737474,1.443773,0.625089,-1.420848
1.559194,0.710673,-0.226028,-1.002635,0.892860,0.506547,1.479390,0.169500,-1.510867,1.927308
0.902012,-0.416672,1.092623,-0.595064,0.707088,-0.548526,1.166423,0.144881,1.183989,-1.365263
1.615185,1.589323,2.019927,0.979347,0.168626,-0.124808,-0.829304,-0.235145,-0.156394,-0.346332
0.011654,0.598434,0.237042,1.042276,-0.123902,-0.880319,-0.026749,0.731581,2.117722,0.213426
0.539040,0.751223,-0.433197,0.196150,1.578162,0.784098,-0.588469,0.919910,-0.751087,0.243908
2.118395,1.229839,0.760318,-1.187140,1.103640,0.088842,0.749235,1.071187,0.098916,1.123010
1.135867,-0.969400,0.553658,0.287419,-0.039537,0.578962,0.412746,-1.081793,0.434852,0.047969
0.404005,0.347073,-1.452218,0.554316,0.857979,0.136097,0.793806,-0.459979,0.700419,-0.368223
-0.655477,1.409970,1.197126,1.464632,0.829165,0.056144,-0.341261,0.658223,-0.146366,0.310390
1.810368,2.180379,1.432407,1.071237,-0.245914,-0.363224,-0.314501,1.994895,-1.750117,0.607777
0.674224,-1.386749,0.540264,0.460423,-0.596675,0.776501,0.851562,-0.724366,-0.273093,2.223767
0.406468,0.187657,-1.118972,1.093782,0.368023,-0.291991,-0.816878,1.249028,1.892886,-0.737627
0.786919,-0.752357,-0.604340,0.439585,2.003195,0.296926,2.137971,2.088435,1.194911,0.704075
1.764230,0.977034,0.775628,3.057950,-0.775801,-0.074639,-0.472172,1.206078,-0.395066,2.564535
1.565125,0.364409,-1.664384,-0.503000,-0.142341,-1.583114,-0.205328,1.443651,1.092860,0.290298
0.677806,-0.171466,0.148369,-0.484403,0.278086,0.583920,0.891611,1.488228,1.639350,-0.790892
-1.602743,0.940223,1.152053,-0.532048,0.707860,0.133975,1.429680,-0.128434,0.275219,1.511815
-0.251089,1.652399,-0.862490,0.896456,0.590890,-0.553900,-0.005314,1.864984,-0.270155,1.317680
0.582285,0.766921,1.607515,-0.393158,-0.749541,1.373561,1.153801,-1.209132,0.195682,1.611378
1.111527,1.798743,-0.330791,0.903835,1.260734,0.854396,0.557570,0.385611,-1.278777,-0.310541
1.667067,0.614511,1.356218,0.355652,2.408528,-1.953325,-0.645651,-0.095760,0.190789,0.653986
-0.409791,0.745510,1.086872,-0.988832,0.917822,-0.017655,2.159922,2.501521,1.165530,0.982268
-0.382457,0.832880,-0.560616,0.056700,1.344233,0.068667,1.645134,0.110850,0.710329,-1.329121
-0.771931,1.182260,0.178846,0.662267,1.131173,-0.405961,1.054260,-0.186977,1.517499,-0.295627
-1.300782,0.118875,-0.489237,0.621080,0.378040,-1.243669,0.392846,-1.052885,0.708890,0.965587
2.443273,2.840350,0.042036,0.976714,0.451648,0.084392,-1.040798,0.127396,0.680423,0.985142
0.353950,0.245812,2.004696,1.321426,0.129394,0.047609,1.722040,1.210365,0.494127,-0.503946
2.475549,2.201398,0.758056,-0.660175,1.468525,-0.570892,0.157719,1.237743,1.609435,2.081389
1.610558,0.771471,1.391488,0.742574,-0.441606,1.697683,-0.279670,0.610825,-0.989247,0.296835
0.414724,-0.404415,0.075840,0.673076,-0.123676,1.427463,1.048906,-1.000626,-0.401114,0.394665
0.453359,0.051691,1.986406,0.054469,0.459335,1.991787,0.583229,1.824752,-0.203746,-1.257465
-1.290419,0.735791,0.216721,0.470917,0.636225,0.844098,0.465813,0.691431,-0.816523,-0.676216
-1.000338,0.824911,1.203533,-0.327135,-0.994585,-0.012428,-1.282780,0.432527,0.437173,0.549450
-1.026633,0.832363,0.365204,1.161076,-1.465104,-0.140630,1.657738,0.686275,0.087265,0.147205
-1.100757,0.442387,2.401570,1.213215,2.450587,0.894893,1.481905,1.279160,0.629092,1.176852
0.642433,-0.236107,-0.434737,0.187909,0.121858,-0.190111,-0.168567,1.481434,-0.169131,1.082079
0.916974,-0.593241,1.696824,-0.258922,0.276366,-0.627915,-3.172715,1.737596,0.745973,1.408751
-0.277960,0.510734,-0.660820,1.264476,-0.316308,1.282927,1.499905,2.874061,1.625090,0.516454
-0.451118,0.622708,0.666280,1.928396,0.127074,-1.391135,-0.438440,1.493375,-0.308459,-0.474454
1.238929,1.602580,-0.148397,0.553456,1.746179,-0.205329,1.013528,0.134529,1.156225,0.555127
-0.041510,-0.561427,0.815089,-0.545591,-1.649832,0.230318,2.116346,0.029144,-1.546584,1.722580
0.309037,1.862625,2.122165,0.659416,2.112004,-0.448386,1.306357,-0.154136,-2.105847,-0.029029
0.000996,0.836776,-0.815329,1.381750,-0.271097,-1.400866,2.250647,0.453123,-0.238340,0.096965
1.522214,0.071773,0.618115,0.610077,0.566298,0.420850,-1.817318,-1.615645,0.758686,-0.661791
-0.278290,2.100926,1.764862,1.339278,1.607585,-0.452023,1.172411,1.406082,1.309771,0.882195
0.801287,0.888658,3.079521,-0.302210,0.115324,0.067079,0.224819,0.870610,-0.395863,0.872604
-0.286929,1.787986,2.023263,-0.518000,1.432046,-0.174646,-0.585391,1.242955,-0.768452,0.685897
1.053420,0.050419,0.756750,1.545632,-0.614043,-1.321354,1.229811,1.246889,-0.477697,-1.354448
-0.500295,0.796084,-0.780537,-0.668602,0.061182,-0.173183,1.365838,0.952529,0.781768,-0.793761
0.155329,0.943829,-1.015575,-0.586023,1.272385,0.730476,-0.070092,1.689064,-0.368186,-1.483024
1.629933,0.608967,-1.067721,2.406353,0.173160,0.177687,-0.068421,1.298884,1.460359,-1.771248
-0.533003,1.784903,1.762460,2.073924,0.240820,1.597982,0.429713,0.950851,-1.520563,0.708968
-0.414865,1.225799,1.238580,-0.742306,1.111589,-0.966976,-0.093657,0.386000,0.905506,-0.019227
1.587432,-0.498652,0.231770,1.973878,1.515551,1.127285,0.035585,0.269984,1.099197,0.082922
1.839842,0.424205,1.416894,0.952871,1.657791,0.595448,0.825927,0.116752,-0.041943,-0.215714
-0.206702,-0.610645,1.272392,-0.043679,0.489124,1.159708,-1.139680,0.350518,-0.305895,0.223921
1.642180,0.749758,2.194372,2.274857,1.039608,0.600840,-0.681899,-0.827052,0.161219,-0.686493
0.121882,-0.075100,0.311348,-0.407380,-0.669637,-0.389964,1.605765,0.676000,1.274090,-0.455229
1.660426,-1.201005,1.485700,0.704397,1.604535,-0.465891,0.088478,1.045118,1.463514,1.040459
2.830152,0.598942,0.057760,0.032867,0.193653,0.846066,1.338215,1.911836,-1.573404,1.119813
1.349107,0.365690,1.854699,-0.670791,-0.019626,0.153493,-0.034553,1.090520,-0.358183,0.910127
0.371629,0.235868,0.142173,1.831075,1.813565,0.194470,0.029974,1.281903,0.104254,-0.273145
0.314043,0.835829,-0.042783,0.888686,0.785398,0.301350,-0.447266,1.188680,1.229597,1.845429
0.107869,2.170799,0.385601,1.025902,-0.225242,0.604850,-0.501586,1.048082,0.005955,-0.055611
-0.434940,2.348683,-0.438256,0.077676,0.175873,-0.008238,0.927741,1.054431,0.768213,0.038943
-0.501085,0.908072,0.739367,0.052189,0.642939,-0.662581,-0.006563,2.455658,0.794557,1.629203
-0.063434,0.398653,1.577538,0.880196,-2.358505,0.937882,-0.824906,0.939048,1.442821,1.766244
-0.960541,-0.110472,1.181278,-0.569171,1.858209,-0.016858,1.804538,2.683210,-0.346433,-2.212505
1.077434,-0.515808,0.079667,2.616938,1.220792,1.788048,0.241495,-0.246130,0.543388,0.408912
-0.194250,0.921196,0.867463,0.588871,0.132324,-0.060808,0.392747,0.870625,-1.105010,1.718411
2.421041,0.250744,0.235780,1.190510,2.190571,0.207601,0.822071,0.917753,1.853207,2.213772
0.384008,0.615122,0.962215,0.373735,-0.304342,1.060980,1.669928,1.450328,0.931848,0.630309
0.972339,0.569274,1.179725,1.125383,0.994766,-0.331063,1.967168,-0.542036,0.734703,1.593793
1.835073,-0.591803,0.508379,2.116259,0.450437,0.379661,0.235737,0.817614,-0.330186,0.247434
1.301208,0.555751,-0.496859,-0.081150,-0.416951,0.856968,1.290708,-0.615942,-0.087893,0.150606
1.162631,-0.090466,-0.937879,1.463198,-0.297173,-0.820383,0.848049,1.147542,0.687328,0.112804
0.043546,1.126804,-0.542055,0.023743,0.466911,0.056026,0.727604,-0.149233,0.625042,1.305795
0.925052,2.483150,-1.178016,0.688909,-0.022612,1.052617,0.779215,-0.342073,2.797849,-0.820368
0.564699,0.989210,1.283034,1.031023,0.637102,1.017442,0.542544,1.928258,0.529260,2.112438
1.172444,0.129357,0.454222,-0.898565,2.211722,-0.142092,1.355116,0.693590,1.327085,1.064812
0.795542,-0.923623,1.345618,-0.536524,0.693338,-1.065521,-0.596925,0.643058,0.912395,-0.373453
1.306490,0.064932,0.334869,0.237643,1.011379,1.278887,0.286884,1.156345,1.311517,0.168741
0.206218,0.598971,-1.658025,2.340662,-0.607329,-2.335789,-0.633097,-0.247899,0.552133,0.385585
1.572170,0.939092,-0.150663,-0.698270,0.983461,0.919713,1.789951,-0.448732,0.235718,3.133069
0.802482,1.259385,0.498962,1.718073,0.426440,-0.175876,0.278652,1.917662,0.671057,-0.414854
-0.956524,-0.681928,-0.192858,0.234923,0.285365,1.078187,0.511098,-0.352073,-0.025065,1.193531
0.581552,2.960892,0.022851,-0.402369,1.277658,0.668144,-1.891331,0.908159,0.768582,-0.387057
0.200368,-0.146523,-0.308034,2.391724,0.629691,-0.232108,-0.909632,1.793292,0.623768,0.086118
-1.073108,-1.093296,-0.339338,0.390740,0.903500,0.438412,-0.924237,0.743488,-0.207691,-1.343324
-0.060484,-0.755349,1.320427,2.200778,-0.449515,2.784422,1.622524,0.626000,0.041705,0.554870
2.193385,2.230902,0.018377,0.691872,-0.462945,2.377205,-0.070248,1.294851,0.154656,-0.234152
1.980819,2.033206,-0.761262,0.217791,0.300156,0.482487,-0.823407,0.211009,0.609181,1.177863
-0.497097,-0.115701,1.290741,1.311898,0.803390,0.988788,0.379752,-0.614555,0.393898,0.156157
0.228425,1.417710,0.265615,0.992818,1.262425,0.051881,-0.201390,1.313510,1.643583,-0.998702
1.146503,-0.973688,0.989898,-1.900332,-0.001503,0.828003,1.616023,-0.274470,1.587888,0.238163
0.037417,0.463963,1.547931,0.383515,1.786080,-0.421402,0.999338,0.725389,1.298162,1.507970
0.818242,1.889410,0.880649,0.863363,-0.444767,-1.065874,2.030297,-1.100423,1.306076,0.671900
2.415710,0.189962,1.698903,-0.578974,-0.143014,0.374662,-0.649141,1.437860,2.022329,1.333777
-0.109037,-0.072508,0.142889,1.765118,0.506582,2.256036,-0.053843,-0.250914,-0.057402,1.348005
1.019289,-0.554350,0.811062,1.737092,-0.444597,0.660455,-0.700575,1.586879,0.179980,0.319970
1.653127,0.491253,1.617540,1.126609,-0.798095,2.444292,0.999860,-1.276418,0.030935,2.036512
-0.663905,0.888475,0.092302,0.161552,-0.586186,0.026872,-0.040081,0.232674,1.096825,-0.627607
1.326463,1.104624,2.504281,2.386407,-1.485889,-0.805316,-1.526259,-0.414374,1.361062,0.844057
0.035426,0.507175,0.499752,0.252494,1.064510,-0.444557,-0.229058,0.279072,1.151270,-0.000490
0.747071,-0.568810,1.732791,-1.334631,-1.130859,0.166995,1.018761,0.472158,-0.516213,1.240024
-0.273527,2.131364,0.044162,1.204683,1.529170,-2.016650,1.185610,0.558459,1.194184,0.720446
0.632075,-0.745962,0.081523,1.528710,0.610064,0.495831,0.894817,1.942635,0.750200,-1.172656
1.423770,0.207187,-1.083417,0.811477,0.911590,0.385369,-0.288382,-0.107597,1.112352,0.483692
-0.471558,0.584944,1.808723,-0.460959,-0.498833,0.764531,0.801898,0.233884,-0.647399,-0.807581
-1.259837,0.019148,-0.830613,0.267829,1.064841,0.642635,1.088009,1.516781,0.523530,1.007114
-0.292293,-1.158349,-1.484497,-0.896672,0.213637,-0.418819,-1.289912,0.340940,0.125252,0.037417
1.675946,0.258508,1.900417,-0.608057,0.626599,1.077003,0.761950,1.584289,-0.104825,0.354607
0.731891,0.431456,1.588238,0.119244,2.426588,0.964722,0.966512,-0.529552,-0.899691,-0.291277
0.797490,-1.873102,0.163659,0.203738,0.701666,0.661685,-0.146429,1.235276,-0.046150,1.500769
0.823077,1.068328,0.382328,2.398019,1.043313,-1.062763,0.361203,-1.097088,-0.078061,-1.036431
0.096810,1.622385,1.776879,2.152604,0.465784,-0.627442,0.338413,-0.323872,-0.323282,-0.319596
1.497970,2.039696,1.571081,-1.234477,-0.090125,-1.074594,0.064259,1.037783,-0.911478,0.700486
0.703656,0.463874,0.031670,0.965456,0.027690,-1.582627,0.600922,0.560617,0.607274,0.734117
-2.740686,-1.576980,1.465724,1.745529,0.393799,-0.228477,0.757416,-0.349062,1.558757,0.347890
-0.547251,1.202628,-0.443552,1.836646,1.778849,-0.227270,-0.524146,1.137380,-0.368343,0.410418
0.786934,-0.041320,1.665422,0.107583,0.368241,-0.392431,0.971532,0.401088,0.062302,-0.427268
2.171933,2.151952,-0.066624,-0.018190,0.637257,0.233281,-0.936872,2.367775,1.663040,0.698006
-0.170194,0.118612,0.089350,0.889327,-0.193879,0.760053,0.787979,-0.662943,1.070076,-0.222695
1.207589,-1.593530,1.699602,-1.018314,1.414404,0.757033,-0.801408,0.974997,0.641450,0.406982
0.510742,1.873044,0.748472,-0.187501,0.478080,1.233659,1.728532,1.204235,2.288331,-0.867277
0.884227,1.455233,1.547374,-1.007340,1.210190,-0.961238,0.449627,1.106506,0.913168,0.486864
-1.516854,2.231814,-0.099432,2.362478,2.476259,-1.130166,0.857088,2.042000,-0.164037,-0.266943
1.813881,1.867929,-0.624764,0.254047,-0.981838,-0.913102,0.400381,0.152101,1.101429,0.094813
0.710055,1.195456,-0.224945,-0.102816,-0.325486,0.793035,0.133772,-0.230652,1.378072,0.835086
0.354345,0.390317,0.616366,1.268175,-0.083769,-0.144296,0.392477,0.756157,0.685194,0.282819
-0.345235,1.295874,2.854483,0.809058,-0.211934,1.689133,0.410540,0.298178,-0.438717,0.514032
1.658083,-1.007348,0.894763,-0.141682,0.053899,0.173637,-0.176792,0.716402,0.493452,-0.244422
-0.868560,-0.897493,0.930667,-1.984651,0.128295,-0.453925,-0.032680,0.787421,0.078642,1.063697
0.703726,0.936521,1.569643,1.027530,0.265196,-0.544453,0.272269,1.023292,0.173428,-0.414188
-0.388909,-1.967251,0.892489,1.316508,0.031731,-0.318055,0.158247,1.515870,0.314561,0.176049
1.336515,2.763497,-0.230948,-0.361473,-1.652653,-1.536547,-1.006795,0.702524,-0.190821,-0.504293
-1.214405,1.311738,-2.058682,0.415857,1.985927,-0.864763,0.833028,1.191767,0.549854,0.397334
-0.193710,0.908539,-1.147787,0.168279,-0.419635,-0.651645,1.112928,1.401596,0.037855,2.699678
2.676115,1.489701,0.779003,0.239770,0.902751,1.299232,-0.142131,0.546870,0.720866,2.477858
-0.159719,-1.282067,0.586301,0.349406,0.974041,0.011002,1.710267,0.233043,-1.065496,2.078197
-1.143849,0.348693,0.545624,-1.327145,0.293801,1.341743,1.916780,-0.014742,1.234889,-0.127116
1.016495,0.993389,2.252247,0.335885,1.264752,1.477572,0.567056,-1.585385,-0.066543,0.138105
1.560695,1.389322,0.972645,-1.129595,0.678774,0.237896,1.165565,0.067812,-0.375188,0.744340
1.220459,-1.637861,1.259884,-0.909635,0.025294,-0.718659,0.891402,-0.066723,0.474841,-1.285310
1.006677,-1.206377,0.993494,0.701002,-0.229714,-0.848831,0.535092,1.766144,1.601380,2.085906
1.290138,-2.434250,1.818946,0.254642,1.027909,1.603516,0.898147,0.901713,0.748577,-0.197260
2.671716,-0.238202,0.714783,1.276138,1.548993,-1.435717,-0.516059,0.696866,-0.060710,1.493709
1.584671,0.423905,-1.666958,-0.518163,0.253406,-0.133189,0.408802,0.771152,0.439117,0.523583
0.404127,-0.738850,-0.451682,0.733123,1.780273,-0.921314,2.485942,0.752571,-1.629230,1.106903
-0.871973,1.388693,0.250473,0.708390,-0.360682,0.721689,0.262416,-1.141365,-1.714447,0.748245
1.383073,2.135581,1.811193,1.840015,-0.676331,-0.104196,0.942777,-1.017176,1.165455,0.583511
1.006185,1.275085,0.412552,2.004372,2.340707,1.618789,0.079021,-0.207526,2.427464,0.891131
0.679690,-0.822043,2.368837,0.637415,-1.507529,0.943982,-0.443365,-0.028112,1.975376,-1.108348
-0.288950,0.878266,2.016332,1.555981,-0.380874,-0.270199,0.413034,1.763466,1.418500,0.315201
1.178893,1.077199,-0.593080,1.154215,1.044220,-0.427752,-0.005132,-0.176478,0.761026,-0.199560
0.238728,1.238588,0.082315,-0.129713,2.063315,-0.144612,0.311814,-0.004632,-1.500769,-0.376757
-0.499460,-0.882034,0.546317,2.952199,0.899699,0.190062,1.009398,1.035761,1.486168,0.434924
0.507521,0.752551,0.107800,-0.118508,1.162344,1.690502,-0.271478,-0.466453,0.983559,-0.522146
0.765676,3.206976,0.917299,1.864719,1.150048,0.087184,0.616588,0.451715,2.224544,0.583575
0.092490,0.678740,0.765488,0.229630,1.162008,-0.266801,1.460887,0.271040,-0.231131,-0.996261
1.032969,1.687409,-0.314716,1.776968,1.028233,0.769235,1.742464,0.524270,1.199875,-0.933619
1.579052,-0.086429,0.694916,0.480796,0.975383,-0.084507,-1.384535,-0.003670,0.435617,0.029353
1.824487,-0.639490,-0.509682,0.135964,0.483703,0.554683,1.080284,1.853491,1.157042,0.326008
-0.112962,-0.087257,1.202444,2.105687,1.117363,1.032723,-0.810553,0.347196,-0.550659,1.807807
-0.216432,0.558876,1.303184,1.118266,-0.159174,-0.208532,0.176672,0.537696,1.267852,-2.113536
1.090895,-0.368423,-0.472411,1.463511,-1.401231,1.772815,-0.270331,1.154874,1.211515,0.584908
-0.251119,0.452998,-0.843449,1.083825,-0.291112,-0.533271,0.564598,0.785960,0.130979,-0.387340
-0.099356,1.334674,0.840726,-0.101829,-1.726942,-0.018926,-0.060518,0.137404,-0.951801,0.764778
-0.871744,0.503862,-0.280594,-1.183551,0.318853,-0.024754,0.730171,0.879632,0.368165,1.172976
0.891098,-1.491472,1.752386,0.669018,1.574436,1.305126,0.850912,1.517711,-1.718202,0.842838
1.282535,0.375410,0.648785,0.493740,-1.573545,0.676070,1.195859,-0.979416,1.117944,0.846445
0.623967,0.297377,0.133214,0.774850,-0.075347,1.191818,-0.084807,-0.616747,2.855891,-0.065693
0.936588,0.664939,0.658277,-1.364683,-0.433015,0.967249,0.236091,0.223779,0.991790,1.147556
-0.396189,-0.941279,-0.138435,0.862242,0.148366,-0.064228,-1.411239,1.883095,-1.854770,-0.538867
0.188125,1.185663,-0.435742,0.843721,0.226143,-1.670751,0.378164,1.320734,1.041369,0.597457
0.232675,-1.723626,0.735343,2.169923,1.376099,0.774991,2.055277,1.016302,2.184602,1.219589
0.595306,1.092657,0.534265,-1.282645,1.404238,0.518292,0.148924,1.373663,0.783544,0.063402
0.602454,2.809044,1.476930,0.062956,-0.353020,-0.921833,2.751952,0.748841,0.168641,-1.219542
-0.107705,-1.571704,-0.647330,-0.635674,0.529916,-0.756113,1.553994,1.548629,0.441926,1.933684
1.296297,1.985796,-0.282700,-0.147781,-0.570638,1.801479,-1.781005,-0.454796,1.817781,-0.830430
0.444549,0.829603,2.215332,1.116576,1.171170,0.178012,-0.177178,-0.109436,-0.305020,1.659756
0.948960,1.866837,-0.149823,1.552026,0.711613,0.032190,1.543319,0.501888,-0.176851,1.282380
0.681289,0.427172,1.741737,0.518050,1.297219,-0.452265,0.835282,0.340693,1.311629,-0.443751
1.100849,0.289548,2.184573,1.296587,-0.419121,-0.450677,0.467562,0.800834,1.274693,-0.099905
1.782790,-0.742183,-0.246717,0.695151,-0.526845,1.841696,-0.684219,0.829100,2.080316,-0.232829
1.222553,-0.472584,1.639628,1.853204,1.057387,0.728856,0.822337,1.180826,2.188432,0.365555
-1.109126,0.404425,1.304548,0.645099,0.892211,-1.186259,0.111771,0.296963,1.008199,0.582273
-0.121954,1.595764,0.537141,2.576156,0.245490,0.808371,1.434749,1.000581,0.221109,0.566942
1.254047,2.200528,0.103766,0.167940,0.205886,-1.219953,-0.391785,-0.506557,0.817411,0.957542
1.599783,0.434820,1.923361,0.987635,0.022291,-0.302523,2.069743,-0.218240,-0.424685,0.414834
2.078967,0.391630,0.704602,1.073304,0.268014,1.099362,-1.038276,-0.398619,-0.521504,0.986293
1.596102,1.016777,0.936544,0.936846,0.991689,-0.149727,-1.111986,1.764289,1.042272,0.880882
-0.340880,2.313570,0.228122,0.504543,-0.924133,-0.583102,-1.720280,0.772990,0.200199,0.465990
1.157776,-0.840789,0.676556,-1.011890,2.154234,0.414542,1.158757,2.196874,1.396024,2.073247
1.349675,1.407991,1.862023,-0.274994,1.361337,-0.485058,0.975341,1.602304,-0.069659,0.269091
2.357819,0.401658,1.772857,-0.847796,-1.275394,-1.275797,0.668089,3.903032,-1.049612,0.577789
1.139510,0.455725,0.984674,-0.824003,-0.116945,1.603012,0.646989,-0.006715,0.133305,-1.059121
0.448029,0.671265,0.844973,-0.473867,1.081853,-0.454521,1.674408,1.145416,0.357086,-1.048690
0.012471,-0.208553,1.384683,-0.011381,1.293654,0.986759,0.932010,1.693867,-1.999574,0.878133
1.270287,2.331851,1.147887,0.119011,2.654959,1.148694,0.797340,1.126966,0.093573,0.900757
0.102787,2.129850,-0.730870,1.162772,-0.364547,1.579406,-0.480043,0.231922,0.400614,-1.310742
-0.059543,0.704303,-0.134177,0.452957,1.165251,-0.686828,0.169321,1.967833,-0.180037,0.807366
-1.046940,0.284526,1.119153,-0.422534,-1.635406,0.308816,0.959966,1.456709,-0.413439,0.563701
-0.693367,-1.359283,2.254011,1.579328,2.158245,-1.059117,1.381692,1.011600,-0.247899,1.283720
-0.260421,0.010539,1.022263,-0.159808,-0.384464,1.834842,1.141864,0.973357,0.426494,1.778639
0.481263,-0.256828,-0.699164,-0.983102,0.145957,1.101827,0.185385,-0.330658,-1.648162,0.480587
0.841420,0.809491,1.387814,1.793170,-0.084994,-0.371004,0.143508,1.941722,0.096544,0.743930
1.367339,1.351816,-1.139210,1.396741,-0.872953,0.274770,-0.524521,0.340778,1.183865,0.640805
1.010136,1.900096,0.702026,-0.981323,0.694790,1.283646,-1.331663,2.150971,0.060076,0.755209
1.127504,1.214558,2.056547,0.765164,1.051008,0.632701,1.763969,0.629873,-0.300466,1.390962
3.026281,0.450106,0.924764,2.787785,-0.656432,0.274426,0.301350,1.855873,1.200672,-1.543250
0.315588,-0.066715,-0.415699,1.407121,0.676524,0.290328,-0.015913,1.999409,-0.339959,-0.016916
-1.308642,-0.934333,0.218632,-0.435139,0.110764,0.994448,-0.238044,1.141383,0.683224,-0.286599
0.340257,0.192758,-0.906292,-0.181495,-0.008975,0.241628,-0.405938,1.236559,0.824085,-0.304126
-0.145999,-1.389479,2.327298,1.378914,0.622519,0.526399,2.089319,0.185311,1.064039,2.643539
0.212206,0.086903,-0.369729,-0.787693,-0.456484,-0.006274,0.701531,2.584583,1.031518,1.418754
0.684723,2.090047,0.975149,2.161362,-1.468269,-0.232559,1.266373,-0.519167,-0.116191,1.593656
0.099808,0.269413,0.324254,0.513338,2.190571,2.497940,0.605303,1.806033,0.425057,-0.873880
1.952953,0.926485,-0.301333,1.672483,0.314651,1.302807,0.235483,-0.102716,-1.087330,-0.759023
0.686107,0.615340,1.242891,3.168827,1.271221,-0.728942,1.032771,-0.116321,-0.340709,-0.758103
1.551982,1.512405,0.092934,1.987763,0.192223,0.430751,0.232980,0.607000,-0.068541,0.434102
-0.399288,-0.507652,2.578587,0.304092,0.676871,0.429978,-1.023223,0.434058,-0.111192,-0.334670
0.740607,-0.919036,-0.848218,1.531253,1.428285,-0.329227,0.051675,0.202091,0.616184,-1.485087
-1.261074,-0.600401,0.372543,0.726774,0.554179,-0.596461,-0.447377,0.001992,1.425569,-2.141448
-1.280027,1.507373,1.460929,1.764211,-1.053862,-2.100887,1.635824,-0.771488,0.571781,2.063938
-0.343012,-1.098869,0.312176,1.258628,0.086648,-0.175553,1.577947,-0.122399,2.030226,0.681644
1.023825,-0.145332,1.164033,0.508394,-1.023409,1.406351,-1.880431,0.020346,-0.564092,0.230710
-0.169777,-0.836250,0.602586,-0.429662,-0.302243,-0.819716,0.930787,1.710989,0.519516,0.757669
-0.406396,-0.028438,1.404966,-0.943236,0.102793,-0.161974,0.127881,3.195295,0.274964,-0.032403
-0.563956,-0.352874,-1.207263,0.181169,0.978050,-1.386936,0.086319,0.120282,0.239289,0.251653
0.029117,-0.338585,0.660072,0.017930,-0.155075,-0.139873,0.493020,0.907711,1.029340,-0.502108
1.414215,-0.102220,0.665118,-0.832418,2.357295,-1.007540,0.144003,1.113137,0.512387,0.617839
-0.957656,0.453669,1.226907,-0.406175,1.670600,0.290482,1.775637,0.716213,-1.415315,0.884250
0.324652,1.732363,1.267800,-0.275398,-0.815371,1.634432,0.240517,-0.054877,-1.258001,0.252452
1.562467,0.436612,2.360637,0.152358,2.234358,0.709153,0.673500,0.781651,0.821421,0.329129
0.116430,-0.532555,1.585529,-0.291412,0.277186,0.786477,-0.716977,-0.127001,0.623806,0.974078
0.888962,1.150417,0.446514,-0.047186,1.538782,-0.349276,1.523255,2.802361,-0.540872,-0.443142
1.196018,0.580636,0.296710,0.422361,0.479999,2.200024,1.660976,-0.292233,-1.336867,-0.913887
1.480323,-0.164628,1.142405,-0.444162,0.386049,-0.789744,0.636561,0.450601,1.739354,-0.649155
0.854822,2.338451,1.175177,-1.891867,0.721626,-0.896274,0.600691,1.498327,-1.119251,-0.325348
2.096597,0.009667,-0.217550,0.959590,0.502693,0.517794,1.471294,1.821470,1.270696,0.068701
2.927466,1.116555,0.042304,0.956800,0.141613,0.557030,2.246326,1.061448,0.324691,0.419507
0.905721,-0.203506,0.944281,1.745226,1.139947,0.265737,0.534054,0.779964,-0.225603,0.759210
-0.251215,0.420533,-0.411194,0.673168,1.077529,-0.422824,1.483276,0.559076,-0.258374,1.264665
-0.026233,-0.439558,2.171273,-0.005796,-0.437374,-0.800315,1.199440,0.253697,0.642281,0.634014
-0.509326,-0.731804,-0.052699,0.372461,2.504049,0.636433,-0.871407,1.665978,0.451476,0.347537
-0.431025,1.385445,1.622667,0.329078,1.727515,-0.211385,1.160798,2.189916,1.006464,0.605159
0.270165,-0.056131,1.529508,0.670211,1.533161,0.510724,-0.583741,1.731245,0.976210,1.443110
1.136031,1.053588,-0.042092,1.169898,-0.570426,1.122567,1.100505,1.523739,0.159716,-1.034097
-0.271393,1.267268,0.520822,1.060779,0.545933,0.705013,-0.996637,1.206926,1.272407,0.732031
1.398163,0.953358,0.955117,0.524136,0.712302,1.498336,0.100298,0.764448,-0.051849,-0.388648
-0.455837,1.704586,1.907253,1.029130,-0.100816,-0.920828,0.029741,-0.995351,0.807899,1.320540
1.536061,0.502754,0.501347,1.484795,0.061865,-1.428380,0.543933,0.334547,0.451116,1.468644
-0.646836,1.211407,0.536456,0.599758,1.405644,1.369931,-0.903080,1.562861,-0.772559,0.230812
2.485893,-0.965665,0.534377,0.738792,-0.897461,1.787614,2.025456,-2.020295,0.948560,0.589099
3.487044,1.118304,-0.752839,-0.637055,-0.433855,-0.550947,0.823997,1.020002,0.338413,1.765054
0.605378,0.599025,-0.271357,-0.019664,2.583488,-1.017655,1.967546,2.740989,-1.420396,-0.875043
2.289528,1.821241,0.795782,0.336491,-0.072981,1.081700,0.147876,0.990811,-1.034798,-0.459315
-0.355143,-0.338412,0.987275,0.133375,1.096477,1.610440,0.240419,2.016305,0.091380,0.139645
0.039058,1.223216,0.792169,0.944342,1.306405,-0.792910,1.173116,-0.264529,1.148244,-1.792450
1.265972,0.286828,0.090777,-0.448137,-0.022504,1.148427,1.383044,0.354802,0.792048,0.522610
-0.537909,-0.763754,1.175398,-0.226570,0.337972,-0.250811,-1.253556,-0.243600,0.188560,-0.579738
0.068475,0.032595,0.057099,0.552726,0.440235,0.706101,-0.850266,0.611254,0.274569,0.194102
1.800052,2.157303,0.008481,-0.969079,0.930604,-0.590347,0.149265,1.455815,1.406315,0.770383
1.889876,1.153517,0.798073,0.724906,2.052010,1.437432,-0.318374,1.859230,0.406483,-0.408962
0.310552,1.471575,0.064868,1.180985,2.134414,-0.312894,-0.357239,0.142388,0.097530,-0.834752
1.219403,1.909028,-1.079083,-0.905434,0.976986,1.924465,2.011715,2.628986,-0.578046,0.465360
0.317722,-1.209640,1.141078,0.410964,0.056858,0.625288,1.594852,-0.321535,0.500605,1.085971
0.036545,2.319311,0.966427,0.677944,-0.477450,1.062791,-1.457692,-0.960541,2.711154,0.712170
1.647721,0.919779,0.254418,-0.399982,-0.704440,0.136671,0.375279,0.566522,0.973647,-0.178809
0.927546,0.015983,0.401150,-0.225552,0.773657,0.688038,0.995639,0.985288,0.939135,0.856374
0.438188,1.027796,0.161598,1.617987,0.799967,1.292271,-0.217082,0.284537,0.224907,0.712771
1.071964,1.168069,0.070416,-1.784439,0.282528,1.403507,1.045651,1.079771,-0.449229,0.897352
1.101552,1.625038,1.052180,1.713847,0.351172,-0.917313,2.386148,-0.058795,-0.353157,0.908677
-0.590815,-0.559248,1.140058,1.334125,0.200868,0.824546,2.380451,1.157948,-0.954653,-1.047049
0.734009,1.144686,0.214645,1.443762,-0.559581,0.930053,0.345339,0.213059,-0.772117,0.954053
0.487657,-0.415357,0.453002,1.118199,-0.336676,1.103851,0.537348,1.362741,-1.207332,-1.118553
-0.818594,1.717110,1.674746,2.116276,0.595041,0.373833,0.697737,0.188700,1.153326,-0.147358
-0.394443,0.979407,1.137200,0.004775,0.155499,0.130761,2.493624,2.002618,0.450039,1.061865
1.561813,0.789666,1.392485,0.224379,0.233798,-1.134937,1.071321,2.283274,-0.808330,0.276496
0.082693,0.579584,0.483480,0.166917,1.999134,0.162209,1.774510,-0.810976,-0.872303,-0.756775
0.159623,1.122266,0.677532,0.387200,-0.859257,0.638113,-0.844615,2.797748,-1.085023,0.696147
-1.072734,0.442106,1.773126,0.350783,-0.035525,1.528599,-0.020867,0.824855,-2.682284,0.518722
0.959213,1.129165,0.078928,1.837838,1.049365,1.932065,1.015299,1.341104,2.569556,1.441928
2.207078,-0.900355,2.286559,0.952623,1.293248,-0.942338,-0.222448,-0.031807,2.329881,0.815870
0.404254,-0.060011,0.275242,-0.577037,-0.608644,0.298916,-1.504289,0.755384,0.458732,0.128639
0.941900,2.425620,-0.264351,1.897857,0.473124,-0.508494,0.432145,1.686268,1.593749,1.675698
0.914792,1.355830,-2.149631,-0.692015,-0.124897,-0.070638,-0.081611,1.876875,1.652684,0.103164
-0.263499,-0.304665,-0.286552,-0.923110,-0.195871,-0.231068,-0.408857,-0.337849,1.070502,0.899148
0.176880,1.665239,-1.723723,0.258362,-0.999731,0.977228,1.131958,0.912531,-0.186712,1.554984
-0.342879,1.813981,1.764075,-1.436974,-0.749828,-0.751019,-0.554887,0.984746,2.424915,0.739560
1.605563,0.391907,-0.233611,1.109316,0.615024,-0.255312,1.322257,2.202718,0.247172,2.246271
1.312699,-1.319286,1.175861,1.407993,0.538605,1.167417,-0.852951,1.172556,0.378103,-0.444595
0.969806,0.777819,-0.188759,0.579515,2.281187,1.102133,0.471539,0.310235,0.477194,-0.487741
1.030920,0.814862,0.658244,0.877415,-1.022347,1.192756,0.987184,1.359230,0.965974,1.539839
0.394442,0.890411,1.088726,0.712081,0.929011,2.365003,0.260109,-0.214812,-0.840257,-0.486915
0.448857,2.038332,1.066832,-0.827015,1.524878,-1.342483,0.501749,-1.803256,2.909015,0.123755
2.566604,-0.114834,0.822029,-1.634891,0.554894,1.422921,-0.100937,0.402916,0.934944,0.645487
-1.094407,0.201233,0.524629,-0.329495,0.251945,-0.757989,-0.923368,0.317197,0.575100,1.656412
0.927960,1.585251,0.817012,-2.455618,0.250670,2.057236,1.078167,0.900951,-0.340771,0.592447
0.577183,1.460275,-1.516512,0.537363,-0.628317,-0.606029,0.468564,0.077770,2.285164,-0.563872
0.523058,1.250067,0.885785,1.522108,0.129780,0.565486,0.464796,-0.229503,1.802880,-1.162648
-1.022108,0.439006,0.293073,-0.324427,-1.469190,1.391459,-1.238130,-0.199214,0.171313,-0.060943
0.300397,1.386475,-0.069903,-0.457224,-1.014639,1.135243,1.445137,-0.250595,2.931125,0.678998
0.859642,-0.552939,2.804126,0.018946,-0.402311,-0.294932,1.500948,0.799876,1.627943,1.822674
1.317353,0.715278,-0.743203,0.562660,-0.077117,1.874192,-0.034095,0.502043,2.162207,1.635690
0.977286,0.018421,-0.224641,0.591132,1.952520,0.141801,0.127742,1.144459,0.196249,0.689255
-0.419763,1.574708,1.228309,0.022893,1.286276,-0.066298,-0.190552,0.225945,1.450846,0.333146
-1.274260,2.209282,1.375702,0.668792,0.419507,0.366890,1.084316,-0.714701,0.137304,0.399317
2.191280,1.215787,-0.545506,-0.198586,-0.029643,0.163045,0.304885,-0.563420,0.223522,1.481976
0.993136,1.494312,1.433792,-0.512837,1.396409,-1.649682,0.678937,0.828445,-0.170641,-0.191662
-1.044816,0.672574,0.813676,-0.009014,-0.505954,1.464913,-0.687540,1.456827,-0.546234,-0.714698
0.898532,1.517399,-0.100722,0.632944,2.064059,1.268174,-1.013084,2.060956,0.856798,-0.818991
1.605758,0.951173,-0.485562,0.207729,-0.357338,0.673164,-0.242271,1.049060,0.578935,2.518222
0.426732,2.128943,-0.007249,-0.759105,-0.041340,0.105238,-0.548023,-0.488233,1.004380,1.060270
0.864873,0.503057,0.250400,0.148868,-0.781172,0.482409,-0.781533,2.215808,-1.025399,1.326764
-0.395834,2.541259,0.103856,1.207141,0.870864,0.815459,0.083232,0.066639,0.090560,0.903110
0.454747,0.376688,0.543245,0.741505,0.081918,1.045902,-0.186268,1.074971,-0.045667,1.048722
-0.263184,-0.177284,0.306029,1.637849,0.907918,1.771327,-0.470313,0.895012,0.426994,1.208102
0.196712,2.184339,0.187381,-0.017252,0.154933,-0.868588,-0.145004,1.011035,-0.685517,0.419320
0.275884,0.689984,1.193813,-0.468577,-0.019387,3.214096,1.462258,0.139518,1.402233,-0.029406
-1.155235,1.155245,1.357084,1.069490,1.510539,0.510186,0.068816,1.491962,1.188270,2.224807
0.864484,0.974432,0.231624,0.820510,-0.186183,-1.214577,0.087191,1.386576,0.925755,1.486314
0.624671,0.811881,2.160603,-0.221820,0.582612,2.230427,1.292306,0.032294,-0.134029,-0.991994
0.057914,-0.521543,-0.033917,1.431837,-1.694855,0.108631,-0.341995,0.136252,-0.636571,0.726174
-0.260441,0.001138,1.295149,0.618281,0.114456,1.670612,1.425807,0.757864,-0.673574,-0.694361
0.707236,-0.427383,1.924663,0.208392,0.231782,0.856861,0.298914,1.036593,2.615377,1.399076
0.123762,0.056387,1.356836,0.811279,0.649940,-0.544800,1.498523,1.870530,0.475280,1.614935
1.073748,1.627306,0.561864,0.879076,-0.085203,-0.994416,2.038804,1.189994,1.993515,-0.761226
0.178233,0.121538,-1.495214,0.240772,0.748764,0.939649,2.761600,1.846088,-0.203249,-0.255021
1.064534,1.270226,-1.432599,2.172985,0.151081,2.518306,-0.484767,1.245966,-0.601586,0.967222
1.999483,-1.018165,0.623874,1.363209,-0.665604,0.667625,2.212739,1.425171,-0.527976,0.697763
1.667226,-0.038576,0.007391,-0.232091,1.144895,0.323343,-0.247548,-0.016004,0.781332,0.687875
-0.890772,1.729571,0.873655,0.012363,-1.192610,-0.788794,1.854023,-1.135588,1.165142,-0.349202
-0.389813,2.446198,-0.185947,0.354539,0.000945,1.881781,1.226659,2.734944,0.446065,-1.767566
0.411574,0.807411,-0.671622,0.486173,-1.094081,-0.176342,-0.209928,3.335693,-0.962395,1.537018
0.100387,0.088759,0.733968,0.816406,-2.591455,0.484124,0.837192,-1.547356,1.655407,-1.448658
2.259118,0.401777,0.761112,0.746883,0.974400,-0.367758,0.564378,1.190593,0.903383,0.214707
0.680395,2.432869,2.028117,1.272065,-1.180459,0.546183,0.894405,2.014930,1.537001,0.144689
0.158466,0.593687,0.884182,1.052100,1.478427,0.041029,-0.970023,1.563297,1.136123,0.634139
-1.824811,0.269339,0.074887,0.189428,1.790743,-0.164849,-2.325957,-0.035866,-0.385743,0.272538
0.548423,1.050482,0.453964,-1.425388,1.169972,-1.303177,-1.016471,-0.628495,1.309447,0.843821
0.437421,1.261445,0.549535,0.730711,-0.079883,-0.234207,0.618725,1.425190,0.424059,-0.520274
0.454108,0.493067,0.907108,1.479186,-0.370684,-1.130975,0.176097,1.085060,0.618158,-0.674746
1.609392,0.556340,1.294502,-0.140371,0.218029,-1.027776,0.921899,-0.228570,-0.211542,1.451947
0.548738,-0.416654,0.208602,1.710914,0.280388,1.037963,2.945233,-0.490540,-0.495033,1.661090
0.348861,0.691863,0.849600,0.823554,1.720224,0.927288,0.103304,0.703108,0.256979,1.683971
0.383754,0.925226,1.184620,0.338492,0.454840,0.449268,0.391286,0.047339,1.153611,0.941597
0.834420,1.757576,0.277781,0.991818,0.027106,-0.403167,1.854859,-0.980682,0.623518,-1.600523
1.401269,0.810466,0.681407,1.897595,-0.543872,-0.834307,0.419453,1.307902,1.396846,0.114289
0.319687,1.696702,-1.104369,1.082146,0.538584,2.733590,-0.543438,0.244693,-0.406492,0.553167
-0.100668,-0.663532,0.729977,-0.167794,-0.762351,0.417166,-1.804178,0.281920,-0.093468,-0.297914
0.497245,-0.066033,0.449763,0.798628,0.723220,2.547334,1.403219,1.177686,0.424967,0.298151
2.696306,-1.121836,0.343807,1.102761,0.416233,-1.714587,-0.955932,0.253738,-1.058254,-3.424265
0.409694,0.074174,0.678869,0.709126,-0.151184,0.758285,1.886079,0.901841,-0.172154,1.712294
-0.163112,0.251030,0.430061,-0.558732,1.398736,1.068149,-1.214960,1.684989,1.230296,-0.673890
1.468613,-0.046808,1.180886,-1.000942,-0.646154,0.668863,0.345403,-0.214347,0.148693,-0.692255
0.327046,0.416724,-0.378882,0.421470,1.282713,-0.055352,0.931404,-1.266700,1.163673,1.896953
-1.212786,-0.641487,2.425712,0.259007,0.593210,0.409241,-0.590989,1.775659,1.022696,-0.603163
0.667411,1.356219,1.073646,0.498902,2.532919,-0.910410,0.066229,0.474133,-1.729366,-0.213030
1.281393,0.652349,-0.368023,2.097656,0.951323,-0.273052,0.357017,-0.012292,0.894965,-1.017474
-0.652810,-1.003578,0.049667,-0.089755,1.324808,2.463343,0.899759,0.411648,0.035313,0.262222
0.592198,0.358922,0.603778,0.181042,0.515438,0.314306,1.022482,-1.001071,-0.381191,-1.343212
0.591781,-0.148681,0.283118,-0.046018,-0.678238,-0.476163,-0.876520,0.864363,2.183760,-0.985069
3.100202,1.260140,0.964315,-1.202942,2.008980,-0.615180,1.758264,1.311062,1.190777,0.818447
1.499084,0.040117,-0.380357,-0.256735,1.624934,-0.093934,1.053080,1.144336,1.482062,-0.129004
-0.087631,0.768693,1.248828,0.539404,-0.032325,1.986216,0.531369,1.460840,0.454185,0.437767
1.013574,-0.202400,0.111701,0.462918,0.642425,-0.415881,1.563028,-0.238128,1.566856,0.759014
2.396906,1.658383,0.856925,0.262007,1.032314,-1.697257,2.113132,1.017161,2.972019,-0.238870
-1.254630,0.278614,0.072463,0.343777,0.784681,-0.605169,-0.044643,0.330077,2.302230,-0.936839
1.387403,1.327954,0.528651,-0.343643,0.647703,2.022781,1.012269,1.335062,-0.274888,-0.159183
0.239644,0.371459,-0.179334,0.229344,1.207922,-2.006259,-0.629215,0.028419,-0.616107,1.038311
0.334959,0.861704,-0.246408,2.576283,0.726532,0.773814,1.150121,0.665423,0.944821,2.547977
-0.157122,-0.177213,0.279478,-0.651313,-0.824203,0.831255,0.977210,0.761289,-0.857927,-0.753965
-1.596943,1.090627,0.048529,0.382073,-1.137188,1.749208,-0.515919,1.239738,0.417044,1.625060
-1.562913,1.871952,-0.193577,-1.247725,1.317427,0.796430,1.621951,0.939776,0.125748,2.412933
0.315605,-1.428970,-0.364035,0.725759,0.046597,-0.816499,1.897362,2.194781,2.669096,0.445358
1.043846,-0.032612,0.856140,0.944724,1.824617,0.191835,-1.289098,0.138715,0.101392,0.953695
-0.511913,0.907182,0.357179,-0.984453,0.359148,2.223769,0.486865,1.002842,0.465830,-0.646453
-1.499849,1.078453,-0.082106,0.687715,0.188040,-0.805739,1.415498,0.391156,0.734533,1.058053
-0.400533,1.502506,-0.601884,1.184560,0.959125,0.566434,0.222590,1.108108,2.133787,0.650072
1.739793,-0.936865,1.608519,1.492895,1.847994,-0.448974,-0.170719,-0.946615,1.362227,0.754266
-0.101443,-0.270935,-0.907596,1.916595,1.404205,-0.160981,-0.145847,-0.673697,0.147067,1.085622
-1.224444,-0.715292,-0.927712,0.520242,0.813547,1.230516,-0.823972,1.274788,0.867756,1.288496
-1.006983,-1.080392,0.661034,-0.363186,1.908760,-0.142890,-0.440284,0.635660,-0.454088,0.933260
-0.010640,-0.642840,0.456854,-0.275056,-0.619237,-0.042119,0.231025,1.638590,-1.024449,-0.501894
0.738519,-1.693390,0.254221,0.742588,0.211800,-0.484270,0.747075,0.926289,-0.044756,0.404783
0.566118,2.481491,-0.434370,0.144560,1.774417,-0.828748,0.759998,0.547653,0.780213,-1.479454
-0.233568,-0.478939,1.924354,0.809304,0.943737,0.456397,1.016347,-0.509242,-0.302688,-0.188964
0.259065,-0.573319,-1.739818,-1.273316,0.447253,-0.268483,0.930823,-1.235189,0.084098,-0.131477
-0.321857,-1.273547,1.786188,0.317484,-0.973267,1.426752,0.300670,2.835816,0.872302,0.936520
0.360679,2.349174,2.670348,1.475643,1.864382,0.003530,1.008449,-0.242355,-0.504142,0.204553
2.383247,1.709542,1.438210,1.407774,1.528251,-1.017275,-0.039558,1.053597,0.256561,1.839805
1.433474,-2.266141,-0.197670,0.565300,1.609513,1.979762,3.251499,-0.290452,0.237483,1.159815
1.418412,-0.741955,0.273604,0.754962,-0.277486,-1.713846,-1.691166,2.367212,-1.590832,-0.846528
-0.299437,0.875004,-0.103909,0.019599,-0.016234,-0.408204,1.287960,1.603479,1.113117,-0.944180
-0.827353,1.410610,0.765716,0.963077,0.591263,0.676112,0.105323,1.083951,1.628703,-0.084909
0.195097,1.840426,2.173051,1.598740,1.763437,1.912009,0.650862,0.614633,-1.946201,-0.334176
1.781746,0.521368,0.452646,0.867883,0.337084,-0.877120,0.757323,-0.579259,1.772891,0.154709
0.653622,0.672238,0.011016,-0.319331,1.310066,0.657237,0.137812,-1.206380,0.697109,-0.433262
0.556387,0.667272,0.821666,0.445963,0.708361,0.671621,-0.495934,0.291353,-0.011685,0.346565
-0.666088,1.471315,1.483858,-0.763380,1.566770,-0.410641,0.404614,1.419764,1.125522,1.825688
1.238100,-0.061565,1.059029,0.476505,1.478644,0.748221,-1.561456,1.399711,-0.058523,-1.058083
0.695117,1.261288,0.082500,0.775097,2.202384,-0.056568,-0.815127,0.995226,1.313828,-0.091207
1.161840,1.846466,2.110700,-2.730140,-1.130362,0.787059,0.367918,0.800505,-0.274348,1.190600
1.628579,0.546064,-0.817087,-0.943022,-1.096004,1.054395,-0.077436,1.895311,-1.747610,-1.225243
0.851090,-0.255154,1.857404,-0.145312,1.474567,1.000731,0.075618,2.773008,0.797053,0.161940
1.616916,3.193608,-0.094616,0.920473,-0.077722,1.241881,1.325871,0.689456,-0.039781,-0.211361
1.780677,0.326839,-0.060021,0.425736,0.941820,1.204292,1.558217,2.370834,0.618996,-0.450570
0.688119,-1.283343,2.544716,0.709318,-0.492506,-0.224875,0.291101,0.536496,1.099282,1.995266
3.395706,0.932182,0.959288,1.487310,0.891746,-0.013578,1.334636,-0.324478,0.891604,0.169200
-0.128971,-0.443828,-1.022271,-0.905052,0.611033,-0.356806,-0.686654,1.025568,1.729157,1.426721
-0.056426,0.453485,0.711132,-0.777300,0.011495,1.073605,-0.240536,0.276742,0.731791,0.396120
-0.171045,0.110304,1.712350,2.196964,0.384432,0.595680,1.017702,-0.684775,-0.597738,-0.358097
0.279537,0.195728,0.353276,-0.593753,1.580668,-1.393767,-1.406296,-0.221944,-0.518906,-1.552849
0.038897,1.505389,1.160860,-0.365704,0.494624,0.079559,-0.258302,0.998891,1.857502,1.184569
0.722197,1.165269,-0.534944,-0.036603,-0.008561,0.441699,-1.148945,0.247497,-0.167042,-0.122636
1.617266,0.490025,1.479522,0.868041,0.685943,1.480773,-0.866903,-0.004438,0.701124,-0.001199
0.467146,-0.787825,1.799522,0.294857,-1.785017,0.148772,2.003367,-0.285545,-0.823315,0.143515
3.353215,-0.098878,0.211701,0.436944,1.395217,0.236194,-0.370890,2.398987,-0.716370,0.047501
0.893785,0.983766,-1.118961,-0.984802,0.933059,-0.393398,0.174921,-1.166782,0.258821,-0.006136
1.681535,0.513290,0.659857,-0.485918,-0.060726,-1.155728,-0.205251,-0.867918,-0.173971,-0.894548
2.319655,-0.126355,0.485807,0.290499,0.577967,1.352213,-0.097848,-0.723135,0.662702,1.183147
-0.229536,-0.603829,-1.242717,-0.184708,0.569030,0.664419,-0.113938,2.213202,3.466151,0.951876
0.115490,-0.397333,0.216377,-0.552960,0.360424,-0.140710,-0.713634,-0.830437,-0.629886,0.231731
-0.267310,-0.035145,1.312348,-1.391717,1.071415,2.490113,-1.478718,0.878062,1.389527,0.197036
-0.079050,-0.421188,1.540515,1.661167,-1.976351,0.128659,-0.309803,0.197242,0.182363,0.149452
1.932139,-0.773352,1.488337,0.860299,0.486888,-0.450404,1.114711,2.185671,-0.589932,-0.857098
-1.553273,0.132599,0.600587,-2.072426,-1.074561,-0.701052,1.644023,0.006268,-0.771838,0.120283
1.444419,0.882165,-0.267166,0.567885,0.075414,-0.654714,-0.014202,-0.426118,-0.106858,0.317145
-0.598389,-0.365063,1.001220,0.172595,-0.563039,-0.837459,0.560939,0.165147,1.541945,0.670511
1.010155,0.232839,-1.451777,-0.667577,-0.768552,-1.626667,0.828893,2.220496,0.527060,0.423141
2.379641,-1.393199,1.345478,1.483218,1.270539,0.041233,1.618769,2.091473,1.212324,1.912733
1.305825,1.459610,0.344098,1.351746,-0.319360,1.260182,1.251477,1.399481,-0.497817,-1.008905
1.464154,-0.634491,1.210537,0.208926,-0.307277,1.864634,-0.349295,0.117955,0.338914,0.301877
1.341764,-0.627727,-0.123850,-0.483566,-1.104108,2.214735,0.647316,2.421874,0.387103,-0.332549
0.592348,0.800715,-0.124643,0.822248,-1.365283,-0.096602,0.827327,-2.095449,-0.488181,-0.056592
1.029390,1.964742,1.522950,0.814626,1.022158,1.095080,0.155932,0.556589,0.451503,-1.049973
2.083178,2.256063,0.691583,0.231086,1.381965,1.445025,-1.438676,0.508444,0.080206,-0.515042
1.007828,-0.588437,1.912419,0.335772,0.757670,1.824533,1.620551,1.331645,0.483610,0.865839
1.162755,-1.315397,0.198470,0.424002,1.416850,-0.532171,-0.432563,0.979873,-1.308486,-0.008198
1.913538,-1.123631,3.120705,-0.653112,1.732187,0.572525,0.432676,-1.081306,-0.902099,0.375245
2.540841,0.129571,-0.910500,-0.031204,0.747613,0.440058,-1.539106,0.006851,1.393352,0.735205
1.693213,2.229485,0.362275,0.136562,0.332649,-1.534825,0.630892,-1.017968,0.860089,-0.282770
0.841863,-2.594011,-1.168668,1.457509,0.596619,0.173166,0.981210,-1.409953,-1.040137,0.153250
1.376585,2.211274,0.942121,0.294628,3.607761,1.072617,1.203725,0.065486,0.759805,0.262635
1.321783,0.391515,-1.570111,1.421305,-0.400300,0.910927,-0.388104,-0.808994,0.703323,0.613361
0.556366,1.355161,0.992363,0.163320,2.247495,0.578346,2.278417,0.672355,0.221207,-1.693245
1.862853,-0.102344,1.006557,-0.540434,0.568899,0.387155,1.076528,1.144329,0.847085,0.315819
2.794274,0.265777,-0.704991,0.472659,0.807317,0.847130,1.014645,2.631630,2.953981,1.368140
1.679948,0.327755,1.235171,-0.329383,-0.767408,0.125324,-0.531204,1.605925,0.704966,0.041458
0.288686,1.761414,1.701277,0.953488,1.261950,0.348501,0.917541,-0.535991,-0.494029,0.021715
1.569757,1.080245,0.674478,-0.087022,-0.323656,-1.836368,-0.731261,0.693343,-0.667753,0.695884
0.235965,-0.678755,-0.870792,1.094850,-1.211188,0.580984,0.416231,-1.056940,-0.816434,1.252330
-0.355578,2.887405,1.203191,-0.449479,0.933331,-0.331782,1.129330,1.424497,-1.339551,-0.173812
1.753038,-1.406431,1.283374,-0.261694,0.010042,-0.077448,0.804924,0.326438,1.609263,-0.960003
1.351140,-0.534490,0.417764,1.419538,-0.617734,0.211454,0.600300,-0.606896,0.393163,2.382163
-0.618968,0.858746,1.076528,1.017584,0.331951,0.044208,-0.025955,2.166611,1.514437,-0.079909
1.051754,-0.247691,1.536074,0.263160,0.210288,1.049068,-0.749652,1.920560,1.304814,-1.154797
0.232795,0.242804,1.072298,1.232123,1.325241,-0.807748,0.103445,0.379235,0.061643,2.565158
0.384942,0.643678,1.010788,1.377672,-0.048347,0.509765,1.364188,0.010733,0.313322,1.024305
1.258499,0.450642,-0.606628,-0.755007,1.691605,-0.908974,-1.587635,1.125329,0.375313,-0.093971
-0.558058,1.202154,1.488175,1.739560,1.532061,0.174177,0.899168,1.585929,0.685564,-0.918461
0.789949,-1.272832,1.520906,0.077548,-0.923547,1.403807,-0.716136,0.923938,-0.297738,0.595379
0.637511,-0.237094,0.984816,-0.241617,-0.353658,0.395182,1.858140,-0.154348,0.015980,0.454302
1.029166,-0.566489,-0.183374,0.071029,0.296158,1.058268,0.306955,-0.572053,0.144265,1.338920
1.063657,0.139192,-0.192873,-0.936412,-1.099357,0.303712,0.998072,1.624804,0.214217,-0.799533
1.243578,-1.798723,-0.938516,-0.338332,-0.988471,-0.872204,-0.355934,-0.965245,-0.750166,1.813336
2.049728,1.080868,1.593150,0.052992,-0.775597,1.773502,-1.149200,0.732264,0.829231,-1.105852
-0.218818,0.239738,1.281150,-0.101472,-1.090066,1.978998,2.339422,0.608152,-0.199589,-0.502620
-0.599844,-0.589643,2.164189,-0.767925,0.749125,-0.669149,-0.739998,1.266543,1.389179,-0.617939
1.351369,0.996393,1.106813,0.815459,0.232436,1.059850,0.613246,1.109358,0.797825,0.113541
-1.244648,0.563601,0.375043,0.883329,0.590933,0.383839,-0.856560,0.519605,-0.325806,1.472396
0.727047,-1.694471,0.740552,0.743585,0.871741,0.296733,0.021044,1.283136,0.919734,-0.417607
0.767003,-0.386613,3.208891,1.607115,2.616165,0.401633,0.615462,0.782792,1.818483,1.225862
0.629672,2.278382,0.758951,2.733021,-0.354683,0.363581,0.015346,0.636413,-0.718757,3.279027
1.000783,0.289288,0.261540,0.357855,0.089687,0.650908,0.044966,2.595258,-2.711471,0.463759
0.302554,1.131313,-0.647410,-0.494103,1.244243,-1.149127,1.185175,0.968608,0.787233,0.723732
0.412506,-1.256163,-0.523103,-1.256599,1.075680,-0.536714,-1.332070,1.807559,1.656193,1.568978
0.427607,-1.026369,1.073856,1.576713,1.946415,-0.600604,0.350740,1.308077,0.908996,-2.680116
1.283275,0.971387,1.128152,0.661902,0.808397,0.649694,0.337445,1.688917,2.330410,1.417993
1.568068,-1.421328,1.773944,1.915250,0.983912,0.622194,-1.432419,1.200390,0.665635,0.064418
0.944202,-0.032508,0.903451,1.131726,0.331618,0.362157,-0.065721,0.732699,1.537644,-1.110203
-1.756443,1.000115,-0.141927,0.153646,-0.402771,0.642467,-0.809002,0.079105,-0.570295,0.461907
-1.053286,-0.588754,2.303470,0.038435,0.830200,1.536912,0.654312,0.967219,-0.129053,-0.038310
-0.209479,0.096413,-1.247883,-0.344031,0.288072,0.668844,1.574824,-1.172840,-1.866793,2.034364
2.036675,1.158174,-0.116834,1.904016,-0.745012,1.466796,0.328025,-0.567235,-0.469636,0.688461
-0.079046,1.120393,2.414527,1.200842,1.113504,0.003249,1.300341,0.767717,-0.573110,0.025382
0.556081,1.137824,-0.165439,0.286289,2.016674,1.327587,-0.708887,1.302717,1.894533,0.610570
0.690559,0.193664,-1.157122,-0.518233,0.755633,1.356069,-0.798585,-0.169638,0.817235,-1.306105
0.791340,0.431565,0.650442,-0.717953,0.503509,0.551492,2.818878,0.124808,1.009332,-1.080301
1.218794,-1.073327,1.896283,-2.315221,-0.783851,-0.322100,1.750321,2.451121,3.130445,0.454057
2.265983,1.663295,0.440711,0.644253,-0.401314,-1.217208,0.738158,1.146097,-1.709254,-0.395209
0.474282,-0.073238,0.404067,0.296466,1.177988,0.030521,0.216043,0.127054,0.194999,-0.472087
0.922389,0.488776,-1.095579,1.768923,1.393111,1.562760,-0.553122,1.230541,-0.961183,1.207290
0.342233,1.349170,0.766226,1.767616,0.070825,-0.452259,-1.005400,1.071322,-0.223475,-0.860804
2.241032,-0.245518,1.462339,0.469852,1.206738,0.404483,-0.730677,0.817945,0.367093,1.125370
-0.123748,-0.423267,1.029998,2.002370,-0.245204,0.316376,1.828282,0.739799,0.110288,0.340351
0.976655,-0.514542,-0.035128,0.452415,1.532034,1.377438,0.548978,1.245802,-0.589721,0.163885
1.011849,-0.014750,1.414594,-0.475891,-0.524787,0.673087,-0.030345,0.850295,-0.391510,-0.897698
1.155722,2.180731,1.489715,0.669450,0.286160,-1.776970,-0.074967,0.703883,0.289700,0.440810
1.665018,-0.453565,1.436110,1.417954,0.742955,0.783897,0.946496,0.669267,0.989038,0.109789
-1.507247,-0.596769,-1.263906,0.987274,-0.402552,1.216520,0.251413,0.522567,-0.070003,-0.932239
0.289326,1.206020,-0.577559,1.426716,-0.019805,-0.243374,-0.632149,-0.822179,-0.014994,0.230141
-0.400485,-0.031806,0.560018,1.732652,1.603070,1.822372,0.593698,-0.310275,0.934004,-0.223744
-0.358023,1.491845,0.351750,2.215455,1.324957,0.776441,-0.440104,1.021978,-0.358924,-1.498111
1.193832,-0.589266,1.388549,0.126843,-0.914841,2.137777,0.633330,-0.560693,0.266148,0.314370
0.837010,1.961165,1.866074,0.633606,0.176075,0.779656,0.914508,-0.273296,-0.587132,0.685302
0.140546,2.402938,1.038986,1.794820,1.676219,1.105257,1.623881,0.661484,0.515755,-0.061349
1.275763,-0.433663,3.007854,0.907156,0.944517,0.485456,1.473460,0.355481,0.663821,1.234454
1.634507,0.704990,1.681610,1.236106,0.357830,-0.009945,0.263353,0.976033,-0.164622,-0.110552
2.039549,0.069752,1.388616,-0.101516,0.929891,-0.468639,-0.555449,-0.856547,0.578493,-0.006211
-0.224784,-0.092783,1.914216,-0.377566,1.753064,-0.402368,0.198790,0.161029,1.296319,-0.156672
0.897798,-0.259072,-0.677698,0.875042,-0.179373,1.182956,0.106494,-0.747422,0.863149,0.135605
0.424479,-1.930321,-0.453630,2.124155,-0.860908,-0.146270,2.115691,0.977374,1.110522,-1.309984
0.875910,-0.412139,0.766873,-0.192706,-0.538459,1.708373,-0.822876,0.484980,1.972849,-0.239374
-0.663550,0.794619,0.478498,1.836924,-0.498784,0.775074,1.163435,-1.714732,0.182344,-0.722552
1.021130,-2.461039,1.005406,1.399953,0.309160,1.088787,1.012035,0.611173,-0.604011,1.182743
-0.161794,0.763939,-1.476172,2.200385,1.372868,0.753673,1.299926,1.769809,-1.169727,-1.104308
-0.805368,0.878302,-0.521462,1.967884,-2.047750,-0.522678,-0.162700,2.154453,0.298227,1.090445
0.742428,0.883038,-0.284125,-0.087002,-1.323685,-0.278108,-0.393497,-1.257705,1.961934,0.231673
0.023900,1.028261,0.073264,0.330139,0.139523,1.188821,2.421565,-0.513244,-1.256160,0.338423
1.193181,1.816145,-0.583520,0.119417,2.110390,1.689946,1.285197,1.920906,0.769579,-0.597862
0.817567,0.817420,0.320034,0.663854,0.648348,1.009525,0.890563,0.742305,2.123495,0.188577
0.705086,0.693861,1.375910,-2.837190,0.601256,2.197545,-0.473732,-0.454915,-0.792187,0.356728
1.488085,-0.999859,0.047926,1.322626,1.044362,-1.697715,0.818474,0.691130,0.840551,1.706117
-0.448352,-0.295746,0.014358,0.755327,0.625553,0.060077,1.261738,0.664395,-1.195487,0.460847
0.724571,1.942952,3.302838,0.178369,1.285310,-0.195725,0.624180,1.415904,1.148237,-0.603891
1.782145,1.112702,0.931728,-0.393546,0.847312,0.326818,-1.767073,0.239373,-1.057160,2.616173
0.081353,0.071108,-0.348949,1.904146,-0.264278,0.273040,0.412981,0.461164,0.891054,1.263160
-0.655817,1.430926,-0.205146,2.764659,1.009734,0.942549,0.777605,-0.083317,-1.199808,0.514809
1.060578,2.240557,0.942768,0.628324,1.728346,2.295896,0.235024,-0.283563,0.213899,0.318334
-0.515403,-0.842048,1.574158,0.395482,-0.340647,0.194983,0.250622,-1.894836,-0.305641,-0.035405
2.512445,0.421792,0.683308,-0.427707,0.968206,-0.102572,1.022360,1.385618,-2.501970,0.818435
-0.943611,1.488773,-0.916873,0.794315,0.801540,1.017020,-0.552710,2.304139,0.143691,0.455418
1.692827,0.874399,-0.362154,1.032936,-0.134490,0.898733,1.164998,0.935028,-0.094406,-1.039607
0.065624,0.600515,0.831121,1.279401,-0.182297,0.388870,0.003236,1.030040,-0.425197,0.803841
-1.244800,-1.052067,1.191269,0.431339,0.197425,0.224556,-0.277958,-0.855880,-1.751412,0.217531
0.720406,2.130326,-0.150405,-0.216268,0.679824,0.975615,-0.309243,0.940214,2.116352,0.599784
1.836143,-1.202385,-0.139546,0.634742,0.361676,2.105526,-0.234623,1.313889,0.854180,0.320997
-0.112481,1.219057,-0.258404,-1.258508,1.468770,0.146133,0.989741,1.275570,0.949647,-0.329801
1.964541,1.032038,0.980078,0.953158,0.595708,1.826656,-0.439313,0.878863,0.712661,0.351913
-0.311811,1.676607,1.426989,0.891697,1.799340,0.184145,0.511938,1.950496,2.043114,2.315524
-0.239210,0.974377,-1.834757,-1.510505,-0.024349,-0.930640,0.727607,1.174276,1.141576,-1.118080
0.635544,0.763078,-0.318834,1.112875,1.214936,1.074172,-0.073818,0.901642,0.084896,0.564885
1.750833,1.255491,0.321820,0.350120,0.330947,-0.370157,0.767587,-1.121923,1.120941,0.303401
0.799773,-0.004299,1.167362,0.309874,0.203929,-0.080522,-0.041908,0.280016,2.827933,-0.391563
0.453126,-2.499614,0.984570,-1.270133,1.198054,0.515637,0.123734,1.540615,0.254316,1.475036
-0.929145,-0.281872,1.442933,-0.117115,0.292078,0.008346,-0.521736,1.575444,0.406474,0.663688
-0.043838,0.686781,0.176584,0.452556,0.579851,0.523529,0.995988,-0.245796,0.047751,-0.894859
2.646661,1.041609,-0.585219,0.836311,-0.997880,0.152588,0.558241,0.572346,1.499590,1.197239
-0.251200,0.404648,-0.770693,0.616227,-1.067957,-0.255744,0.934804,1.574737,0.272037,-0.598780
0.581604,0.049528,0.745313,0.543475,-1.196991,0.646170,-0.451467,-0.086709,0.368792,0.764714
1.740268,-0.594391,-1.026525,0.215548,1.345350,0.118851,0.557245,0.283850,-0.347845,1.037800
1.062071,-0.326088,1.655646,1.904885,0.316111,-0.290170,1.250051,-0.030958,1.876662,1.046295
0.945772,1.680755,0.139944,-0.238627,-0.455677,-0.213170,0.849700,0.445598,1.247075,0.996828
-0.579487,-1.250951,1.086902,0.283639,0.060230,-0.520372,1.917125,0.425155,1.201036,1.933832
1.944460,-0.590912,0.724187,0.020563,-0.096071,-1.081621,-0.444013,2.407925,1.807889,1.293887
1.039031,0.045313,0.226554,0.968020,1.292372,1.394411,0.024779,1.123230,-1.538031,-0.561195
1.187500,1.950259,0.123163,0.200976,-0.933618,0.052101,-0.697432,0.477237,1.716820,0.851242
0.623148,1.118569,-1.442759,-0.078763,0.569721,2.570385,-0.130994,-0.242179,1.246536,-0.656446
-0.550434,0.652533,1.392716,0.276654,1.141208,1.809505,-0.298790,0.307395,1.177828,-0.997806
1.567899,-0.206252,-0.367988,-0.091544,-0.876686,0.059833,0.907779,-0.381780,0.402563,1.231336
0.541953,0.244612,1.436484,-0.394549,0.425791,-0.143937,-0.671104,-0.084642,-0.203048,1.234360
0.260817,1.059888,0.936865,-0.686209,0.345126,-0.148156,-2.051550,1.126514,-0.188140,0.344747
0.428681,-0.069261,0.692575,1.079624,0.674744,1.383055,-0.603547,0.874618,-0.640512,1.435481
1.010418,-0.285661,0.069509,0.161224,0.414615,-1.906456,-0.371669,0.719015,1.037291,3.155401
-0.613504,0.301929,-0.767664,-0.230542,0.533238,1.156834,-0.173210,1.697855,1.360939,-0.149202
0.878446,0.046747,2.170868,-0.491620,-0.210952,0.641182,0.501398,-0.579305,1.176022,-0.141282
-0.578422,-0.004727,-0.255674,1.100158,-0.027802,-0.454931,-1.071216,1.352106,-0.064007,0.115822
-0.249023,0.701145,1.247024,2.215587,0.868973,0.269898,-0.073212,0.470098,-0.344582,0.673430
0.462006,1.674754,0.082412,-1.841024,0.114738,0.822535,1.227479,0.061363,-0.183515,1.002958
-0.400252,-0.456342,0.931073,0.816163,-0.124076,-0.360440,2.552492,1.734204,0.892749,0.781368
-0.038586,0.122763,0.524710,-0.031188,0.108873,-0.779985,-0.000566,1.988120,0.525341,-0.280869
0.627279,0.514570,2.455381,-0.533577,0.634177,0.477525,0.450830,-0.929723,1.405460,-0.740174
3.759991,0.902798,-0.660107,-0.385733,-0.833441,-0.763901,0.042748,2.283009,1.135492,1.748967
1.316867,1.135470,0.224715,-0.327635,0.216906,1.800763,-0.991839,1.747364,-0.347823,1.072447
-1.162379,1.347415,0.225616,-0.413560,0.227605,-0.612049,-0.679945,0.883347,-0.665481,0.652169
-0.510651,1.222715,-0.156121,-0.300486,0.603975,-0.494887,-0.768152,1.463123,-0.473048,-0.893689
1.063366,-1.176650,-1.023281,-1.485707,0.687068,1.265865,1.254948,2.071125,2.458509,-0.918269
-0.217762,0.384737,0.884401,0.259534,1.334575,-2.028969,-0.856256,0.958810,-0.372627,-0.329075
1.224438,1.554568,1.228930,0.260430,-0.925054,-0.925363,-0.125892,1.682156,-0.416138,0.743081
0.389905,-0.785825,0.952547,1.374909,-0.945177,-0.351517,-1.421794,0.443355,0.757478,-0.564028
0.101580,1.851143,-1.407941,-0.114616,1.497718,1.086810,-0.745010,-0.872848,-0.230783,2.033549
1.602771,-0.051747,0.202233,-0.785818,-0.833677,-1.797630,0.638105,-0.525640,-1.085946,-0.355352
1.095617,-0.100537,1.400906,-1.787589,1.751542,1.029909,-0.076932,0.493570,0.979884,0.851184
0.427943,-0.227539,2.803610,0.887424,0.158026,1.297161,-0.717489,2.505039,-0.041965,0.067415
1.690449,0.958715,1.045845,0.088315,1.287189,0.386858,1.624701,2.250738,-1.093847,-0.303939
1.731051,1.630829,1.880041,0.791758,-0.216303,1.576863,1.350631,2.154648,0.808680,1.005569
-0.814302,0.479003,-1.299486,1.246994,-0.842102,-0.128183,-0.489237,0.304611,1.010424,0.118098
-0.045998,1.609138,0.224858,0.223199,0.681378,-1.032438,0.272624,-0.438884,-1.322716,-1.495493
0.983702,1.020428,-0.421184,0.969219,-0.792560,-1.659202,1.655130,0.710777,0.139842,-0.684104
1.366828,-0.120746,1.585004,1.034763,-0.731453,-1.650837,0.188219,-0.213410,-1.378856,-1.078558
-0.256997,1.343161,0.349998,0.852520,-0.511826,-3.641807,-0.107043,0.999034,0.281661,-0.296091
-0.869280,1.535459,1.274505,0.764673,0.905907,0.883909,0.607556,0.234865,-0.707521,-0.708785
1.172729,-1.255079,2.344689,0.647694,-0.538660,0.529902,0.757911,1.064096,0.215928,0.723968
-0.131339,-0.499854,2.418598,2.446124,1.127411,0.602381,1.813472,0.845662,3.023767,0.224221
-0.274578,-0.700502,1.682715,0.779043,2.995256,0.991706,0.004862,-0.964531,0.364091,0.058339
0.832317,-0.611594,-1.201620,-0.635266,0.641037,0.265201,1.084441,1.297543,0.248822,1.220331
0.215587,2.475216,-0.333577,0.629565,1.127492,0.591795,0.427662,0.363769,1.292850,0.883638
0.241799,-0.182569,0.938515,0.290766,-1.500817,1.501118,0.634850,0.235418,0.299358,0.846714
1.270542,1.011968,2.166382,-1.535694,1.385418,1.632514,0.533891,1.324562,0.090771,1.853674
0.235218,0.932748,-1.200966,1.623335,0.207183,0.401029,0.714876,0.691768,-0.980337,2.004542
0.432793,1.031866,-0.631125,-1.003629,-0.976553,0.826461,0.141441,0.623204,-0.174407,0.516574
-1.704324,-0.837181,0.110379,0.247011,0.825611,1.839579,-0.518595,1.681185,-0.023518,2.738835
3.133981,0.727401,0.349375,0.318389,0.894854,0.762088,0.746766,1.483297,0.391999,-1.602959
0.039493,0.715851,-0.377330,0.900218,-1.272119,-0.057845,-0.521810,-0.159823,-1.785084,0.425069
0.341979,-0.076386,1.294620,0.187281,-0.047730,0.511241,-0.463977,-0.317741,-0.450765,0.109601
1.093851,-0.914923,0.230028,-1.805449,-0.752529,0.573891,0.046159,0.734951,-1.909882,1.345427
1.706854,1.359258,1.421311,0.516239,0.760301,-0.007758,1.455675,1.497706,-0.164371,-0.800778
-0.063738,-0.588740,-1.224808,0.109286,-3.123677,-0.834079,0.103083,0.577066,-0.653811,0.861072
1.438851,1.509588,1.157116,-0.564190,0.204204,0.622459,1.042446,0.640721,1.335731,0.719585
1.142799,1.660698,0.944948,-0.267206,2.052044,-1.626881,-0.170949,0.132200,0.586899,0.194611
0.243295,-0.057222,0.876227,0.336149,-0.134060,-0.982165,1.147300,-0.790033,0.135570,0.288130
-0.007626,1.882724,-0.621942,0.865490,-0.212024,1.768314,0.622154,0.435299,-0.408600,-0.536482
0.251293,-0.352334,0.421774,1.152656,1.288329,-1.344637,1.293533,-0.211368,2.298080,0.954191
-1.553865,2.061009,1.588779,0.943501,-0.108448,0.107720,-0.488268,1.141671,-0.646284,-0.382655
-0.985906,-1.061761,0.568506,0.337159,-0.197412,1.024929,0.741154,-0.374719,-1.139817,1.193347
0.554315,1.085428,-0.169751,1.177576,0.383061,1.615657,-0.873415,-0.062009,0.833346,2.207327
1.037499,0.192134,-0.184362,0.260520,1.369544,0.284116,-0.333498,1.165916,1.248470,0.021788
-0.364717,1.202794,-2.105999,1.032030,0.128905,2.209154,0.526442,0.463115,-0.365563,0.681802
1.221723,1.274971,0.260273,1.076784,0.130461,-0.262780,0.462994,0.444462,0.841085,0.921520
0.410281,-1.899452,0.635495,0.371587,-0.007729,1.327862,0.588674,0.659621,-0.189937,-0.768259
0.749108,0.652055,0.820985,-1.018858,-0.724905,1.903255,-0.677788,-1.042379,-0.580539,2.289612
0.859870,0.660137,0.353603,0.377281,-0.060260,1.206351,0.746503,1.525646,-0.592794,1.036353
-0.501836,2.068985,0.486214,1.044011,0.453507,0.795464,0.941400,1.045734,-0.002915,-1.031116
0.424000,1.556777,0.066613,1.840547,1.462555,0.392923,0.987264,-1.138547,1.229129,-0.307548
0.024505,1.108710,0.787298,1.297043,-0.817672,0.981626,0.938837,0.707074,-0.356291,-0.057355
-0.430829,0.566740,0.115205,-0.690722,1.466889,-0.725566,-0.191517,1.020377,-0.352251,2.303067
0.716133,0.041502,1.590785,-0.246230,-0.559627,-0.186685,1.422823,1.876816,0.222850,1.011518
-1.283377,0.520139,0.521644,0.290177,0.149251,0.058470,-1.370046,0.630382,-0.080646,-0.265722
1.981517,0.786003,-1.033295,2.127022,-0.537330,-0.332969,0.714128,0.750762,-0.800190,2.982474
-0.918407,0.556462,1.465213,0.501084,-0.770308,-0.935818,-0.536983,1.171984,0.529596,-0.433594
-0.397062,0.539038,-0.481353,-0.106888,-0.667865,1.012998,-1.564096,2.779270,-0.936896,0.476440
0.119710,0.412494,0.709407,0.247911,-0.826437,-0.481299,0.772660,0.949930,0.552290,-0.576606
0.453672,0.532619,-0.234718,2.079041,1.834367,0.560868,0.858478,0.962513,0.830501,-0.008834
1.472023,-0.770888,-0.154732,0.542408,-0.065580,-0.240033,0.653901,-0.878300,0.976841,-0.169697
0.439795,0.570391,-0.625417,-0.911328,0.931696,0.699046,0.073753,1.310638,0.335264,-1.979638
0.632432,-0.077381,0.963974,1.050125,-1.024855,1.405646,-0.194856,0.505012,0.560401,-1.046448
1.810524,0.167947,1.024766,-0.582022,0.413816,-1.060270,1.133954,0.012799,0.832188,-0.200069
-0.134615,-1.209052,0.412688,0.313803,-1.055400,-0.928353,-0.081003,2.481959,1.440676,0.275161
-0.884801,1.121815,-0.310645,0.162092,-1.036768,-0.466238,2.706982,-1.286164,0.481452,0.117884
0.945748,0.145647,0.153095,0.362908,0.976722,0.449365,0.814857,1.680387,1.103908,1.227396
0.309066,1.447402,2.251022,1.282789,0.721319,-0.589310,0.522795,1.969427,1.255193,0.633528
-0.122246,0.408242,2.846675,1.258472,0.979628,0.008572,-1.130327,0.559942,3.391539,0.460833
-1.155154,1.367055,2.201939,-0.821024,0.791567,-1.066210,0.166521,0.571157,0.947470,0.928459
-0.360715,-1.093722,-0.227546,0.106469,1.264206,1.211572,0.966085,1.040063,0.502949,-0.280193
1.196037,0.706074,0.179986,2.340125,1.712448,0.291375,-1.538679,-0.367768,0.637787,-0.545546
-0.011522,0.799922,1.315903,-0.043609,0.412083,0.233802,-1.478427,0.133455,1.257399,-0.727742
0.546695,-1.137703,0.650833,-1.373338,-1.002547,1.188029,0.091826,-1.109713,-0.055046,-0.941794
