0.371314,0.464033,0.539820,0.303189,0.394413,0.560314,0.661986,0.423228,0.342121
1.048188,-1.592709,0.612873,0.886657,0.559009,0.669777,1.946046,0.439839,0.856644
0.471425,-0.543556,-0.484384,0.664699,-0.079059,1.013803,0.218140,-0.680164,0.096083
2.470684,0.386045,0.104167,-0.001904,-0.233332,0.132697,0.889890,1.503833,1.398365
-1.145530,-0.675050,0.126371,2.063544,0.883997,1.386955,1.048500,-0.464090,0.420038
-0.471742,0.050957,0.041616,0.283148,-0.511582,0.358339,1.172091,0.629552,-0.730516
0.174709,1.547923,0.748734,0.103408,0.198376,2.003848,0.235606,0.142034,-0.355163
0.223692,0.983723,-0.005922,-1.442615,0.917864,0.291956,0.277343,0.964360,0.980600
0.705838,-0.799836,-1.084072,1.351940,-0.730972,0.851598,0.690850,1.389819,0.444069
-1.091103,-2.004597,-0.884283,-2.156406,1.291514,1.413890,1.793292,-0.107087,-0.146908
1.124739,0.941110,1.024514,-0.193355,-0.768690,-0.554638,2.078588,-0.220415,0.051411
1.338611,1.737414,-0.303817,0.455243,1.448866,-1.458916,0.632019,-2.519994,0.510290
-0.215625,1.408286,0.849101,0.754458,-1.066185,0.339230,-0.126424,1.279187,0.691871
0.546636,-0.846214,-0.293971,1.404316,0.943132,-0.564985,0.178458,-0.004585,1.102056
0.027335,-0.706564,2.138866,1.123462,-1.866976,-0.377097,-0.200013,1.467048,-1.093698
1.651263,1.371864,0.778733,0.770318,-0.967805,0.597588,0.791563,1.173567,-2.403901
-0.500652,-0.825245,0.797691,1.078265,0.442520,2.082066,1.217819,-0.164981,-1.114836
1.692696,0.781065,0.552147,0.113956,0.686382,0.937999,0.887223,1.242871,0.591235
0.929793,0.847574,0.148135,0.062325,0.308613,0.100586,-0.684379,1.084257,-0.219949
0.363362,1.049721,0.353696,2.678626,0.823891,-0.421293,1.303761,-1.374762,0.464602
-0.033185,-0.390651,0.645620,0.401766,0.423319,-0.701786,0.702935,-2.989358,1.321837
0.912691,0.853089,1.951283,1.204016,1.075707,2.048398,-1.557349,0.727955,-0.108666
0.714998,-0.490133,-0.043772,1.101545,1.692757,0.379899,1.139236,1.043418,0.745602
-0.058853,-0.017912,0.521503,1.350809,-0.369534,1.263017,-0.193571,1.217096,-0.555562
-2.314729,0.434978,-0.810385,0.402690,3.374728,0.397813,0.378119,-0.102707,0.794507
1.156658,0.678513,0.494884,2.205566,0.574807,0.044948,-0.682136,-1.251142,1.303913
1.376543,0.273634,1.015488,-0.345027,1.910786,-0.671402,1.242526,-0.914320,-1.713474
0.323906,-0.038751,0.325626,0.838988,1.490332,1.427639,0.725828,1.343714,1.128142
-0.400263,-0.007656,1.023625,0.187575,0.591176,0.198419,1.491766,0.046776,-1.775144
2.147961,-0.574017,0.847900,2.273120,-1.483687,-0.204504,-2.052008,0.970795,4.289755
-0.395220,0.132339,1.823139,-0.710978,-0.367626,1.108882,-0.538297,0.847474,-0.553355
-0.196160,0.477052,0.792503,-0.603693,1.583649,0.306477,-0.880740,0.012638,-0.616971
0.084021,1.314423,-2.183056,-1.080934,0.087056,-1.511581,-0.068387,0.753905,1.528529
-0.349455,0.859502,0.759860,0.364956,0.835886,1.293109,0.254999,1.561998,0.186274
0.427578,0.223237,1.186672,1.374431,-0.268898,1.157808,0.210067,0.961963,1.732332
0.069871,1.495964,-0.974538,-0.932010,-0.995203,0.713791,3.102802,0.428625,1.570460
0.679239,-0.287159,2.035415,-0.307816,0.261154,2.243103,0.298654,0.117956,1.393636
2.294306,1.693090,0.874139,0.029482,0.046033,-0.677991,0.186883,0.263630,0.042032
0.395833,-1.236775,2.143152,-1.064317,-0.623537,0.399510,-0.275027,0.700595,2.208181
0.130626,2.478252,1.016635,1.022437,0.389737,0.717040,2.413474,2.738762,0.935498
0.498421,-1.172012,0.692124,-0.476743,0.116698,-1.103602,0.177028,0.511535,1.697116
-0.835066,1.871308,0.918836,2.627580,-0.166140,2.010472,0.791660,0.740394,0.014184
-0.130757,1.857216,-0.497825,0.797832,0.692486,-0.779415,1.321678,1.542401,1.435412
0.622963,1.515707,1.395270,-1.587578,0.207580,-1.353033,0.685153,-0.287634,-0.873327
-0.132918,-0.595255,0.048446,-0.417746,0.470257,-0.251863,1.012783,1.578717,-1.560297
1.318782,-1.520472,0.712247,-0.887817,0.023172,0.823142,2.383143,0.909375,-1.924719
0.910450,1.075718,0.440624,-0.206839,-0.259315,-0.583816,0.116651,2.038480,1.171099
0.377043,0.477535,0.639890,-0.289950,0.212990,2.987311,0.426768,0.020363,1.297385
0.931577,0.657340,0.073100,-0.462696,0.718151,1.228969,2.102691,0.659803,-0.444029
1.276915,1.319459,2.153299,0.044621,-0.198059,0.515196,2.008246,0.894235,0.934671
2.337523,1.959870,2.346658,-0.592213,0.651904,1.349619,0.701532,-0.875299,0.925739
0.908430,0.301534,0.522868,0.179656,-0.311832,0.257929,0.417717,2.812999,-0.046266
0.973095,1.298277,1.559667,1.379336,0.867308,0.508294,0.418274,0.934616,1.758259
0.662688,0.473509,1.855838,1.294041,0.403792,0.950362,0.789900,1.108670,-0.292898
0.389338,0.319204,0.011431,-0.186381,0.680923,1.465979,0.728587,1.493335,2.210775
0.899985,2.961968,-0.001886,0.450262,-1.601521,0.510732,1.812273,1.275971,-0.201684
1.135311,-0.116764,2.234934,1.578063,1.017338,0.643017,2.840577,0.613371,0.863845
-0.989047,-0.549792,2.254403,-0.923586,1.099945,-0.383171,0.521100,-0.419312,0.985292
1.706888,0.295298,1.374074,0.474414,-0.632353,0.811323,0.891824,2.451840,-0.022750
0.122040,1.639776,1.612307,0.885177,1.651701,3.057934,1.246885,1.857287,-0.799327
-0.725085,-0.112911,1.376087,0.724382,-1.092279,0.622802,0.907140,0.329695,0.335119
-0.906278,-0.092442,1.108512,-0.165372,0.496424,0.484818,-0.619284,0.173023,-0.031401
-0.615617,0.447052,0.467497,-0.119625,-0.383408,1.516798,1.471718,-0.514692,1.313132
-0.098358,1.103075,0.056104,-0.106892,1.047706,-0.689772,-0.428351,1.700721,-0.309006
0.426307,-0.688772,0.876656,-0.394938,2.184994,-1.608052,-1.752597,0.702494,0.909217
2.491072,0.442109,2.710304,0.958582,-1.076267,0.547351,1.156863,-0.198723,0.585959
-0.463736,-0.417763,-0.249049,-1.060102,1.765499,1.115935,-0.198450,1.065085,0.794362
2.108423,0.308646,-0.014288,-0.537918,2.194239,0.372216,-0.885234,2.036493,-1.139135
-0.451256,1.328617,2.829541,2.180403,1.109563,0.587350,0.931664,-0.018178,-0.557474
1.708716,-1.730820,0.289971,-0.410840,1.288594,1.305065,0.285104,0.845921,-0.458494
-2.469768,0.871092,1.141857,0.381060,0.204388,-1.132914,0.195588,0.127791,0.436238
1.820010,0.933368,0.175630,0.002442,0.606227,0.602279,-1.044737,0.449867,0.001191
-0.201393,1.870132,-0.454789,0.089642,1.292814,2.406454,3.030734,1.116909,0.906508
0.806303,-0.054440,0.643395,0.584128,0.552407,2.427246,-0.600202,-0.838929,0.923618
0.371260,1.389631,1.007580,-0.845228,1.406335,0.041388,-0.084871,0.594750,0.816912
2.223648,0.733653,1.210580,1.157564,3.173176,0.383590,2.177994,1.101530,-1.346490
0.858217,1.573450,0.812747,0.823492,1.710002,-0.681638,0.309133,-0.705558,1.375934
0.377636,1.025780,0.447140,-2.747379,-0.138466,1.159619,0.747178,0.449876,-0.822645
-1.556209,1.686359,1.545537,0.593221,0.405844,2.844132,0.862872,1.345366,0.200816
-0.112927,-0.605362,-0.765136,0.649363,1.106272,0.942219,1.648168,-1.226373,0.997575
1.700674,-0.876842,0.423243,0.877685,1.337836,0.561079,-0.618364,1.261697,1.358150
-0.106016,0.380141,-0.068299,-0.623701,1.045221,-0.807693,0.445233,1.510641,-0.437423
-0.944756,0.441380,0.228577,-0.962564,0.023233,0.767934,0.276544,0.136797,1.003334
-0.732709,1.653916,0.478965,-0.121770,-1.348731,1.079797,0.044895,1.679712,3.115990
0.338442,-0.601441,-0.106026,0.796416,0.874746,-0.335121,0.746853,-0.649678,0.441122
0.616021,-0.659922,0.461147,1.159515,1.902560,0.764422,0.594563,1.906282,1.667433
1.215098,1.391308,-0.692256,0.747350,-0.951663,-1.257891,0.548201,0.657975,0.202347
1.107170,0.452759,-0.419721,-1.337130,-0.455980,0.138593,0.669559,0.415752,1.301868
1.479536,-2.246636,-0.710508,0.988954,0.254634,0.698415,1.339680,1.739305,-0.211596
1.156938,-0.500419,2.335954,-0.493312,2.007798,2.509677,-0.533819,0.676748,0.910776
1.392610,0.723793,-1.415753,1.727482,0.910897,1.182066,-0.659436,-0.274108,1.038361
-0.837058,1.005439,-1.256430,0.489197,-0.639799,1.839251,0.633352,-0.141270,2.047820
0.222898,-0.205178,1.370589,2.413921,0.364183,0.994426,1.560708,0.285961,0.120889
1.068334,-0.051261,-0.014769,1.643613,-2.387196,1.126045,-0.549209,0.746679,0.159481
-0.454292,1.197995,1.279162,0.057890,0.708565,0.295012,1.857187,-1.611513,0.893088
0.611555,1.778650,1.738800,1.351450,-0.064707,-0.433866,-0.441585,0.827453,1.247742
2.369927,0.721105,-0.202332,-0.154983,0.387667,0.418156,1.290977,2.203122,0.173812
0.089048,1.945722,0.335446,1.043031,1.755218,-0.699811,0.379724,-0.574231,0.571285
1.510048,3.197931,0.177651,-0.256110,0.212069,1.120731,0.164651,-0.462272,1.679675
-0.662160,1.562065,1.016391,0.547535,-0.085956,0.395758,0.082056,1.763453,0.728872
1.535139,-1.373454,0.811026,-1.905303,0.254679,-0.352555,0.203467,-0.977610,-1.112364
-1.008283,-0.380757,-0.547296,1.144752,-0.041271,0.371240,1.409321,-0.881922,0.348697
-1.319085,-0.874446,2.531862,-0.027840,-0.484338,0.115348,-1.333068,0.091140,-0.092416
0.463518,0.781474,-0.402675,0.067609,-0.363502,0.142472,1.669451,0.192393,-1.068167
1.451729,-0.915501,0.184423,1.079236,0.823376,-0.357561,-0.088433,0.333654,0.817064
0.876460,-1.247594,1.660977,-1.373305,0.009445,0.369343,0.651862,0.407326,-0.575983
0.743683,-0.494064,-0.684869,1.319542,0.936165,0.143812,-1.205688,0.006192,0.811040
1.502954,2.508132,0.826557,-1.339683,1.029908,1.673722,2.914799,2.293681,-0.387843
1.382454,0.118488,1.532611,0.867705,1.284955,3.437787,1.766802,0.685178,0.795860
0.472683,-0.120864,0.534101,0.633849,0.147072,-0.676502,-0.907880,1.161474,-1.642912
-0.589077,0.401741,1.806664,-1.407699,0.281123,1.746031,0.028259,-0.923508,-0.037382
-1.463843,1.709357,0.881343,-0.923599,-0.874474,0.755329,0.214877,0.243510,1.020381
0.554549,0.828743,-0.815561,-1.935006,1.121178,1.873479,0.578782,1.659286,0.937931
-0.050368,0.529803,0.304179,-0.277305,-0.669530,2.495650,-0.043724,0.671104,1.594185
1.126151,-0.550510,-0.107343,1.150553,0.423808,1.884334,0.051751,-1.007412,-1.344057
-0.264658,-0.637406,-0.012802,1.499227,0.090735,0.204710,1.158436,1.388013,-0.081727
0.354668,0.118833,-0.968050,-0.312679,0.682455,0.562510,1.137693,0.600674,-0.258067
0.149643,-0.325347,-0.636101,0.152259,0.787408,0.041000,0.395723,0.772905,0.030825
1.503872,1.491166,1.142707,0.080078,-0.194416,0.599052,1.350820,1.271596,1.696767
0.748382,-0.943252,1.629393,0.643551,0.246969,-1.517884,0.906155,0.123031,1.180824
-0.497964,0.335352,2.151406,0.122732,-0.343668,1.497003,1.015472,0.110266,0.776944
1.188547,0.714464,0.866553,0.979354,-0.526258,-0.539894,1.420573,1.237112,0.359554
-0.066659,-1.278557,0.430421,-1.407567,1.515301,2.630013,0.365254,0.639639,-0.116722
1.607215,1.436277,2.949715,-1.597722,0.890430,0.230176,-0.097969,0.351699,0.841231
1.001960,1.746380,-0.934439,0.283357,-0.786522,1.620630,1.816625,0.303121,0.873923
-0.649234,2.451820,1.831501,-1.258423,-0.114984,1.783646,0.579403,-0.421723,0.323705
1.875417,0.791857,0.561501,0.812525,-0.630375,0.536941,-1.339567,-0.077281,0.679072
0.301596,0.090611,0.655269,-0.813836,0.385944,1.518824,-0.606095,1.489111,0.587838
1.670330,0.396055,0.042201,0.996543,0.179071,-0.255884,1.999497,0.935546,-0.691075
-0.687883,2.425754,-1.094870,1.546342,-0.752985,0.315950,0.391766,0.203306,-0.435375
1.827466,-0.261063,2.064838,-0.141535,0.674260,1.767889,0.364648,0.483505,0.135517
2.775884,1.566626,1.229364,2.884165,1.490714,-0.673902,0.445947,0.594950,1.537391
1.380093,-0.459797,0.377616,-2.445082,0.432880,0.741149,2.304507,1.236003,0.582162
-0.889132,-0.530748,0.262409,-0.627371,1.027052,0.180557,1.966157,2.677134,2.003635
1.004431,-0.155651,1.998801,1.041549,-0.829950,1.177475,-1.385339,1.889180,-0.162366
1.492893,-0.093528,-0.818746,1.679349,-0.372159,-0.685689,-0.322115,-0.403979,-0.794594
2.422603,2.151608,1.234863,-0.035531,-1.240604,1.454002,1.216417,1.860521,1.228352
0.532783,-0.284679,0.678656,0.141736,0.362047,-0.862768,0.065010,2.494453,-0.302897
0.291790,1.966034,0.534476,2.241485,0.770702,1.196924,1.021475,-0.924370,1.013984
-1.200037,0.323525,0.708485,-0.176623,-0.300418,-0.382461,-1.457177,0.867236,1.885562
-0.843157,0.801739,-0.106187,0.890191,0.330710,-0.120392,-0.465864,0.816354,0.758566
-1.213421,0.722963,-0.316787,2.139235,0.494592,2.012907,0.482187,0.662201,-0.303294
2.267787,-2.077477,-0.285653,1.115793,0.938834,-0.158821,1.317562,1.381797,1.049411
1.094597,0.210726,0.624274,-0.767945,1.407116,2.667392,0.072323,-0.718918,-0.426743
3.005307,1.685155,-0.859489,-0.285649,2.540977,-0.126086,0.613655,-0.230379,0.190017
1.085095,1.888894,0.943624,0.796194,2.012548,1.411045,0.748046,-1.880559,2.058679
1.980248,-0.080516,0.347155,-1.435921,1.333294,1.449893,0.985114,1.360104,-0.150637
1.835562,-0.929259,-0.005447,-0.184434,0.262372,0.574909,2.681337,0.387490,2.982400
-1.084309,-0.914313,-0.769344,1.113794,0.496681,0.213628,0.486390,-0.055763,-0.655740
0.901423,1.259379,0.682772,-0.040821,0.369255,-0.415844,0.939198,1.248282,0.515449
1.205399,0.245971,0.753587,1.154167,2.135090,0.761590,1.694249,-0.386631,0.321608
-0.348562,0.920791,1.012457,1.108023,0.659153,1.137280,0.844803,-0.323665,0.204093
0.045538,1.038806,-0.744843,-0.160446,-0.555966,1.494005,1.881771,-0.542330,-0.615899
0.765798,0.087585,0.970840,1.481050,-0.203349,1.151330,0.172094,-0.510330,3.372905
0.612021,1.348655,0.555325,-0.332982,-0.849287,0.776672,1.347729,1.247706,-0.919920
-0.582120,-0.007451,1.038220,2.104633,0.593977,0.356593,0.703122,-0.059178,-0.389635
-0.944849,-0.501488,-0.780351,-1.632690,0.198826,0.546577,0.893635,-0.666694,1.696531
-0.297284,0.823151,1.579675,-0.050503,1.155649,-0.591854,0.912227,1.575247,-0.568852
0.349336,0.657414,1.275689,0.080645,0.407747,1.843819,0.461357,0.560830,-0.346350
0.903794,-0.929701,1.547479,1.073601,0.320123,0.783311,1.300184,-0.141536,0.353685
-0.702465,2.094965,-0.305629,-0.524966,0.861092,0.502675,2.435697,1.440793,0.357691
2.045255,1.260267,0.202471,-1.919704,0.600113,0.234283,1.086163,0.443004,1.233446
3.614186,1.215589,-0.582167,1.425812,1.999286,-0.976172,0.987220,-1.165096,-0.568276
0.249226,1.554260,-1.779399,0.637775,0.458168,0.390201,0.303925,2.494134,0.384946
-0.023785,1.594811,1.315864,0.145066,-1.686489,0.483645,-0.048795,0.636791,1.622185
0.678824,0.861633,1.481692,-0.550394,-0.737116,-0.319985,0.865177,-0.815997,-0.037959
0.714195,1.996261,-0.613063,0.614820,0.623162,-1.733417,1.533821,0.336334,2.093434
0.457163,1.167752,0.809106,1.202609,0.600834,1.476459,0.323520,0.011375,2.102934
-0.520095,1.484113,1.915995,1.496195,0.185465,-0.776690,-0.272373,-0.044139,0.501552
1.951346,2.848765,0.171004,-0.666639,-0.122187,1.689268,-0.967342,0.549423,0.274168
-2.408442,1.271392,0.774182,1.617843,0.452997,2.242647,2.344551,0.308513,1.135131
1.231932,0.331048,0.669971,-0.352158,-0.214532,0.337733,0.497240,0.000153,-0.051495
-0.454987,0.376523,-0.781159,2.501309,-1.372585,-0.145270,-0.207473,-1.547764,-1.717100
2.041437,0.346924,1.190176,1.810485,-0.206649,0.463296,-0.359325,0.262528,1.821780
0.706999,0.653472,0.898985,2.264470,0.711666,0.750448,1.105412,2.219725,-0.959324
1.498143,-0.835451,1.835658,-0.666913,0.332090,1.920085,-0.361930,-0.160053,0.614321
-1.146362,0.944429,0.571311,0.623171,0.922832,0.217885,-0.006197,0.534188,-0.748986
0.401926,0.208534,0.921923,1.702863,1.036698,0.417326,1.496962,-0.334091,0.674737
-0.442948,2.644061,0.831042,1.444225,0.581509,-0.488357,-0.751773,-1.040773,2.352964
1.312411,-0.394724,2.524990,0.768273,-1.249419,2.084493,-0.310524,0.899027,-0.126469
-0.282215,0.523885,-1.481153,0.017272,-0.446849,-0.541575,-0.333534,1.772475,-0.750972
1.718255,0.564977,0.212736,1.208416,0.687614,1.828472,0.469970,1.972354,0.944323
2.258857,0.771913,-0.883682,-1.576847,0.249508,0.600856,0.015105,1.658825,-0.766627
1.107858,-1.539819,-0.054214,0.670234,-0.556498,0.422590,0.276910,0.711218,-1.337299
0.927984,0.072695,-0.089079,-1.318342,1.573139,-0.762246,0.204670,0.424971,0.438954
-0.205461,0.576009,2.305996,0.417762,0.735602,1.339189,1.979134,-0.628464,2.749833
1.120953,0.693607,0.887167,-0.359328,-0.081708,-0.260269,-0.316757,-0.177393,-0.423132
0.385425,-1.667962,0.755638,0.487825,-0.848339,-1.307886,-1.454330,1.066987,1.514856
1.283768,0.670063,1.054871,1.520901,0.765068,1.790891,2.181957,-1.560957,0.078706
-0.077633,1.849972,0.720505,1.292376,-0.050840,1.484967,0.801157,-0.473238,0.956137
-0.084187,-0.206963,1.458429,1.390087,-0.781330,1.261293,-1.790930,0.535036,0.299472
-0.415418,-0.207870,0.535014,-0.792838,1.141495,-0.433635,-0.461545,0.716717,-0.572650
0.528635,0.077936,0.337637,-1.329643,1.511215,-0.044493,-0.105083,2.094462,1.255293
-0.209552,-0.101765,-0.755813,0.974848,1.409444,1.852560,0.545937,-0.381327,-0.008193
-0.876518,1.010944,-0.219419,-1.067722,-0.405081,1.036142,-0.650656,1.505959,0.183084
1.149286,0.356494,2.358796,0.453056,0.423656,-0.306263,1.674691,0.705049,-0.118401
1.007042,1.852291,0.044935,1.583604,2.365625,0.109316,0.172194,0.415109,0.191995
-0.332821,1.484642,1.411635,1.421918,0.773122,2.770541,0.304541,1.425254,0.642844
-0.937405,1.354478,1.939552,0.243110,-0.779807,1.857129,-0.613437,0.699613,-0.113433
1.899767,0.745005,-0.271443,0.672093,-0.041414,1.067542,0.593294,-0.969354,-0.375248
0.134754,-1.059717,-0.014558,0.716706,-0.138110,-0.694386,0.426620,-1.224621,0.037897
0.078890,1.052008,1.042142,0.335595,-0.502207,1.065944,1.041466,-0.982167,-0.385670
-0.038994,0.327102,1.736189,0.721020,0.415492,-1.173723,0.395716,1.297370,0.747183
-0.058853,0.110385,1.690571,0.312217,0.037649,1.351295,2.683992,-1.466521,0.848411
-0.521003,0.873230,0.885438,-0.393016,-0.856902,-0.294299,1.672821,0.620106,0.277414
0.151403,0.741790,0.053948,0.584321,-0.157050,1.035045,0.778391,-0.380427,-0.213933
1.200286,1.453719,0.292913,-1.256766,-1.699644,-0.203863,0.084609,0.466552,0.217723
0.337136,0.390379,2.900522,1.298392,0.860543,-0.503144,-0.166757,0.032592,0.490516
0.486234,0.406394,0.814699,1.674108,2.085081,0.439731,-0.316526,0.373889,1.306346
0.053046,-0.562482,1.396988,-0.067274,0.960582,1.401260,0.325348,0.941087,1.449456
-0.765962,0.649657,0.890285,-0.491210,0.222824,0.263270,0.368245,1.489132,-0.124739
-1.262481,0.852982,1.483338,-0.637996,0.385799,1.648042,0.606002,1.005393,-2.055757
-0.344852,-0.212684,2.182684,0.531170,1.410482,1.085038,-0.396142,-0.110039,0.309062
0.380733,-0.248527,1.339741,-0.394769,0.829643,-0.439074,0.066341,-2.197736,0.841339
0.828136,0.085241,0.247050,1.787407,-0.108246,-0.448744,1.240865,1.775303,-0.169355
-3.217724,-1.854530,1.199900,1.733023,1.587849,1.779067,1.648890,0.843400,0.824040
0.366174,0.934226,0.675717,-0.160974,-0.250037,-0.047350,1.096633,-0.684219,1.802951
-0.007936,0.439598,1.864804,0.800751,0.871418,0.524490,4.660508,-0.161999,1.084811
0.022522,0.217617,0.637861,0.565625,1.159549,2.826645,0.153740,2.187155,1.305114
-0.255869,-0.637924,0.011636,1.850988,0.554237,0.535287,2.582818,1.326799,0.538302
0.226887,-0.422274,1.957026,-0.869553,1.256320,0.197669,-0.844151,-1.197134,-0.354098
1.206483,-0.915360,1.482637,1.581837,-2.102149,2.690110,1.316825,-0.331375,-0.110669
0.143256,0.611820,-1.127954,0.551270,0.615131,-0.220653,2.031784,-0.764986,0.366890
-0.223400,0.345885,2.308310,1.487261,-0.388398,0.200982,0.960562,0.799886,0.421363
-1.543591,1.135437,1.654187,1.825436,-0.724059,0.802315,0.664095,0.263202,2.103994
0.428475,-0.427915,2.310830,0.730282,1.226207,1.001242,-0.783100,0.921670,1.930529
-1.480733,1.888318,-0.471427,1.482130,1.905280,2.263443,-0.567891,1.142638,0.735757
1.720656,0.127777,2.392828,-0.306171,-1.086231,0.588428,2.342012,-0.916616,0.588734
-1.001366,-0.086030,-1.406507,0.171619,0.153227,-0.399414,1.278587,0.203670,1.641319
-0.297475,0.513891,1.739577,-0.963561,-0.704129,-1.237931,1.161790,-0.263373,-0.102332
2.155711,1.453327,1.064563,1.517069,1.524384,2.902176,-0.073719,1.005172,1.010686
-0.373756,0.597307,0.233909,-0.933405,0.059002,0.364742,0.287116,-0.295315,1.401278
1.965667,1.827763,0.547009,1.184121,1.691420,2.367901,-0.516760,1.259058,0.515700
0.830904,-0.547648,0.601228,-0.004266,0.533607,0.184403,1.430512,-0.079080,0.957164
-0.473347,0.951545,1.537577,0.470752,1.973466,-0.739521,0.365564,0.809576,1.084701
-0.200035,-1.441265,2.930829,0.226586,0.623234,-0.554039,-0.293864,1.802573,-1.054378
-0.617313,0.604508,0.945342,-1.123365,0.481828,2.484050,2.179736,0.080158,-1.828274
1.274949,-0.566856,0.088685,-0.594633,0.947995,2.607165,-0.305699,2.407369,-0.413326
1.447572,0.321215,1.295121,1.323518,2.326871,1.037715,1.400997,-1.204649,-0.801902
1.812258,0.100976,1.371540,0.527826,0.145600,0.590019,-1.067719,0.488271,-0.260841
0.175911,0.225871,1.143727,-0.614445,0.419060,0.248401,0.444710,0.004373,1.059657
2.274039,0.103016,-0.206655,1.273754,1.891031,0.833242,-0.477584,1.622209,-0.700437
1.321711,1.271716,0.068331,1.914383,0.429197,1.333164,-0.210755,1.233267,0.682223
-0.464585,0.887691,-0.264683,-0.158931,-1.129764,1.653570,0.435381,-0.317140,-0.567596
0.963164,0.446771,0.519054,0.849405,-0.705872,1.194027,0.961761,0.089729,-0.434446
0.613991,-1.573111,1.946071,0.041243,2.170035,2.251078,0.707456,-0.359616,-0.179567
-0.101822,-1.565371,1.665832,-1.464810,0.065698,0.103446,0.687946,0.317639,0.051471
1.585891,1.292684,1.227774,0.701820,-0.018455,0.546401,-0.247987,0.407820,-0.683789
1.164489,1.854730,1.651896,1.308635,-0.422053,0.800854,1.621463,1.519657,0.889102
1.852667,0.231671,1.057225,0.251112,0.775883,0.884915,-0.634039,0.763748,0.601493
-0.202588,2.687246,1.367326,0.829186,-0.325620,0.446586,-0.397087,-0.143088,-1.390064
-1.418365,1.689685,2.548440,1.145331,0.944339,1.425518,2.500399,-1.902249,0.726292
-1.718808,-0.854846,-0.671313,1.258905,0.997116,-0.338422,1.129141,-0.832504,1.404333
-0.212670,1.652538,0.106379,-0.776263,0.210068,0.816054,1.535722,0.311250,-1.013923
1.098266,1.941595,1.278295,-0.256694,-1.244694,-1.417486,1.730897,-0.954014,1.839233
-1.271313,0.699498,0.590783,1.686636,0.438303,1.910869,-2.473838,1.913215,0.379464
2.457533,-0.655991,0.586312,-0.064237,0.775418,0.105140,3.245699,0.850505,1.322693
0.189544,2.444149,1.400327,-0.125213,0.071580,2.683670,2.408984,0.766130,1.910161
0.716873,1.335253,0.409149,0.705224,0.481328,0.582053,-0.064300,0.560153,-0.102332
0.490345,1.015462,-0.566080,0.745427,-0.555728,1.005185,0.801223,-0.215646,-0.999733
-1.262475,0.542815,0.439424,1.384015,-0.519202,-1.129329,-0.184808,0.108685,1.052936
-0.612579,-0.592433,1.106027,0.148893,0.715809,-1.098281,0.779893,-0.072872,0.074540
1.501092,0.564659,0.041282,1.730457,0.840038,1.820508,0.399273,0.448353,-0.584633
1.175286,-0.257036,0.173331,-0.642761,0.026450,1.860752,1.193429,1.297437,1.556159
-1.445899,-0.705572,0.997498,1.022352,1.363169,1.033593,0.984218,0.946644,-0.628640
0.673977,1.613356,0.518471,0.501693,-0.251943,0.539084,2.657419,0.354113,-0.037448
0.310350,2.149768,-0.454404,1.601184,-0.341957,2.410873,0.817072,-0.538836,-1.068038
2.613660,-0.887537,-0.121668,-1.441720,-0.385380,2.790685,1.671796,-0.148352,1.847497
0.144992,2.320887,-0.051136,0.428653,1.139633,2.518505,1.614004,1.355143,-0.000034
0.932923,1.905573,0.022179,0.698356,0.161980,1.071380,1.338813,1.232767,-0.736077
-0.189427,-0.115765,1.102178,0.224803,0.047539,-0.514835,-1.243604,0.221159,-0.133307
0.021197,-1.278401,0.929456,0.203339,-0.833432,1.888877,-2.333262,0.926231,0.430203
2.480010,0.343328,-1.362991,0.714259,1.597296,1.593160,0.185035,-0.821145,0.914836
0.085117,-0.215349,1.215865,0.008657,0.228589,1.000646,0.596669,-0.617643,0.056780
0.438021,0.144805,0.384052,-0.635250,0.972040,-0.115516,1.116696,0.164726,0.174469
-0.861506,0.944794,0.202887,0.751374,0.320945,-0.643972,0.026424,-0.476767,-0.188290
0.504790,0.845312,-0.589302,-1.149877,-0.567927,0.280788,0.979130,0.673294,0.072444
-0.324870,1.000575,2.516527,-0.067437,1.443093,-1.135939,1.027703,0.637419,1.933523
0.338375,-0.142999,1.432787,-1.459507,0.162557,1.026902,0.707764,-0.477921,0.100078
0.307117,-1.688177,1.491506,1.059949,1.082556,-0.357460,-0.193355,-0.208035,0.469358
-0.248034,1.122648,0.911596,1.129207,-1.015945,0.039249,1.347047,0.549826,1.722390
1.154931,0.897366,0.334702,0.815796,1.445239,0.834997,0.892297,1.044007,0.984859
1.017512,1.557523,0.937673,1.345996,2.606021,0.144459,-0.440471,0.322535,-0.540905
2.335360,0.874560,0.538457,0.421865,-1.365573,2.506514,1.033770,0.424044,0.095170
0.250535,1.449713,-0.956204,-0.477324,1.072690,0.663867,0.484885,1.617424,0.212534
0.350972,1.298130,1.616275,-0.133073,-0.148700,0.797611,-0.039205,-0.751012,2.068741
-1.729191,-0.943274,0.302769,0.946271,-1.196784,0.856328,1.336822,0.106456,-0.338738
0.921427,0.399028,-0.152576,-0.571345,-0.617209,0.376159,-0.060598,0.408837,0.092966
1.121282,2.788265,0.881907,1.247892,1.203841,-0.254513,1.019384,1.051102,0.199392
0.339727,0.466322,0.775574,0.764652,0.458479,0.010309,1.372422,-0.338721,0.687045
-0.258838,0.964062,0.071846,-1.359648,-0.520372,2.046321,0.626810,1.733659,-1.148664
-0.988318,-0.869890,0.759477,0.598297,1.911134,-0.718290,-0.227916,0.279787,-1.569894
0.119371,1.013036,-0.576486,-0.623938,-0.565572,2.800834,1.027058,1.365540,1.320249
0.426997,-0.118592,-0.947062,0.559147,-1.069147,1.350997,0.324362,-0.630311,1.313615
1.631978,1.540070,0.120475,0.717946,1.156447,-0.179354,-0.264028,0.700355,-1.085023
0.678117,0.159868,0.426350,-1.166933,-0.182109,-0.051087,0.562094,1.572867,0.494928
1.267719,-0.409327,0.823097,0.227489,-0.134641,1.435770,0.146739,-0.101265,0.712394
0.365559,0.191538,1.245511,1.903312,0.126466,0.445443,1.347162,0.852646,-0.015495
0.418104,-1.956994,-0.291960,0.404861,-1.725490,1.394838,-0.701978,0.571075,0.353881
0.501380,0.661853,0.851174,0.440687,-1.240551,-0.205275,1.565928,2.809011,-0.518003
-0.434675,-0.676240,-0.137151,1.979932,0.781305,0.872374,2.171703,0.744612,0.353361
0.581655,-0.342582,1.475965,0.890863,-0.539193,1.013967,-0.553974,0.679945,1.909302
0.082768,0.572236,1.461325,2.551821,0.468736,0.177172,-0.171708,-0.275958,0.982958
0.849981,-1.479279,-0.067259,-0.271816,0.314035,0.474935,-0.261034,0.993735,1.670737
-0.575997,0.658831,0.975620,-1.115407,-1.567366,-0.553805,0.746492,0.552823,1.026076
-0.251002,-0.086915,0.639441,-0.277659,1.029329,0.649783,0.292993,0.571970,1.103626
-0.209985,0.245576,-1.202638,0.193489,-0.535427,3.482239,0.888533,-2.214350,0.178121
-1.737055,-0.251699,-1.060115,1.340794,0.244774,1.793886,0.759266,0.821832,0.369877
1.318849,0.044535,0.823920,-0.671152,-0.708912,-0.945309,1.619094,0.349079,0.593322
-0.419761,-0.344817,2.061151,0.468974,-0.051224,0.327092,-0.477056,0.062491,-0.207523
0.357585,0.490280,0.684149,0.604677,-1.507235,0.389864,1.455299,0.378894,-1.819581
0.214922,2.271028,0.325871,0.073129,0.382876,2.423681,0.741966,0.235051,0.846608
-0.927001,0.927793,-0.243207,0.354722,-1.235814,2.539568,0.873035,-0.029773,0.448388
1.050238,0.071739,1.351758,-0.372990,-1.242320,1.526261,-0.219635,0.714291,0.468451
-1.200030,-0.416636,-0.086960,0.999013,0.549667,0.138837,0.188556,0.380313,-1.108468
-0.650079,-1.977191,0.188984,-0.276443,1.607088,0.454723,0.129074,0.079096,0.130724
1.914538,1.252939,0.116186,-1.846940,1.012172,0.927464,-0.641142,0.041470,1.510073
-1.443183,0.823178,0.757262,2.216706,0.297549,-0.879053,0.685265,-0.284523,-0.072050
-0.811991,-0.485275,2.083371,-1.684770,0.753907,1.142806,1.682511,1.636394,0.417399
0.909409,1.333614,1.984801,0.565233,3.284376,1.106836,1.189306,-2.018729,-1.486144
1.236798,0.557161,0.485445,0.128636,1.138556,0.974910,-0.146660,0.850728,-0.481193
0.649933,-0.519734,1.641441,1.228803,-0.618168,1.068377,0.839123,0.195695,-0.326678
-0.714770,1.832178,-0.133281,0.169897,-0.546207,1.655314,-0.528233,0.333324,1.215543
0.424963,-0.113207,-0.047016,1.087444,-0.860411,2.385852,1.418108,1.135497,1.232256
1.218627,-0.294266,1.307900,-1.492565,2.297315,0.761311,-0.936944,0.523406,1.677870
0.145628,-0.530607,-0.605787,-0.145775,1.499697,0.417468,0.453231,0.534106,-0.574904
1.078217,0.581611,-0.735177,0.278337,1.313395,0.854580,-0.076692,-0.703418,1.677821
1.915284,0.943462,-0.919743,1.218203,-0.143534,-0.047608,-1.399153,-0.605159,1.317270
0.184297,1.200055,1.567771,1.029336,-0.181308,-0.738727,-1.223162,0.508582,0.172030
0.112802,0.264004,0.605547,1.052421,1.081483,1.753145,0.209702,1.524743,-0.095813
0.331685,0.918848,1.462964,-0.345611,0.363031,1.857196,1.044121,0.922283,1.948695
-0.743113,0.304372,0.632247,2.220197,1.241738,2.070329,0.412333,0.480457,1.539797
1.681913,1.916729,0.868127,1.489932,-1.444764,-0.172858,0.435334,0.733010,0.332676
-1.450962,0.334941,-0.027986,0.971937,1.697143,1.474529,0.106497,1.330908,1.657079
1.050466,-0.282349,1.544928,0.399346,-0.245234,-0.954840,0.505482,0.351382,2.348227
0.319296,-0.633590,1.827137,-0.221767,-0.336704,-0.125066,-0.547519,1.369323,0.477640
2.309145,-0.138056,1.965545,2.119273,0.257602,1.279545,0.394724,0.167070,0.917276
0.672133,-1.643731,0.081168,-0.838393,-0.632345,-0.067450,0.072530,0.889043,-0.312568
0.537881,-0.035781,1.781085,0.138906,0.224734,0.743086,-1.187554,-0.347196,1.589950
0.638200,1.912026,0.388780,1.043958,0.225360,0.654959,-0.927401,1.005033,1.584953
-0.408055,0.984515,2.296293,-0.966278,1.425725,-0.920859,1.176684,1.439033,-0.395848
0.494612,0.012446,-0.533736,1.124826,0.660915,1.325978,0.272837,0.427443,0.216828
1.771027,0.209504,2.637101,1.016333,1.188560,1.583762,2.511283,0.153940,-0.587775
-0.824066,1.074565,0.008419,1.173076,-0.445983,0.851592,0.635136,-0.734116,1.107653
-0.705109,0.277178,1.508974,0.794873,0.358659,0.482670,-0.130019,-1.910287,-0.488141
-0.459682,1.476187,0.042443,-0.121466,1.326548,-0.759041,-0.483756,1.937931,-1.056498
1.990966,-1.305388,0.584551,-0.259585,2.831813,-0.680496,-1.348970,1.419289,1.017903
0.321124,0.811060,0.703254,-0.739418,1.311691,-1.016394,0.316732,-0.465311,2.361460
-0.543459,0.575948,0.890194,0.669019,0.786208,1.626561,0.878405,0.704286,0.006753
-0.659022,0.554240,-0.454837,-0.843030,-0.303753,-1.227363,0.961191,0.478896,0.268449
2.962336,0.056544,2.523971,2.342343,1.737474,-1.349870,1.443773,-0.136785,0.625089
-1.002635,0.710673,-0.226028,0.506547,1.479390,1.559194,0.169500,0.892860,-1.510867
-0.595064,-0.416672,1.092623,-0.548526,1.166423,0.902012,0.144881,0.707088,1.183989
0.979347,1.589323,2.019927,-0.124808,-0.829304,1.615185,-0.235145,0.168626,-0.156394
1.042276,0.598434,0.237042,-0.880319,-0.026749,0.011654,0.731581,-0.123902,2.117722
0.196150,0.751223,-0.433197,0.784098,-0.588469,0.539040,0.919910,1.578162,-0.751087
-1.187140,1.229839,0.760318,0.088842,0.749235,2.118395,1.071187,1.103640,0.098916
0.287419,-0.969400,0.553658,0.578962,0.412746,1.135867,-1.081793,-0.039537,0.434852
0.554316,0.347073,-1.452218,0.136097,0.793806,0.404005,-0.459979,0.857979,0.700419
1.464632,1.409970,1.197126,0.056144,-0.341261,-0.655477,0.658223,0.829165,-0.146366
1.071237,2.180379,1.432407,-0.363224,-0.314501,1.810368,1.994895,-0.245914,-1.750117
0.460423,-1.386749,0.540264,0.776501,0.851562,0.674224,-0.724366,-0.596675,-0.273093
1.093782,0.187657,-1.118972,-0.291991,-0.816878,0.406468,1.249028,0.368023,1.892886
0.439585,-0.752357,-0.604340,0.296926,2.137971,0.786919,2.088435,2.003195,1.194911
3.057950,0.977034,0.775628,-0.074639,-0.472172,1.764230,1.206078,-0.775801,-0.395066
-0.503000,0.364409,-1.664384,-1.583114,-0.205328,1.565125,1.443651,-0.142341,1.092860
-0.484403,-0.171466,0.148369,0.583920,0.891611,0.677806,1.488228,0.278086,1.639350
-0.532048,0.940223,1.152053,0.133975,1.429680,-1.602743,-0.128434,0.707860,0.275219
0.896456,1.652399,-0.862490,-0.553900,-0.005314,-0.251089,1.864984,0.590890,-0.270155
-0.393158,0.766921,1.607515,1.373561,1.153801,0.582285,-1.209132,-0.749541,0.195682
0.903835,1.798743,-0.330791,0.854396,0.557570,1.111527,0.385611,1.260734,-1.278777
0.355652,0.614511,1.356218,-1.953325,-0.645651,1.667067,-0.095760,2.408528,0.190789
-0.988832,0.745510,1.086872,-0.017655,2.159922,-0.409791,2.501521,0.917822,1.165530
0.056700,0.832880,-0.560616,0.068667,1.645134,-0.382457,0.110850,1.344233,0.710329
0.662267,1.182260,0.178846,-0.405961,1.054260,-0.771931,-0.186977,1.131173,1.517499
0.621080,0.118875,-0.489237,-1.243669,0.392846,-1.300782,-1.052885,0.378040,0.708890
0.976714,2.840350,0.042036,0.084392,-1.040798,2.443273,0.127396,0.451648,0.680423
1.321426,0.245812,2.004696,0.047609,1.722040,0.353950,1.210365,0.129394,0.494127
-0.660175,2.201398,0.758056,-0.570892,0.157719,2.475549,1.237743,1.468525,1.609435
0.742574,0.771471,1.391488,1.697683,-0.279670,1.610558,0.610825,-0.441606,-0.989247
0.673076,-0.404415,0.075840,1.427463,1.048906,0.414724,-1.000626,-0.123676,-0.401114
0.054469,0.051691,1.986406,1.991787,0.583229,0.453359,1.824752,0.459335,-0.203746
0.470917,0.735791,0.216721,0.844098,0.465813,-1.290419,0.691431,0.636225,-0.816523
-0.327135,0.824911,1.203533,-0.012428,-1.282780,-1.000338,0.432527,-0.994585,0.437173
1.161076,0.832363,0.365204,-0.140630,1.657738,-1.026633,0.686275,-1.465104,0.087265
1.213215,0.442387,2.401570,0.894893,1.481905,-1.100757,1.279160,2.450587,0.629092
0.187909,-0.236107,-0.434737,-0.190111,-0.168567,0.642433,1.481434,0.121858,-0.169131
-0.258922,-0.593241,1.696824,-0.627915,-3.172715,0.916974,1.737596,0.276366,0.745973
1.264476,0.510734,-0.660820,1.282927,1.499905,-0.277960,2.874061,-0.316308,1.625090
1.928396,0.622708,0.666280,-1.391135,-0.438440,-0.451118,1.493375,0.127074,-0.308459
0.553456,1.602580,-0.148397,-0.205329,1.013528,1.238929,0.134529,1.746179,1.156225
-0.545591,-0.561427,0.815089,0.230318,2.116346,-0.041510,0.029144,-1.649832,-1.546584
0.659416,1.862625,2.122165,-0.448386,1.306357,0.309037,-0.154136,2.112004,-2.105847
1.381750,0.836776,-0.815329,-1.400866,2.250647,0.000996,0.453123,-0.271097,-0.238340
0.610077,0.071773,0.618115,0.420850,-1.817318,1.522214,-1.615645,0.566298,0.758686
1.339278,2.100926,1.764862,-0.452023,1.172411,-0.278290,1.406082,1.607585,1.309771
-0.302210,0.888658,3.079521,0.067079,0.224819,0.801287,0.870610,0.115324,-0.395863
-0.518000,1.787986,2.023263,-0.174646,-0.585391,-0.286929,1.242955,1.432046,-0.768452
1.545632,0.050419,0.756750,-1.321354,1.229811,1.053420,1.246889,-0.614043,-0.477697
-0.668602,0.796084,-0.780537,-0.173183,1.365838,-0.500295,0.952529,0.061182,0.781768
-0.586023,0.943829,-1.015575,0.730476,-0.070092,0.155329,1.689064,1.272385,-0.368186
2.406353,0.608967,-1.067721,0.177687,-0.068421,1.629933,1.298884,0.173160,1.460359
2.073924,1.784903,1.762460,1.597982,0.429713,-0.533003,0.950851,0.240820,-1.520563
-0.742306,1.225799,1.238580,-0.966976,-0.093657,-0.414865,0.386000,1.111589,0.905506
1.973878,-0.498652,0.231770,1.127285,0.035585,1.587432,0.269984,1.515551,1.099197
0.952871,0.424205,1.416894,0.595448,0.825927,1.839842,0.116752,1.657791,-0.041943
-0.043679,-0.610645,1.272392,1.159708,-1.139680,-0.206702,0.350518,0.489124,-0.305895
2.274857,0.749758,2.194372,0.600840,-0.681899,1.642180,-0.827052,1.039608,0.161219
-0.407380,-0.075100,0.311348,-0.389964,1.605765,0.121882,0.676000,-0.669637,1.274090
0.704397,-1.201005,1.485700,-0.465891,0.088478,1.660426,1.045118,1.604535,1.463514
0.032867,0.598942,0.057760,0.846066,1.338215,2.830152,1.911836,0.193653,-1.573404
-0.670791,0.365690,1.854699,0.153493,-0.034553,1.349107,1.090520,-0.019626,-0.358183
1.831075,0.235868,0.142173,0.194470,0.029974,0.371629,1.281903,1.813565,0.104254
0.888686,0.835829,-0.042783,0.301350,-0.447266,0.314043,1.188680,0.785398,1.229597
1.025902,2.170799,0.385601,0.604850,-0.501586,0.107869,1.048082,-0.225242,0.005955
0.077676,2.348683,-0.438256,-0.008238,0.927741,-0.434940,1.054431,0.175873,0.768213
0.052189,0.908072,0.739367,-0.662581,-0.006563,-0.501085,2.455658,0.642939,0.794557
0.880196,0.398653,1.577538,0.937882,-0.824906,-0.063434,0.939048,-2.358505,1.442821
-0.569171,-0.110472,1.181278,-0.016858,1.804538,-0.960541,2.683210,1.858209,-0.346433
2.616938,-0.515808,0.079667,1.788048,0.241495,1.077434,-0.246130,1.220792,0.543388
0.588871,0.921196,0.867463,-0.060808,0.392747,-0.194250,0.870625,0.132324,-1.105010
1.190510,0.250744,0.235780,0.207601,0.822071,2.421041,0.917753,2.190571,1.853207
0.373735,0.615122,0.962215,1.060980,1.669928,0.384008,1.450328,-0.304342,0.931848
1.125383,0.569274,1.179725,-0.331063,1.967168,0.972339,-0.542036,0.994766,0.734703
2.116259,-0.591803,0.508379,0.379661,0.235737,1.835073,0.817614,0.450437,-0.330186
-0.081150,0.555751,-0.496859,0.856968,1.290708,1.301208,-0.615942,-0.416951,-0.087893
1.463198,-0.090466,-0.937879,-0.820383,0.848049,1.162631,1.147542,-0.297173,0.687328
0.023743,1.126804,-0.542055,0.056026,0.727604,0.043546,-0.149233,0.466911,0.625042
0.688909,2.483150,-1.178016,1.052617,0.779215,0.925052,-0.342073,-0.022612,2.797849
1.031023,0.989210,1.283034,1.017442,0.542544,0.564699,1.928258,0.637102,0.529260
-0.898565,0.129357,0.454222,-0.142092,1.355116,1.172444,0.693590,2.211722,1.327085
-0.536524,-0.923623,1.345618,-1.065521,-0.596925,0.795542,0.643058,0.693338,0.912395
0.237643,0.064932,0.334869,1.278887,0.286884,1.306490,1.156345,1.011379,1.311517
2.340662,0.598971,-1.658025,-2.335789,-0.633097,0.206218,-0.247899,-0.607329,0.552133
-0.698270,0.939092,-0.150663,0.919713,1.789951,1.572170,-0.448732,0.983461,0.235718
1.718073,1.259385,0.498962,-0.175876,0.278652,0.802482,1.917662,0.426440,0.671057
0.234923,-0.681928,-0.192858,1.078187,0.511098,-0.956524,-0.352073,0.285365,-0.025065
-0.402369,2.960892,0.022851,0.668144,-1.891331,0.581552,0.908159,1.277658,0.768582
2.391724,-0.146523,-0.308034,-0.232108,-0.909632,0.200368,1.793292,0.629691,0.623768
0.390740,-1.093296,-0.339338,0.438412,-0.924237,-1.073108,0.743488,0.903500,-0.207691
2.200778,-0.755349,1.320427,2.784422,1.622524,-0.060484,0.626000,-0.449515,0.041705
0.691872,2.230902,0.018377,2.377205,-0.070248,2.193385,1.294851,-0.462945,0.154656
0.217791,2.033206,-0.761262,0.482487,-0.823407,1.980819,0.211009,0.300156,0.609181
1.311898,-0.115701,1.290741,0.988788,0.379752,-0.497097,-0.614555,0.803390,0.393898
0.992818,1.417710,0.265615,0.051881,-0.201390,0.228425,1.313510,1.262425,1.643583
-1.900332,-0.973688,0.989898,0.828003,1.616023,1.146503,-0.274470,-0.001503,1.587888
0.383515,0.463963,1.547931,-0.421402,0.999338,0.037417,0.725389,1.786080,1.298162
0.863363,1.889410,0.880649,-1.065874,2.030297,0.818242,-1.100423,-0.444767,1.306076
-0.578974,0.189962,1.698903,0.374662,-0.649141,2.415710,1.437860,-0.143014,2.022329
1.765118,-0.072508,0.142889,2.256036,-0.053843,-0.109037,-0.250914,0.506582,-0.057402
1.737092,-0.554350,0.811062,0.660455,-0.700575,1.019289,1.586879,-0.444597,0.179980
1.126609,0.491253,1.617540,2.444292,0.999860,1.653127,-1.276418,-0.798095,0.030935
0.161552,0.888475,0.092302,0.026872,-0.040081,-0.663905,0.232674,-0.586186,1.096825
2.386407,1.104624,2.504281,-0.805316,-1.526259,1.326463,-0.414374,-1.485889,1.361062
0.252494,0.507175,0.499752,-0.444557,-0.229058,0.035426,0.279072,1.064510,1.151270
-1.334631,-0.568810,1.732791,0.166995,1.018761,0.747071,0.472158,-1.130859,-0.516213
1.204683,2.131364,0.044162,-2.016650,1.185610,-0.273527,0.558459,1.529170,1.194184
1.528710,-0.745962,0.081523,0.495831,0.894817,0.632075,1.942635,0.610064,0.750200
0.811477,0.207187,-1.083417,0.385369,-0.288382,1.423770,-0.107597,0.911590,1.112352
-0.460959,0.584944,1.808723,0.764531,0.801898,-0.471558,0.233884,-0.498833,-0.647399
0.267829,0.019148,-0.830613,0.642635,1.088009,-1.259837,1.516781,1.064841,0.523530
-0.896672,-1.158349,-1.484497,-0.418819,-1.289912,-0.292293,0.340940,0.213637,0.125252
-0.608057,0.258508,1.900417,1.077003,0.761950,1.675946,1.584289,0.626599,-0.104825
0.119244,0.431456,1.588238,0.964722,0.966512,0.731891,-0.529552,2.426588,-0.899691
0.203738,-1.873102,0.163659,0.661685,-0.146429,0.797490,1.235276,0.701666,-0.046150
2.398019,1.068328,0.382328,-1.062763,0.361203,0.823077,-1.097088,1.043313,-0.078061
2.152604,1.622385,1.776879,-0.627442,0.338413,0.096810,-0.323872,0.465784,-0.323282
-1.234477,2.039696,1.571081,-1.074594,0.064259,1.497970,1.037783,-0.090125,-0.911478
0.965456,0.463874,0.031670,-1.582627,0.600922,0.703656,0.560617,0.027690,0.607274
1.745529,-1.576980,1.465724,-0.228477,0.757416,-2.740686,-0.349062,0.393799,1.558757
1.836646,1.202628,-0.443552,-0.227270,-0.524146,-0.547251,1.137380,1.778849,-0.368343
0.107583,-0.041320,1.665422,-0.392431,0.971532,0.786934,0.401088,0.368241,0.062302
-0.018190,2.151952,-0.066624,0.233281,-0.936872,2.171933,2.367775,0.637257,1.663040
0.889327,0.118612,0.089350,0.760053,0.787979,-0.170194,-0.662943,-0.193879,1.070076
-1.018314,-1.593530,1.699602,0.757033,-0.801408,1.207589,0.974997,1.414404,0.641450
-0.187501,1.873044,0.748472,1.233659,1.728532,0.510742,1.204235,0.478080,2.288331
-1.007340,1.455233,1.547374,-0.961238,0.449627,0.884227,1.106506,1.210190,0.913168
2.362478,2.231814,-0.099432,-1.130166,0.857088,-1.516854,2.042000,2.476259,-0.164037
0.254047,1.867929,-0.624764,-0.913102,0.400381,1.813881,0.152101,-0.981838,1.101429
-0.102816,1.195456,-0.224945,0.793035,0.133772,0.710055,-0.230652,-0.325486,1.378072
1.268175,0.390317,0.616366,-0.144296,0.392477,0.354345,0.756157,-0.083769,0.685194
0.809058,1.295874,2.854483,1.689133,0.410540,-0.345235,0.298178,-0.211934,-0.438717
-0.141682,-1.007348,0.894763,0.173637,-0.176792,1.658083,0.716402,0.053899,0.493452
-1.984651,-0.897493,0.930667,-0.453925,-0.032680,-0.868560,0.787421,0.128295,0.078642
1.027530,0.936521,1.569643,-0.544453,0.272269,0.703726,1.023292,0.265196,0.173428
1.316508,-1.967251,0.892489,-0.318055,0.158247,-0.388909,1.515870,0.031731,0.314561
-0.361473,2.763497,-0.230948,-1.536547,-1.006795,1.336515,0.702524,-1.652653,-0.190821
0.415857,1.311738,-2.058682,-0.864763,0.833028,-1.214405,1.191767,1.985927,0.549854
0.168279,0.908539,-1.147787,-0.651645,1.112928,-0.193710,1.401596,-0.419635,0.037855
0.239770,1.489701,0.779003,1.299232,-0.142131,2.676115,0.546870,0.902751,0.720866
0.349406,-1.282067,0.586301,0.011002,1.710267,-0.159719,0.233043,0.974041,-1.065496
-1.327145,0.348693,0.545624,1.341743,1.916780,-1.143849,-0.014742,0.293801,1.234889
0.335885,0.993389,2.252247,1.477572,0.567056,1.016495,-1.585385,1.264752,-0.066543
-1.129595,1.389322,0.972645,0.237896,1.165565,1.560695,0.067812,0.678774,-0.375188
-0.909635,-1.637861,1.259884,-0.718659,0.891402,1.220459,-0.066723,0.025294,0.474841
0.701002,-1.206377,0.993494,-0.848831,0.535092,1.006677,1.766144,-0.229714,1.601380
0.254642,-2.434250,1.818946,1.603516,0.898147,1.290138,0.901713,1.027909,0.748577
1.276138,-0.238202,0.714783,-1.435717,-0.516059,2.671716,0.696866,1.548993,-0.060710
-0.518163,0.423905,-1.666958,-0.133189,0.408802,1.584671,0.771152,0.253406,0.439117
0.733123,-0.738850,-0.451682,-0.921314,2.485942,0.404127,0.752571,1.780273,-1.629230
0.708390,1.388693,0.250473,0.721689,0.262416,-0.871973,-1.141365,-0.360682,-1.714447
1.840015,2.135581,1.811193,-0.104196,0.942777,1.383073,-1.017176,-0.676331,1.165455
2.004372,1.275085,0.412552,1.618789,0.079021,1.006185,-0.207526,2.340707,2.427464
0.637415,-0.822043,2.368837,0.943982,-0.443365,0.679690,-0.028112,-1.507529,1.975376
1.555981,0.878266,2.016332,-0.270199,0.413034,-0.288950,1.763466,-0.380874,1.418500
1.154215,1.077199,-0.593080,-0.427752,-0.005132,1.178893,-0.176478,1.044220,0.761026
-0.129713,1.238588,0.082315,-0.144612,0.311814,0.238728,-0.004632,2.063315,-1.500769
2.952199,-0.882034,0.546317,0.190062,1.009398,-0.499460,1.035761,0.899699,1.486168
-0.118508,0.752551,0.107800,1.690502,-0.271478,0.507521,-0.466453,1.162344,0.983559
1.864719,3.206976,0.917299,0.087184,0.616588,0.765676,0.451715,1.150048,2.224544
0.229630,0.678740,0.765488,-0.266801,1.460887,0.092490,0.271040,1.162008,-0.231131
1.776968,1.687409,-0.314716,0.769235,1.742464,1.032969,0.524270,1.028233,1.199875
0.480796,-0.086429,0.694916,-0.084507,-1.384535,1.579052,-0.003670,0.975383,0.435617
0.135964,-0.639490,-0.509682,0.554683,1.080284,1.824487,1.853491,0.483703,1.157042
2.105687,-0.087257,1.202444,1.032723,-0.810553,-0.112962,0.347196,1.117363,-0.550659
1.118266,0.558876,1.303184,-0.208532,0.176672,-0.216432,0.537696,-0.159174,1.267852
1.463511,-0.368423,-0.472411,1.772815,-0.270331,1.090895,1.154874,-1.401231,1.211515
1.083825,0.452998,-0.843449,-0.533271,0.564598,-0.251119,0.785960,-0.291112,0.130979
-0.101829,1.334674,0.840726,-0.018926,-0.060518,-0.099356,0.137404,-1.726942,-0.951801
-1.183551,0.503862,-0.280594,-0.024754,0.730171,-0.871744,0.879632,0.318853,0.368165
0.669018,-1.491472,1.752386,1.305126,0.850912,0.891098,1.517711,1.574436,-1.718202
0.493740,0.375410,0.648785,0.676070,1.195859,1.282535,-0.979416,-1.573545,1.117944
0.774850,0.297377,0.133214,1.191818,-0.084807,0.623967,-0.616747,-0.075347,2.855891
-1.364683,0.664939,0.658277,0.967249,0.236091,0.936588,0.223779,-0.433015,0.991790
0.862242,-0.941279,-0.138435,-0.064228,-1.411239,-0.396189,1.883095,0.148366,-1.854770
0.843721,1.185663,-0.435742,-1.670751,0.378164,0.188125,1.320734,0.226143,1.041369
2.169923,-1.723626,0.735343,0.774991,2.055277,0.232675,1.016302,1.376099,2.184602
-1.282645,1.092657,0.534265,0.518292,0.148924,0.595306,1.373663,1.404238,0.783544
0.062956,2.809044,1.476930,-0.921833,2.751952,0.602454,0.748841,-0.353020,0.168641
-0.635674,-1.571704,-0.647330,-0.756113,1.553994,-0.107705,1.548629,0.529916,0.441926
-0.147781,1.985796,-0.282700,1.801479,-1.781005,1.296297,-0.454796,-0.570638,1.817781
1.116576,0.829603,2.215332,0.178012,-0.177178,0.444549,-0.109436,1.171170,-0.305020
1.552026,1.866837,-0.149823,0.032190,1.543319,0.948960,0.501888,0.711613,-0.176851
0.518050,0.427172,1.741737,-0.452265,0.835282,0.681289,0.340693,1.297219,1.311629
1.296587,0.289548,2.184573,-0.450677,0.467562,1.100849,0.800834,-0.419121,1.274693
0.695151,-0.742183,-0.246717,1.841696,-0.684219,1.782790,0.829100,-0.526845,2.080316
1.853204,-0.472584,1.639628,0.728856,0.822337,1.222553,1.180826,1.057387,2.188432
0.645099,0.404425,1.304548,-1.186259,0.111771,-1.109126,0.296963,0.892211,1.008199
2.576156,1.595764,0.537141,0.808371,1.434749,-0.121954,1.000581,0.245490,0.221109
0.167940,2.200528,0.103766,-1.219953,-0.391785,1.254047,-0.506557,0.205886,0.817411
0.987635,0.434820,1.923361,-0.302523,2.069743,1.599783,-0.218240,0.022291,-0.424685
1.073304,0.391630,0.704602,1.099362,-1.038276,2.078967,-0.398619,0.268014,-0.521504
0.936846,1.016777,0.936544,-0.149727,-1.111986,1.596102,1.764289,0.991689,1.042272
0.504543,2.313570,0.228122,-0.583102,-1.720280,-0.340880,0.772990,-0.924133,0.200199
-1.011890,-0.840789,0.676556,0.414542,1.158757,1.157776,2.196874,2.154234,1.396024
-0.274994,1.407991,1.862023,-0.485058,0.975341,1.349675,1.602304,1.361337,-0.069659
-0.847796,0.401658,1.772857,-1.275797,0.668089,2.357819,3.903032,-1.275394,-1.049612
-0.824003,0.455725,0.984674,1.603012,0.646989,1.139510,-0.006715,-0.116945,0.133305
-0.473867,0.671265,0.844973,-0.454521,1.674408,0.448029,1.145416,1.081853,0.357086
-0.011381,-0.208553,1.384683,0.986759,0.932010,0.012471,1.693867,1.293654,-1.999574
0.119011,2.331851,1.147887,1.148694,0.797340,1.270287,1.126966,2.654959,0.093573
1.162772,2.129850,-0.730870,1.579406,-0.480043,0.102787,0.231922,-0.364547,0.400614
0.452957,0.704303,-0.134177,-0.686828,0.169321,-0.059543,1.967833,1.165251,-0.180037
-0.422534,0.284526,1.119153,0.308816,0.959966,-1.046940,1.456709,-1.635406,-0.413439
1.579328,-1.359283,2.254011,-1.059117,1.381692,-0.693367,1.011600,2.158245,-0.247899
-0.159808,0.010539,1.022263,1.834842,1.141864,-0.260421,0.973357,-0.384464,0.426494
-0.983102,-0.256828,-0.699164,1.101827,0.185385,0.481263,-0.330658,0.145957,-1.648162
1.793170,0.809491,1.387814,-0.371004,0.143508,0.841420,1.941722,-0.084994,0.096544
1.396741,1.351816,-1.139210,0.274770,-0.524521,1.367339,0.340778,-0.872953,1.183865
-0.981323,1.900096,0.702026,1.283646,-1.331663,1.010136,2.150971,0.694790,0.060076
0.765164,1.214558,2.056547,0.632701,1.763969,1.127504,0.629873,1.051008,-0.300466
2.787785,0.450106,0.924764,0.274426,0.301350,3.026281,1.855873,-0.656432,1.200672
1.407121,-0.066715,-0.415699,0.290328,-0.015913,0.315588,1.999409,0.676524,-0.339959
-0.435139,-0.934333,0.218632,0.994448,-0.238044,-1.308642,1.141383,0.110764,0.683224
-0.181495,0.192758,-0.906292,0.241628,-0.405938,0.340257,1.236559,-0.008975,0.824085
1.378914,-1.389479,2.327298,0.526399,2.089319,-0.145999,0.185311,0.622519,1.064039
-0.787693,0.086903,-0.369729,-0.006274,0.701531,0.212206,2.584583,-0.456484,1.031518
2.161362,2.090047,0.975149,-0.232559,1.266373,0.684723,-0.519167,-1.468269,-0.116191
0.513338,0.269413,0.324254,2.497940,0.605303,0.099808,1.806033,2.190571,0.425057
1.672483,0.926485,-0.301333,1.302807,0.235483,1.952953,-0.102716,0.314651,-1.087330
3.168827,0.615340,1.242891,-0.728942,1.032771,0.686107,-0.116321,1.271221,-0.340709
1.987763,1.512405,0.092934,0.430751,0.232980,1.551982,0.607000,0.192223,-0.068541
0.304092,-0.507652,2.578587,0.429978,-1.023223,-0.399288,0.434058,0.676871,-0.111192
1.531253,-0.919036,-0.848218,-0.329227,0.051675,0.740607,0.202091,1.428285,0.616184
0.726774,-0.600401,0.372543,-0.596461,-0.447377,-1.261074,0.001992,0.554179,1.425569
1.764211,1.507373,1.460929,-2.100887,1.635824,-1.280027,-0.771488,-1.053862,0.571781
1.258628,-1.098869,0.312176,-0.175553,1.577947,-0.343012,-0.122399,0.086648,2.030226
0.508394,-0.145332,1.164033,1.406351,-1.880431,1.023825,0.020346,-1.023409,-0.564092
-0.429662,-0.836250,0.602586,-0.819716,0.930787,-0.169777,1.710989,-0.302243,0.519516
-0.943236,-0.028438,1.404966,-0.161974,0.127881,-0.406396,3.195295,0.102793,0.274964
0.181169,-0.352874,-1.207263,-1.386936,0.086319,-0.563956,0.120282,0.978050,0.239289
0.017930,-0.338585,0.660072,-0.139873,0.493020,0.029117,0.907711,-0.155075,1.029340
-0.832418,-0.102220,0.665118,-1.007540,0.144003,1.414215,1.113137,2.357295,0.512387
-0.406175,0.453669,1.226907,0.290482,1.775637,-0.957656,0.716213,1.670600,-1.415315
-0.275398,1.732363,1.267800,1.634432,0.240517,0.324652,-0.054877,-0.815371,-1.258001
0.152358,0.436612,2.360637,0.709153,0.673500,1.562467,0.781651,2.234358,0.821421
-0.291412,-0.532555,1.585529,0.786477,-0.716977,0.116430,-0.127001,0.277186,0.623806
-0.047186,1.150417,0.446514,-0.349276,1.523255,0.888962,2.802361,1.538782,-0.540872
0.422361,0.580636,0.296710,2.200024,1.660976,1.196018,-0.292233,0.479999,-1.336867
-0.444162,-0.164628,1.142405,-0.789744,0.636561,1.480323,0.450601,0.386049,1.739354
-1.891867,2.338451,1.175177,-0.896274,0.600691,0.854822,1.498327,0.721626,-1.119251
0.959590,0.009667,-0.217550,0.517794,1.471294,2.096597,1.821470,0.502693,1.270696
0.956800,1.116555,0.042304,0.557030,2.246326,2.927466,1.061448,0.141613,0.324691
1.745226,-0.203506,0.944281,0.265737,0.534054,0.905721,0.779964,1.139947,-0.225603
0.673168,0.420533,-0.411194,-0.422824,1.483276,-0.251215,0.559076,1.077529,-0.258374
-0.005796,-0.439558,2.171273,-0.800315,1.199440,-0.026233,0.253697,-0.437374,0.642281
0.372461,-0.731804,-0.052699,0.636433,-0.871407,-0.509326,1.665978,2.504049,0.451476
0.329078,1.385445,1.622667,-0.211385,1.160798,-0.431025,2.189916,1.727515,1.006464
0.670211,-0.056131,1.529508,0.510724,-0.583741,0.270165,1.731245,1.533161,0.976210
1.169898,1.053588,-0.042092,1.122567,1.100505,1.136031,1.523739,-0.570426,0.159716
1.060779,1.267268,0.520822,0.705013,-0.996637,-0.271393,1.206926,0.545933,1.272407
0.524136,0.953358,0.955117,1.498336,0.100298,1.398163,0.764448,0.712302,-0.051849
1.029130,1.704586,1.907253,-0.920828,0.029741,-0.455837,-0.995351,-0.100816,0.807899
1.484795,0.502754,0.501347,-1.428380,0.543933,1.536061,0.334547,0.061865,0.451116
0.599758,1.211407,0.536456,1.369931,-0.903080,-0.646836,1.562861,1.405644,-0.772559
0.738792,-0.965665,0.534377,1.787614,2.025456,2.485893,-2.020295,-0.897461,0.948560
-0.637055,1.118304,-0.752839,-0.550947,0.823997,3.487044,1.020002,-0.433855,0.338413
-0.019664,0.599025,-0.271357,-1.017655,1.967546,0.605378,2.740989,2.583488,-1.420396
0.336491,1.821241,0.795782,1.081700,0.147876,2.289528,0.990811,-0.072981,-1.034798
0.133375,-0.338412,0.987275,1.610440,0.240419,-0.355143,2.016305,1.096477,0.091380
0.944342,1.223216,0.792169,-0.792910,1.173116,0.039058,-0.264529,1.306405,1.148244
-0.448137,0.286828,0.090777,1.148427,1.383044,1.265972,0.354802,-0.022504,0.792048
-0.226570,-0.763754,1.175398,-0.250811,-1.253556,-0.537909,-0.243600,0.337972,0.188560
0.552726,0.032595,0.057099,0.706101,-0.850266,0.068475,0.611254,0.440235,0.274569
-0.969079,2.157303,0.008481,-0.590347,0.149265,1.800052,1.455815,0.930604,1.406315
0.724906,1.153517,0.798073,1.437432,-0.318374,1.889876,1.859230,2.052010,0.406483
1.180985,1.471575,0.064868,-0.312894,-0.357239,0.310552,0.142388,2.134414,0.097530
-0.905434,1.909028,-1.079083,1.924465,2.011715,1.219403,2.628986,0.976986,-0.578046
0.410964,-1.209640,1.141078,0.625288,1.594852,0.317722,-0.321535,0.056858,0.500605
0.677944,2.319311,0.966427,1.062791,-1.457692,0.036545,-0.960541,-0.477450,2.711154
-0.399982,0.919779,0.254418,0.136671,0.375279,1.647721,0.566522,-0.704440,0.973647
-0.225552,0.015983,0.401150,0.688038,0.995639,0.927546,0.985288,0.773657,0.939135
1.617987,1.027796,0.161598,1.292271,-0.217082,0.438188,0.284537,0.799967,0.224907
-1.784439,1.168069,0.070416,1.403507,1.045651,1.071964,1.079771,0.282528,-0.449229
1.713847,1.625038,1.052180,-0.917313,2.386148,1.101552,-0.058795,0.351172,-0.353157
1.334125,-0.559248,1.140058,0.824546,2.380451,-0.590815,1.157948,0.200868,-0.954653
1.443762,1.144686,0.214645,0.930053,0.345339,0.734009,0.213059,-0.559581,-0.772117
1.118199,-0.415357,0.453002,1.103851,0.537348,0.487657,1.362741,-0.336676,-1.207332
2.116276,1.717110,1.674746,0.373833,0.697737,-0.818594,0.188700,0.595041,1.153326
0.004775,0.979407,1.137200,0.130761,2.493624,-0.394443,2.002618,0.155499,0.450039
0.224379,0.789666,1.392485,-1.134937,1.071321,1.561813,2.283274,0.233798,-0.808330
0.166917,0.579584,0.483480,0.162209,1.774510,0.082693,-0.810976,1.999134,-0.872303
0.387200,1.122266,0.677532,0.638113,-0.844615,0.159623,2.797748,-0.859257,-1.085023
0.350783,0.442106,1.773126,1.528599,-0.020867,-1.072734,0.824855,-0.035525,-2.682284
1.837838,1.129165,0.078928,1.932065,1.015299,0.959213,1.341104,1.049365,2.569556
0.952623,-0.900355,2.286559,-0.942338,-0.222448,2.207078,-0.031807,1.293248,2.329881
-0.577037,-0.060011,0.275242,0.298916,-1.504289,0.404254,0.755384,-0.608644,0.458732
1.897857,2.425620,-0.264351,-0.508494,0.432145,0.941900,1.686268,0.473124,1.593749
-0.692015,1.355830,-2.149631,-0.070638,-0.081611,0.914792,1.876875,-0.124897,1.652684
-0.923110,-0.304665,-0.286552,-0.231068,-0.408857,-0.263499,-0.337849,-0.195871,1.070502
0.258362,1.665239,-1.723723,0.977228,1.131958,0.176880,0.912531,-0.999731,-0.186712
-1.436974,1.813981,1.764075,-0.751019,-0.554887,-0.342879,0.984746,-0.749828,2.424915
1.109316,0.391907,-0.233611,-0.255312,1.322257,1.605563,2.202718,0.615024,0.247172
1.407993,-1.319286,1.175861,1.167417,-0.852951,1.312699,1.172556,0.538605,0.378103
0.579515,0.777819,-0.188759,1.102133,0.471539,0.969806,0.310235,2.281187,0.477194
0.877415,0.814862,0.658244,1.192756,0.987184,1.030920,1.359230,-1.022347,0.965974
0.712081,0.890411,1.088726,2.365003,0.260109,0.394442,-0.214812,0.929011,-0.840257
-0.827015,2.038332,1.066832,-1.342483,0.501749,0.448857,-1.803256,1.524878,2.909015
-1.634891,-0.114834,0.822029,1.422921,-0.100937,2.566604,0.402916,0.554894,0.934944
-0.329495,0.201233,0.524629,-0.757989,-0.923368,-1.094407,0.317197,0.251945,0.575100
-2.455618,1.585251,0.817012,2.057236,1.078167,0.927960,0.900951,0.250670,-0.340771
0.537363,1.460275,-1.516512,-0.606029,0.468564,0.577183,0.077770,-0.628317,2.285164
1.522108,1.250067,0.885785,0.565486,0.464796,0.523058,-0.229503,0.129780,1.802880
-0.324427,0.439006,0.293073,1.391459,-1.238130,-1.022108,-0.199214,-1.469190,0.171313
-0.457224,1.386475,-0.069903,1.135243,1.445137,0.300397,-0.250595,-1.014639,2.931125
0.018946,-0.552939,2.804126,-0.294932,1.500948,0.859642,0.799876,-0.402311,1.627943
0.562660,0.715278,-0.743203,1.874192,-0.034095,1.317353,0.502043,-0.077117,2.162207
0.591132,0.018421,-0.224641,0.141801,0.127742,0.977286,1.144459,1.952520,0.196249
0.022893,1.574708,1.228309,-0.066298,-0.190552,-0.419763,0.225945,1.286276,1.450846
0.668792,2.209282,1.375702,0.366890,1.084316,-1.274260,-0.714701,0.419507,0.137304
-0.198586,1.215787,-0.545506,0.163045,0.304885,2.191280,-0.563420,-0.029643,0.223522
-0.512837,1.494312,1.433792,-1.649682,0.678937,0.993136,0.828445,1.396409,-0.170641
-0.009014,0.672574,0.813676,1.464913,-0.687540,-1.044816,1.456827,-0.505954,-0.546234
0.632944,1.517399,-0.100722,1.268174,-1.013084,0.898532,2.060956,2.064059,0.856798
0.207729,0.951173,-0.485562,0.673164,-0.242271,1.605758,1.049060,-0.357338,0.578935
-0.759105,2.128943,-0.007249,0.105238,-0.548023,0.426732,-0.488233,-0.041340,1.004380
0.148868,0.503057,0.250400,0.482409,-0.781533,0.864873,2.215808,-0.781172,-1.025399
1.207141,2.541259,0.103856,0.815459,0.083232,-0.395834,0.066639,0.870864,0.090560
0.741505,0.376688,0.543245,1.045902,-0.186268,0.454747,1.074971,0.081918,-0.045667
1.637849,-0.177284,0.306029,1.771327,-0.470313,-0.263184,0.895012,0.907918,0.426994
-0.017252,2.184339,0.187381,-0.868588,-0.145004,0.196712,1.011035,0.154933,-0.685517
-0.468577,0.689984,1.193813,3.214096,1.462258,0.275884,0.139518,-0.019387,1.402233
1.069490,1.155245,1.357084,0.510186,0.068816,-1.155235,1.491962,1.510539,1.188270
0.820510,0.974432,0.231624,-1.214577,0.087191,0.864484,1.386576,-0.186183,0.925755
-0.221820,0.811881,2.160603,2.230427,1.292306,0.624671,0.032294,0.582612,-0.134029
1.431837,-0.521543,-0.033917,0.108631,-0.341995,0.057914,0.136252,-1.694855,-0.636571
0.618281,0.001138,1.295149,1.670612,1.425807,-0.260441,0.757864,0.114456,-0.673574
0.208392,-0.427383,1.924663,0.856861,0.298914,0.707236,1.036593,0.231782,2.615377
0.811279,0.056387,1.356836,-0.544800,1.498523,0.123762,1.870530,0.649940,0.475280
0.879076,1.627306,0.561864,-0.994416,2.038804,1.073748,1.189994,-0.085203,1.993515
0.240772,0.121538,-1.495214,0.939649,2.761600,0.178233,1.846088,0.748764,-0.203249
2.172985,1.270226,-1.432599,2.518306,-0.484767,1.064534,1.245966,0.151081,-0.601586
1.363209,-1.018165,0.623874,0.667625,2.212739,1.999483,1.425171,-0.665604,-0.527976
-0.232091,-0.038576,0.007391,0.323343,-0.247548,1.667226,-0.016004,1.144895,0.781332
0.012363,1.729571,0.873655,-0.788794,1.854023,-0.890772,-1.135588,-1.192610,1.165142
0.354539,2.446198,-0.185947,1.881781,1.226659,-0.389813,2.734944,0.000945,0.446065
0.486173,0.807411,-0.671622,-0.176342,-0.209928,0.411574,3.335693,-1.094081,-0.962395
0.816406,0.088759,0.733968,0.484124,0.837192,0.100387,-1.547356,-2.591455,1.655407
0.746883,0.401777,0.761112,-0.367758,0.564378,2.259118,1.190593,0.974400,0.903383
1.272065,2.432869,2.028117,0.546183,0.894405,0.680395,2.014930,-1.180459,1.537001
1.052100,0.593687,0.884182,0.041029,-0.970023,0.158466,1.563297,1.478427,1.136123
0.189428,0.269339,0.074887,-0.164849,-2.325957,-1.824811,-0.035866,1.790743,-0.385743
-1.425388,1.050482,0.453964,-1.303177,-1.016471,0.548423,-0.628495,1.169972,1.309447
0.730711,1.261445,0.549535,-0.234207,0.618725,0.437421,1.425190,-0.079883,0.424059
1.479186,0.493067,0.907108,-1.130975,0.176097,0.454108,1.085060,-0.370684,0.618158
-0.140371,0.556340,1.294502,-1.027776,0.921899,1.609392,-0.228570,0.218029,-0.211542
1.710914,-0.416654,0.208602,1.037963,2.945233,0.548738,-0.490540,0.280388,-0.495033
0.823554,0.691863,0.849600,0.927288,0.103304,0.348861,0.703108,1.720224,0.256979
0.338492,0.925226,1.184620,0.449268,0.391286,0.383754,0.047339,0.454840,1.153611
0.991818,1.757576,0.277781,-0.403167,1.854859,0.834420,-0.980682,0.027106,0.623518
1.897595,0.810466,0.681407,-0.834307,0.419453,1.401269,1.307902,-0.543872,1.396846
1.082146,1.696702,-1.104369,2.733590,-0.543438,0.319687,0.244693,0.538584,-0.406492
-0.167794,-0.663532,0.729977,0.417166,-1.804178,-0.100668,0.281920,-0.762351,-0.093468
0.798628,-0.066033,0.449763,2.547334,1.403219,0.497245,1.177686,0.723220,0.424967
1.102761,-1.121836,0.343807,-1.714587,-0.955932,2.696306,0.253738,0.416233,-1.058254
0.709126,0.074174,0.678869,0.758285,1.886079,0.409694,0.901841,-0.151184,-0.172154
-0.558732,0.251030,0.430061,1.068149,-1.214960,-0.163112,1.684989,1.398736,1.230296
-1.000942,-0.046808,1.180886,0.668863,0.345403,1.468613,-0.214347,-0.646154,0.148693
0.421470,0.416724,-0.378882,-0.055352,0.931404,0.327046,-1.266700,1.282713,1.163673
0.259007,-0.641487,2.425712,0.409241,-0.590989,-1.212786,1.775659,0.593210,1.022696
0.498902,1.356219,1.073646,-0.910410,0.066229,0.667411,0.474133,2.532919,-1.729366
2.097656,0.652349,-0.368023,-0.273052,0.357017,1.281393,-0.012292,0.951323,0.894965
-0.089755,-1.003578,0.049667,2.463343,0.899759,-0.652810,0.411648,1.324808,0.035313
0.181042,0.358922,0.603778,0.314306,1.022482,0.592198,-1.001071,0.515438,-0.381191
-0.046018,-0.148681,0.283118,-0.476163,-0.876520,0.591781,0.864363,-0.678238,2.183760
-1.202942,1.260140,0.964315,-0.615180,1.758264,3.100202,1.311062,2.008980,1.190777
-0.256735,0.040117,-0.380357,-0.093934,1.053080,1.499084,1.144336,1.624934,1.482062
0.539404,0.768693,1.248828,1.986216,0.531369,-0.087631,1.460840,-0.032325,0.454185
0.462918,-0.202400,0.111701,-0.415881,1.563028,1.013574,-0.238128,0.642425,1.566856
0.262007,1.658383,0.856925,-1.697257,2.113132,2.396906,1.017161,1.032314,2.972019
0.343777,0.278614,0.072463,-0.605169,-0.044643,-1.254630,0.330077,0.784681,2.302230
-0.343643,1.327954,0.528651,2.022781,1.012269,1.387403,1.335062,0.647703,-0.274888
0.229344,0.371459,-0.179334,-2.006259,-0.629215,0.239644,0.028419,1.207922,-0.616107
2.576283,0.861704,-0.246408,0.773814,1.150121,0.334959,0.665423,0.726532,0.944821
-0.651313,-0.177213,0.279478,0.831255,0.977210,-0.157122,0.761289,-0.824203,-0.857927
0.382073,1.090627,0.048529,1.749208,-0.515919,-1.596943,1.239738,-1.137188,0.417044
-1.247725,1.871952,-0.193577,0.796430,1.621951,-1.562913,0.939776,1.317427,0.125748
0.725759,-1.428970,-0.364035,-0.816499,1.897362,0.315605,2.194781,0.046597,2.669096
0.944724,-0.032612,0.856140,0.191835,-1.289098,1.043846,0.138715,1.824617,0.101392
-0.984453,0.907182,0.357179,2.223769,0.486865,-0.511913,1.002842,0.359148,0.465830
0.687715,1.078453,-0.082106,-0.805739,1.415498,-1.499849,0.391156,0.188040,0.734533
1.184560,1.502506,-0.601884,0.566434,0.222590,-0.400533,1.108108,0.959125,2.133787
1.492895,-0.936865,1.608519,-0.448974,-0.170719,1.739793,-0.946615,1.847994,1.362227
1.916595,-0.270935,-0.907596,-0.160981,-0.145847,-0.101443,-0.673697,1.404205,0.147067
0.520242,-0.715292,-0.927712,1.230516,-0.823972,-1.224444,1.274788,0.813547,0.867756
-0.363186,-1.080392,0.661034,-0.142890,-0.440284,-1.006983,0.635660,1.908760,-0.454088
-0.275056,-0.642840,0.456854,-0.042119,0.231025,-0.010640,1.638590,-0.619237,-1.024449
0.742588,-1.693390,0.254221,-0.484270,0.747075,0.738519,0.926289,0.211800,-0.044756
0.144560,2.481491,-0.434370,-0.828748,0.759998,0.566118,0.547653,1.774417,0.780213
0.809304,-0.478939,1.924354,0.456397,1.016347,-0.233568,-0.509242,0.943737,-0.302688
-1.273316,-0.573319,-1.739818,-0.268483,0.930823,0.259065,-1.235189,0.447253,0.084098
0.317484,-1.273547,1.786188,1.426752,0.300670,-0.321857,2.835816,-0.973267,0.872302
1.475643,2.349174,2.670348,0.003530,1.008449,0.360679,-0.242355,1.864382,-0.504142
1.407774,1.709542,1.438210,-1.017275,-0.039558,2.383247,1.053597,1.528251,0.256561
0.565300,-2.266141,-0.197670,1.979762,3.251499,1.433474,-0.290452,1.609513,0.237483
0.754962,-0.741955,0.273604,-1.713846,-1.691166,1.418412,2.367212,-0.277486,-1.590832
0.019599,0.875004,-0.103909,-0.408204,1.287960,-0.299437,1.603479,-0.016234,1.113117
0.963077,1.410610,0.765716,0.676112,0.105323,-0.827353,1.083951,0.591263,1.628703
1.598740,1.840426,2.173051,1.912009,0.650862,0.195097,0.614633,1.763437,-1.946201
0.867883,0.521368,0.452646,-0.877120,0.757323,1.781746,-0.579259,0.337084,1.772891
-0.319331,0.672238,0.011016,0.657237,0.137812,0.653622,-1.206380,1.310066,0.697109
0.445963,0.667272,0.821666,0.671621,-0.495934,0.556387,0.291353,0.708361,-0.011685
-0.763380,1.471315,1.483858,-0.410641,0.404614,-0.666088,1.419764,1.566770,1.125522
0.476505,-0.061565,1.059029,0.748221,-1.561456,1.238100,1.399711,1.478644,-0.058523
0.775097,1.261288,0.082500,-0.056568,-0.815127,0.695117,0.995226,2.202384,1.313828
-2.730140,1.846466,2.110700,0.787059,0.367918,1.161840,0.800505,-1.130362,-0.274348
-0.943022,0.546064,-0.817087,1.054395,-0.077436,1.628579,1.895311,-1.096004,-1.747610
-0.145312,-0.255154,1.857404,1.000731,0.075618,0.851090,2.773008,1.474567,0.797053
0.920473,3.193608,-0.094616,1.241881,1.325871,1.616916,0.689456,-0.077722,-0.039781
0.425736,0.326839,-0.060021,1.204292,1.558217,1.780677,2.370834,0.941820,0.618996
0.709318,-1.283343,2.544716,-0.224875,0.291101,0.688119,0.536496,-0.492506,1.099282
1.487310,0.932182,0.959288,-0.013578,1.334636,3.395706,-0.324478,0.891746,0.891604
-0.905052,-0.443828,-1.022271,-0.356806,-0.686654,-0.128971,1.025568,0.611033,1.729157
-0.777300,0.453485,0.711132,1.073605,-0.240536,-0.056426,0.276742,0.011495,0.731791
2.196964,0.110304,1.712350,0.595680,1.017702,-0.171045,-0.684775,0.384432,-0.597738
-0.593753,0.195728,0.353276,-1.393767,-1.406296,0.279537,-0.221944,1.580668,-0.518906
-0.365704,1.505389,1.160860,0.079559,-0.258302,0.038897,0.998891,0.494624,1.857502
-0.036603,1.165269,-0.534944,0.441699,-1.148945,0.722197,0.247497,-0.008561,-0.167042
0.868041,0.490025,1.479522,1.480773,-0.866903,1.617266,-0.004438,0.685943,0.701124
0.294857,-0.787825,1.799522,0.148772,2.003367,0.467146,-0.285545,-1.785017,-0.823315
0.436944,-0.098878,0.211701,0.236194,-0.370890,3.353215,2.398987,1.395217,-0.716370
-0.984802,0.983766,-1.118961,-0.393398,0.174921,0.893785,-1.166782,0.933059,0.258821
-0.485918,0.513290,0.659857,-1.155728,-0.205251,1.681535,-0.867918,-0.060726,-0.173971
0.290499,-0.126355,0.485807,1.352213,-0.097848,2.319655,-0.723135,0.577967,0.662702
-0.184708,-0.603829,-1.242717,0.664419,-0.113938,-0.229536,2.213202,0.569030,3.466151
-0.552960,-0.397333,0.216377,-0.140710,-0.713634,0.115490,-0.830437,0.360424,-0.629886
-1.391717,-0.035145,1.312348,2.490113,-1.478718,-0.267310,0.878062,1.071415,1.389527
1.661167,-0.421188,1.540515,0.128659,-0.309803,-0.079050,0.197242,-1.976351,0.182363
0.860299,-0.773352,1.488337,-0.450404,1.114711,1.932139,2.185671,0.486888,-0.589932
-2.072426,0.132599,0.600587,-0.701052,1.644023,-1.553273,0.006268,-1.074561,-0.771838
0.567885,0.882165,-0.267166,-0.654714,-0.014202,1.444419,-0.426118,0.075414,-0.106858
0.172595,-0.365063,1.001220,-0.837459,0.560939,-0.598389,0.165147,-0.563039,1.541945
-0.667577,0.232839,-1.451777,-1.626667,0.828893,1.010155,2.220496,-0.768552,0.527060
1.483218,-1.393199,1.345478,0.041233,1.618769,2.379641,2.091473,1.270539,1.212324
1.351746,1.459610,0.344098,1.260182,1.251477,1.305825,1.399481,-0.319360,-0.497817
0.208926,-0.634491,1.210537,1.864634,-0.349295,1.464154,0.117955,-0.307277,0.338914
-0.483566,-0.627727,-0.123850,2.214735,0.647316,1.341764,2.421874,-1.104108,0.387103
0.822248,0.800715,-0.124643,-0.096602,0.827327,0.592348,-2.095449,-1.365283,-0.488181
0.814626,1.964742,1.522950,1.095080,0.155932,1.029390,0.556589,1.022158,0.451503
0.231086,2.256063,0.691583,1.445025,-1.438676,2.083178,0.508444,1.381965,0.080206
0.335772,-0.588437,1.912419,1.824533,1.620551,1.007828,1.331645,0.757670,0.483610
0.424002,-1.315397,0.198470,-0.532171,-0.432563,1.162755,0.979873,1.416850,-1.308486
-0.653112,-1.123631,3.120705,0.572525,0.432676,1.913538,-1.081306,1.732187,-0.902099
-0.031204,0.129571,-0.910500,0.440058,-1.539106,2.540841,0.006851,0.747613,1.393352
0.136562,2.229485,0.362275,-1.534825,0.630892,1.693213,-1.017968,0.332649,0.860089
1.457509,-2.594011,-1.168668,0.173166,0.981210,0.841863,-1.409953,0.596619,-1.040137
0.294628,2.211274,0.942121,1.072617,1.203725,1.376585,0.065486,3.607761,0.759805
1.421305,0.391515,-1.570111,0.910927,-0.388104,1.321783,-0.808994,-0.400300,0.703323
0.163320,1.355161,0.992363,0.578346,2.278417,0.556366,0.672355,2.247495,0.221207
-0.540434,-0.102344,1.006557,0.387155,1.076528,1.862853,1.144329,0.568899,0.847085
0.472659,0.265777,-0.704991,0.847130,1.014645,2.794274,2.631630,0.807317,2.953981
-0.329383,0.327755,1.235171,0.125324,-0.531204,1.679948,1.605925,-0.767408,0.704966
0.953488,1.761414,1.701277,0.348501,0.917541,0.288686,-0.535991,1.261950,-0.494029
-0.087022,1.080245,0.674478,-1.836368,-0.731261,1.569757,0.693343,-0.323656,-0.667753
1.094850,-0.678755,-0.870792,0.580984,0.416231,0.235965,-1.056940,-1.211188,-0.816434
-0.449479,2.887405,1.203191,-0.331782,1.129330,-0.355578,1.424497,0.933331,-1.339551
-0.261694,-1.406431,1.283374,-0.077448,0.804924,1.753038,0.326438,0.010042,1.609263
1.419538,-0.534490,0.417764,0.211454,0.600300,1.351140,-0.606896,-0.617734,0.393163
1.017584,0.858746,1.076528,0.044208,-0.025955,-0.618968,2.166611,0.331951,1.514437
0.263160,-0.247691,1.536074,1.049068,-0.749652,1.051754,1.920560,0.210288,1.304814
1.232123,0.242804,1.072298,-0.807748,0.103445,0.232795,0.379235,1.325241,0.061643
1.377672,0.643678,1.010788,0.509765,1.364188,0.384942,0.010733,-0.048347,0.313322
-0.755007,0.450642,-0.606628,-0.908974,-1.587635,1.258499,1.125329,1.691605,0.375313
1.739560,1.202154,1.488175,0.174177,0.899168,-0.558058,1.585929,1.532061,0.685564
0.077548,-1.272832,1.520906,1.403807,-0.716136,0.789949,0.923938,-0.923547,-0.297738
-0.241617,-0.237094,0.984816,0.395182,1.858140,0.637511,-0.154348,-0.353658,0.015980
0.071029,-0.566489,-0.183374,1.058268,0.306955,1.029166,-0.572053,0.296158,0.144265
-0.936412,0.139192,-0.192873,0.303712,0.998072,1.063657,1.624804,-1.099357,0.214217
-0.338332,-1.798723,-0.938516,-0.872204,-0.355934,1.243578,-0.965245,-0.988471,-0.750166
0.052992,1.080868,1.593150,1.773502,-1.149200,2.049728,0.732264,-0.775597,0.829231
-0.101472,0.239738,1.281150,1.978998,2.339422,-0.218818,0.608152,-1.090066,-0.199589
-0.767925,-0.589643,2.164189,-0.669149,-0.739998,-0.599844,1.266543,0.749125,1.389179
0.815459,0.996393,1.106813,1.059850,0.613246,1.351369,1.109358,0.232436,0.797825
0.883329,0.563601,0.375043,0.383839,-0.856560,-1.244648,0.519605,0.590933,-0.325806
0.743585,-1.694471,0.740552,0.296733,0.021044,0.727047,1.283136,0.871741,0.919734
1.607115,-0.386613,3.208891,0.401633,0.615462,0.767003,0.782792,2.616165,1.818483
2.733021,2.278382,0.758951,0.363581,0.015346,0.629672,0.636413,-0.354683,-0.718757
0.357855,0.289288,0.261540,0.650908,0.044966,1.000783,2.595258,0.089687,-2.711471
-0.494103,1.131313,-0.647410,-1.149127,1.185175,0.302554,0.968608,1.244243,0.787233
-1.256599,-1.256163,-0.523103,-0.536714,-1.332070,0.412506,1.807559,1.075680,1.656193
1.576713,-1.026369,1.073856,-0.600604,0.350740,0.427607,1.308077,1.946415,0.908996
0.661902,0.971387,1.128152,0.649694,0.337445,1.283275,1.688917,0.808397,2.330410
1.915250,-1.421328,1.773944,0.622194,-1.432419,1.568068,1.200390,0.983912,0.665635
1.131726,-0.032508,0.903451,0.362157,-0.065721,0.944202,0.732699,0.331618,1.537644
0.153646,1.000115,-0.141927,0.642467,-0.809002,-1.756443,0.079105,-0.402771,-0.570295
0.038435,-0.588754,2.303470,1.536912,0.654312,-1.053286,0.967219,0.830200,-0.129053
-0.344031,0.096413,-1.247883,0.668844,1.574824,-0.209479,-1.172840,0.288072,-1.866793
1.904016,1.158174,-0.116834,1.466796,0.328025,2.036675,-0.567235,-0.745012,-0.469636
1.200842,1.120393,2.414527,0.003249,1.300341,-0.079046,0.767717,1.113504,-0.573110
0.286289,1.137824,-0.165439,1.327587,-0.708887,0.556081,1.302717,2.016674,1.894533
-0.518233,0.193664,-1.157122,1.356069,-0.798585,0.690559,-0.169638,0.755633,0.817235
-0.717953,0.431565,0.650442,0.551492,2.818878,0.791340,0.124808,0.503509,1.009332
-2.315221,-1.073327,1.896283,-0.322100,1.750321,1.218794,2.451121,-0.783851,3.130445
0.644253,1.663295,0.440711,-1.217208,0.738158,2.265983,1.146097,-0.401314,-1.709254
0.296466,-0.073238,0.404067,0.030521,0.216043,0.474282,0.127054,1.177988,0.194999
1.768923,0.488776,-1.095579,1.562760,-0.553122,0.922389,1.230541,1.393111,-0.961183
1.767616,1.349170,0.766226,-0.452259,-1.005400,0.342233,1.071322,0.070825,-0.223475
0.469852,-0.245518,1.462339,0.404483,-0.730677,2.241032,0.817945,1.206738,0.367093
2.002370,-0.423267,1.029998,0.316376,1.828282,-0.123748,0.739799,-0.245204,0.110288
0.452415,-0.514542,-0.035128,1.377438,0.548978,0.976655,1.245802,1.532034,-0.589721
-0.475891,-0.014750,1.414594,0.673087,-0.030345,1.011849,0.850295,-0.524787,-0.391510
0.669450,2.180731,1.489715,-1.776970,-0.074967,1.155722,0.703883,0.286160,0.289700
1.417954,-0.453565,1.436110,0.783897,0.946496,1.665018,0.669267,0.742955,0.989038
0.987274,-0.596769,-1.263906,1.216520,0.251413,-1.507247,0.522567,-0.402552,-0.070003
1.426716,1.206020,-0.577559,-0.243374,-0.632149,0.289326,-0.822179,-0.019805,-0.014994
1.732652,-0.031806,0.560018,1.822372,0.593698,-0.400485,-0.310275,1.603070,0.934004
2.215455,1.491845,0.351750,0.776441,-0.440104,-0.358023,1.021978,1.324957,-0.358924
0.126843,-0.589266,1.388549,2.137777,0.633330,1.193832,-0.560693,-0.914841,0.266148
0.633606,1.961165,1.866074,0.779656,0.914508,0.837010,-0.273296,0.176075,-0.587132
1.794820,2.402938,1.038986,1.105257,1.623881,0.140546,0.661484,1.676219,0.515755
0.907156,-0.433663,3.007854,0.485456,1.473460,1.275763,0.355481,0.944517,0.663821
1.236106,0.704990,1.681610,-0.009945,0.263353,1.634507,0.976033,0.357830,-0.164622
-0.101516,0.069752,1.388616,-0.468639,-0.555449,2.039549,-0.856547,0.929891,0.578493
-0.377566,-0.092783,1.914216,-0.402368,0.198790,-0.224784,0.161029,1.753064,1.296319
0.875042,-0.259072,-0.677698,1.182956,0.106494,0.897798,-0.747422,-0.179373,0.863149
2.124155,-1.930321,-0.453630,-0.146270,2.115691,0.424479,0.977374,-0.860908,1.110522
-0.192706,-0.412139,0.766873,1.708373,-0.822876,0.875910,0.484980,-0.538459,1.972849
1.836924,0.794619,0.478498,0.775074,1.163435,-0.663550,-1.714732,-0.498784,0.182344
1.399953,-2.461039,1.005406,1.088787,1.012035,1.021130,0.611173,0.309160,-0.604011
2.200385,0.763939,-1.476172,0.753673,1.299926,-0.161794,1.769809,1.372868,-1.169727
1.967884,0.878302,-0.521462,-0.522678,-0.162700,-0.805368,2.154453,-2.047750,0.298227
-0.087002,0.883038,-0.284125,-0.278108,-0.393497,0.742428,-1.257705,-1.323685,1.961934
0.330139,1.028261,0.073264,1.188821,2.421565,0.023900,-0.513244,0.139523,-1.256160
0.119417,1.816145,-0.583520,1.689946,1.285197,1.193181,1.920906,2.110390,0.769579
0.663854,0.817420,0.320034,1.009525,0.890563,0.817567,0.742305,0.648348,2.123495
-2.837190,0.693861,1.375910,2.197545,-0.473732,0.705086,-0.454915,0.601256,-0.792187
1.322626,-0.999859,0.047926,-1.697715,0.818474,1.488085,0.691130,1.044362,0.840551
0.755327,-0.295746,0.014358,0.060077,1.261738,-0.448352,0.664395,0.625553,-1.195487
0.178369,1.942952,3.302838,-0.195725,0.624180,0.724571,1.415904,1.285310,1.148237
-0.393546,1.112702,0.931728,0.326818,-1.767073,1.782145,0.239373,0.847312,-1.057160
1.904146,0.071108,-0.348949,0.273040,0.412981,0.081353,0.461164,-0.264278,0.891054
2.764659,1.430926,-0.205146,0.942549,0.777605,-0.655817,-0.083317,1.009734,-1.199808
0.628324,2.240557,0.942768,2.295896,0.235024,1.060578,-0.283563,1.728346,0.213899
0.395482,-0.842048,1.574158,0.194983,0.250622,-0.515403,-1.894836,-0.340647,-0.305641
-0.427707,0.421792,0.683308,-0.102572,1.022360,2.512445,1.385618,0.968206,-2.501970
0.794315,1.488773,-0.916873,1.017020,-0.552710,-0.943611,2.304139,0.801540,0.143691
1.032936,0.874399,-0.362154,0.898733,1.164998,1.692827,0.935028,-0.134490,-0.094406
1.279401,0.600515,0.831121,0.388870,0.003236,0.065624,1.030040,-0.182297,-0.425197
0.431339,-1.052067,1.191269,0.224556,-0.277958,-1.244800,-0.855880,0.197425,-1.751412
-0.216268,2.130326,-0.150405,0.975615,-0.309243,0.720406,0.940214,0.679824,2.116352
0.634742,-1.202385,-0.139546,2.105526,-0.234623,1.836143,1.313889,0.361676,0.854180
-1.258508,1.219057,-0.258404,0.146133,0.989741,-0.112481,1.275570,1.468770,0.949647
0.953158,1.032038,0.980078,1.826656,-0.439313,1.964541,0.878863,0.595708,0.712661
0.891697,1.676607,1.426989,0.184145,0.511938,-0.311811,1.950496,1.799340,2.043114
-1.510505,0.974377,-1.834757,-0.930640,0.727607,-0.239210,1.174276,-0.024349,1.141576
1.112875,0.763078,-0.318834,1.074172,-0.073818,0.635544,0.901642,1.214936,0.084896
0.350120,1.255491,0.321820,-0.370157,0.767587,1.750833,-1.121923,0.330947,1.120941
0.309874,-0.004299,1.167362,-0.080522,-0.041908,0.799773,0.280016,0.203929,2.827933
-1.270133,-2.499614,0.984570,0.515637,0.123734,0.453126,1.540615,1.198054,0.254316
-0.117115,-0.281872,1.442933,0.008346,-0.521736,-0.929145,1.575444,0.292078,0.406474
0.452556,0.686781,0.176584,0.523529,0.995988,-0.043838,-0.245796,0.579851,0.047751
0.836311,1.041609,-0.585219,0.152588,0.558241,2.646661,0.572346,-0.997880,1.499590
0.616227,0.404648,-0.770693,-0.255744,0.934804,-0.251200,1.574737,-1.067957,0.272037
0.543475,0.049528,0.745313,0.646170,-0.451467,0.581604,-0.086709,-1.196991,0.368792
0.215548,-0.594391,-1.026525,0.118851,0.557245,1.740268,0.283850,1.345350,-0.347845
1.904885,-0.326088,1.655646,-0.290170,1.250051,1.062071,-0.030958,0.316111,1.876662
-0.238627,1.680755,0.139944,-0.213170,0.849700,0.945772,0.445598,-0.455677,1.247075
0.283639,-1.250951,1.086902,-0.520372,1.917125,-0.579487,0.425155,0.060230,1.201036
0.020563,-0.590912,0.724187,-1.081621,-0.444013,1.944460,2.407925,-0.096071,1.807889
0.968020,0.045313,0.226554,1.394411,0.024779,1.039031,1.123230,1.292372,-1.538031
0.200976,1.950259,0.123163,0.052101,-0.697432,1.187500,0.477237,-0.933618,1.716820
-0.078763,1.118569,-1.442759,2.570385,-0.130994,0.623148,-0.242179,0.569721,1.246536
0.276654,0.652533,1.392716,1.809505,-0.298790,-0.550434,0.307395,1.141208,1.177828
-0.091544,-0.206252,-0.367988,0.059833,0.907779,1.567899,-0.381780,-0.876686,0.402563
-0.394549,0.244612,1.436484,-0.143937,-0.671104,0.541953,-0.084642,0.425791,-0.203048
-0.686209,1.059888,0.936865,-0.148156,-2.051550,0.260817,1.126514,0.345126,-0.188140
1.079624,-0.069261,0.692575,1.383055,-0.603547,0.428681,0.874618,0.674744,-0.640512
0.161224,-0.285661,0.069509,-1.906456,-0.371669,1.010418,0.719015,0.414615,1.037291
-0.230542,0.301929,-0.767664,1.156834,-0.173210,-0.613504,1.697855,0.533238,1.360939
-0.491620,0.046747,2.170868,0.641182,0.501398,0.878446,-0.579305,-0.210952,1.176022
1.100158,-0.004727,-0.255674,-0.454931,-1.071216,-0.578422,1.352106,-0.027802,-0.064007
2.215587,0.701145,1.247024,0.269898,-0.073212,-0.249023,0.470098,0.868973,-0.344582
-1.841024,1.674754,0.082412,0.822535,1.227479,0.462006,0.061363,0.114738,-0.183515
0.816163,-0.456342,0.931073,-0.360440,2.552492,-0.400252,1.734204,-0.124076,0.892749
-0.031188,0.122763,0.524710,-0.779985,-0.000566,-0.038586,1.988120,0.108873,0.525341
-0.533577,0.514570,2.455381,0.477525,0.450830,0.627279,-0.929723,0.634177,1.405460
-0.385733,0.902798,-0.660107,-0.763901,0.042748,3.759991,2.283009,-0.833441,1.135492
-0.327635,1.135470,0.224715,1.800763,-0.991839,1.316867,1.747364,0.216906,-0.347823
-0.413560,1.347415,0.225616,-0.612049,-0.679945,-1.162379,0.883347,0.227605,-0.665481
-0.300486,1.222715,-0.156121,-0.494887,-0.768152,-0.510651,1.463123,0.603975,-0.473048
-1.485707,-1.176650,-1.023281,1.265865,1.254948,1.063366,2.071125,0.687068,2.458509
0.259534,0.384737,0.884401,-2.028969,-0.856256,-0.217762,0.958810,1.334575,-0.372627
0.260430,1.554568,1.228930,-0.925363,-0.125892,1.224438,1.682156,-0.925054,-0.416138
1.374909,-0.785825,0.952547,-0.351517,-1.421794,0.389905,0.443355,-0.945177,0.757478
-0.114616,1.851143,-1.407941,1.086810,-0.745010,0.101580,-0.872848,1.497718,-0.230783
-0.785818,-0.051747,0.202233,-1.797630,0.638105,1.602771,-0.525640,-0.833677,-1.085946
-1.787589,-0.100537,1.400906,1.029909,-0.076932,1.095617,0.493570,1.751542,0.979884
0.887424,-0.227539,2.803610,1.297161,-0.717489,0.427943,2.505039,0.158026,-0.041965
0.088315,0.958715,1.045845,0.386858,1.624701,1.690449,2.250738,1.287189,-1.093847
0.791758,1.630829,1.880041,1.576863,1.350631,1.731051,2.154648,-0.216303,0.808680
1.246994,0.479003,-1.299486,-0.128183,-0.489237,-0.814302,0.304611,-0.842102,1.010424
0.223199,1.609138,0.224858,-1.032438,0.272624,-0.045998,-0.438884,0.681378,-1.322716
0.969219,1.020428,-0.421184,-1.659202,1.655130,0.983702,0.710777,-0.792560,0.139842
1.034763,-0.120746,1.585004,-1.650837,0.188219,1.366828,-0.213410,-0.731453,-1.378856
0.852520,1.343161,0.349998,-3.641807,-0.107043,-0.256997,0.999034,-0.511826,0.281661
0.764673,1.535459,1.274505,0.883909,0.607556,-0.869280,0.234865,0.905907,-0.707521
0.647694,-1.255079,2.344689,0.529902,0.757911,1.172729,1.064096,-0.538660,0.215928
2.446124,-0.499854,2.418598,0.602381,1.813472,-0.131339,0.845662,1.127411,3.023767
0.779043,-0.700502,1.682715,0.991706,0.004862,-0.274578,-0.964531,2.995256,0.364091
-0.635266,-0.611594,-1.201620,0.265201,1.084441,0.832317,1.297543,0.641037,0.248822
0.629565,2.475216,-0.333577,0.591795,0.427662,0.215587,0.363769,1.127492,1.292850
0.290766,-0.182569,0.938515,1.501118,0.634850,0.241799,0.235418,-1.500817,0.299358
-1.535694,1.011968,2.166382,1.632514,0.533891,1.270542,1.324562,1.385418,0.090771
1.623335,0.932748,-1.200966,0.401029,0.714876,0.235218,0.691768,0.207183,-0.980337
-1.003629,1.031866,-0.631125,0.826461,0.141441,0.432793,0.623204,-0.976553,-0.174407
0.247011,-0.837181,0.110379,1.839579,-0.518595,-1.704324,1.681185,0.825611,-0.023518
0.318389,0.727401,0.349375,0.762088,0.746766,3.133981,1.483297,0.894854,0.391999
0.900218,0.715851,-0.377330,-0.057845,-0.521810,0.039493,-0.159823,-1.272119,-1.785084
0.187281,-0.076386,1.294620,0.511241,-0.463977,0.341979,-0.317741,-0.047730,-0.450765
-1.805449,-0.914923,0.230028,0.573891,0.046159,1.093851,0.734951,-0.752529,-1.909882
0.516239,1.359258,1.421311,-0.007758,1.455675,1.706854,1.497706,0.760301,-0.164371
0.109286,-0.588740,-1.224808,-0.834079,0.103083,-0.063738,0.577066,-3.123677,-0.653811
-0.564190,1.509588,1.157116,0.622459,1.042446,1.438851,0.640721,0.204204,1.335731
-0.267206,1.660698,0.944948,-1.626881,-0.170949,1.142799,0.132200,2.052044,0.586899
0.336149,-0.057222,0.876227,-0.982165,1.147300,0.243295,-0.790033,-0.134060,0.135570
0.865490,1.882724,-0.621942,1.768314,0.622154,-0.007626,0.435299,-0.212024,-0.408600
1.152656,-0.352334,0.421774,-1.344637,1.293533,0.251293,-0.211368,1.288329,2.298080
0.943501,2.061009,1.588779,0.107720,-0.488268,-1.553865,1.141671,-0.108448,-0.646284
0.337159,-1.061761,0.568506,1.024929,0.741154,-0.985906,-0.374719,-0.197412,-1.139817
1.177576,1.085428,-0.169751,1.615657,-0.873415,0.554315,-0.062009,0.383061,0.833346
0.260520,0.192134,-0.184362,0.284116,-0.333498,1.037499,1.165916,1.369544,1.248470
1.032030,1.202794,-2.105999,2.209154,0.526442,-0.364717,0.463115,0.128905,-0.365563
1.076784,1.274971,0.260273,-0.262780,0.462994,1.221723,0.444462,0.130461,0.841085
0.371587,-1.899452,0.635495,1.327862,0.588674,0.410281,0.659621,-0.007729,-0.189937
-1.018858,0.652055,0.820985,1.903255,-0.677788,0.749108,-1.042379,-0.724905,-0.580539
0.377281,0.660137,0.353603,1.206351,0.746503,0.859870,1.525646,-0.060260,-0.592794
1.044011,2.068985,0.486214,0.795464,0.941400,-0.501836,1.045734,0.453507,-0.002915
1.840547,1.556777,0.066613,0.392923,0.987264,0.424000,-1.138547,1.462555,1.229129
1.297043,1.108710,0.787298,0.981626,0.938837,0.024505,0.707074,-0.817672,-0.356291
-0.690722,0.566740,0.115205,-0.725566,-0.191517,-0.430829,1.020377,1.466889,-0.352251
-0.246230,0.041502,1.590785,-0.186685,1.422823,0.716133,1.876816,-0.559627,0.222850
0.290177,0.520139,0.521644,0.058470,-1.370046,-1.283377,0.630382,0.149251,-0.080646
2.127022,0.786003,-1.033295,-0.332969,0.714128,1.981517,0.750762,-0.537330,-0.800190
0.501084,0.556462,1.465213,-0.935818,-0.536983,-0.918407,1.171984,-0.770308,0.529596
-0.106888,0.539038,-0.481353,1.012998,-1.564096,-0.397062,2.779270,-0.667865,-0.936896
0.247911,0.412494,0.709407,-0.481299,0.772660,0.119710,0.949930,-0.826437,0.552290
2.079041,0.532619,-0.234718,0.560868,0.858478,0.453672,0.962513,1.834367,0.830501
0.542408,-0.770888,-0.154732,-0.240033,0.653901,1.472023,-0.878300,-0.065580,0.976841
-0.911328,0.570391,-0.625417,0.699046,0.073753,0.439795,1.310638,0.931696,0.335264
1.050125,-0.077381,0.963974,1.405646,-0.194856,0.632432,0.505012,-1.024855,0.560401
-0.582022,0.167947,1.024766,-1.060270,1.133954,1.810524,0.012799,0.413816,0.832188
0.313803,-1.209052,0.412688,-0.928353,-0.081003,-0.134615,2.481959,-1.055400,1.440676
0.162092,1.121815,-0.310645,-0.466238,2.706982,-0.884801,-1.286164,-1.036768,0.481452
0.362908,0.145647,0.153095,0.449365,0.814857,0.945748,1.680387,0.976722,1.103908
1.282789,1.447402,2.251022,-0.589310,0.522795,0.309066,1.969427,0.721319,1.255193
1.258472,0.408242,2.846675,0.008572,-1.130327,-0.122246,0.559942,0.979628,3.391539
-0.821024,1.367055,2.201939,-1.066210,0.166521,-1.155154,0.571157,0.791567,0.947470
0.106469,-1.093722,-0.227546,1.211572,0.966085,-0.360715,1.040063,1.264206,0.502949
2.340125,0.706074,0.179986,0.291375,-1.538679,1.196037,-0.367768,1.712448,0.637787
-0.043609,0.799922,1.315903,0.233802,-1.478427,-0.011522,0.133455,0.412083,1.257399
-1.373338,-1.137703,0.650833,1.188029,0.091826,0.546695,-1.109713,-1.002547,-0.055046
