0.464033,0.371314,0.661986,0.303189,0.539820,0.342121,0.394413,0.560314,0.423228
-1.592709,1.048188,1.946046,0.886657,0.612873,0.856644,0.559009,0.669777,0.439839
-0.543556,0.471425,0.218140,0.664699,-0.484384,0.096083,-0.079059,1.013803,-0.680164
0.386045,2.470684,0.889890,-0.001904,0.104167,1.398365,-0.233332,0.132697,1.503833
-0.675050,-1.145530,1.048500,2.063544,0.126371,0.420038,0.883997,1.386955,-0.464090
0.050957,-0.471742,1.172091,0.283148,0.041616,-0.730516,-0.511582,0.358339,0.629552
1.547923,0.174709,0.235606,0.103408,0.748734,-0.355163,0.198376,2.003848,0.142034
0.983723,0.223692,0.277343,-1.442615,-0.005922,0.980600,0.917864,0.291956,0.964360
-0.799836,0.705838,0.690850,1.351940,-1.084072,0.444069,-0.730972,0.851598,1.389819
-2.004597,-1.091103,1.793292,-2.156406,-0.884283,-0.146908,1.291514,1.413890,-0.107087
0.941110,1.124739,2.078588,-0.193355,1.024514,0.051411,-0.768690,-0.554638,-0.220415
1.737414,1.338611,0.632019,0.455243,-0.303817,0.510290,1.448866,-1.458916,-2.519994
1.408286,-0.215625,-0.126424,0.754458,0.849101,0.691871,-1.066185,0.339230,1.279187
-0.846214,0.546636,0.178458,1.404316,-0.293971,1.102056,0.943132,-0.564985,-0.004585
-0.706564,0.027335,-0.200013,1.123462,2.138866,-1.093698,-1.866976,-0.377097,1.467048
1.371864,1.651263,0.791563,0.770318,0.778733,-2.403901,-0.967805,0.597588,1.173567
-0.825245,-0.500652,1.217819,1.078265,0.797691,-1.114836,0.442520,2.082066,-0.164981
0.781065,1.692696,0.887223,0.113956,0.552147,0.591235,0.686382,0.937999,1.242871
0.847574,0.929793,-0.684379,0.062325,0.148135,-0.219949,0.308613,0.100586,1.084257
1.049721,0.363362,1.303761,2.678626,0.353696,0.464602,0.823891,-0.421293,-1.374762
-0.390651,-0.033185,0.702935,0.401766,0.645620,1.321837,0.423319,-0.701786,-2.989358
0.853089,0.912691,-1.557349,1.204016,1.951283,-0.108666,1.075707,2.048398,0.727955
-0.490133,0.714998,1.139236,1.101545,-0.043772,0.745602,1.692757,0.379899,1.043418
-0.017912,-0.058853,-0.193571,1.350809,0.521503,-0.555562,-0.369534,1.263017,1.217096
0.434978,-2.314729,0.378119,0.402690,-0.810385,0.794507,3.374728,0.397813,-0.102707
0.678513,1.156658,-0.682136,2.205566,0.494884,1.303913,0.574807,0.044948,-1.251142
0.273634,1.376543,1.242526,-0.345027,1.015488,-1.713474,1.910786,-0.671402,-0.914320
-0.038751,0.323906,0.725828,0.838988,0.325626,1.128142,1.490332,1.427639,1.343714
-0.007656,-0.400263,1.491766,0.187575,1.023625,-1.775144,0.591176,0.198419,0.046776
-0.574017,2.147961,-2.052008,2.273120,0.847900,4.289755,-1.483687,-0.204504,0.970795
0.132339,-0.395220,-0.538297,-0.710978,1.823139,-0.553355,-0.367626,1.108882,0.847474
0.477052,-0.196160,-0.880740,-0.603693,0.792503,-0.616971,1.583649,0.306477,0.012638
1.314423,0.084021,-0.068387,-1.080934,-2.183056,1.528529,0.087056,-1.511581,0.753905
0.859502,-0.349455,0.254999,0.364956,0.759860,0.186274,0.835886,1.293109,1.561998
0.223237,0.427578,0.210067,1.374431,1.186672,1.732332,-0.268898,1.157808,0.961963
1.495964,0.069871,3.102802,-0.932010,-0.974538,1.570460,-0.995203,0.713791,0.428625
-0.287159,0.679239,0.298654,-0.307816,2.035415,1.393636,0.261154,2.243103,0.117956
1.693090,2.294306,0.186883,0.029482,0.874139,0.042032,0.046033,-0.677991,0.263630
-1.236775,0.395833,-0.275027,-1.064317,2.143152,2.208181,-0.623537,0.399510,0.700595
2.478252,0.130626,2.413474,1.022437,1.016635,0.935498,0.389737,0.717040,2.738762
-1.172012,0.498421,0.177028,-0.476743,0.692124,1.697116,0.116698,-1.103602,0.511535
1.871308,-0.835066,0.791660,2.627580,0.918836,0.014184,-0.166140,2.010472,0.740394
1.857216,-0.130757,1.321678,0.797832,-0.497825,1.435412,0.692486,-0.779415,1.542401
1.515707,0.622963,0.685153,-1.587578,1.395270,-0.873327,0.207580,-1.353033,-0.287634
-0.595255,-0.132918,1.012783,-0.417746,0.048446,-1.560297,0.470257,-0.251863,1.578717
-1.520472,1.318782,2.383143,-0.887817,0.712247,-1.924719,0.023172,0.823142,0.909375
1.075718,0.910450,0.116651,-0.206839,0.440624,1.171099,-0.259315,-0.583816,2.038480
0.477535,0.377043,0.426768,-0.289950,0.639890,1.297385,0.212990,2.987311,0.020363
0.657340,0.931577,2.102691,-0.462696,0.073100,-0.444029,0.718151,1.228969,0.659803
1.319459,1.276915,2.008246,0.044621,2.153299,0.934671,-0.198059,0.515196,0.894235
1.959870,2.337523,0.701532,-0.592213,2.346658,0.925739,0.651904,1.349619,-0.875299
0.301534,0.908430,0.417717,0.179656,0.522868,-0.046266,-0.311832,0.257929,2.812999
1.298277,0.973095,0.418274,1.379336,1.559667,1.758259,0.867308,0.508294,0.934616
0.473509,0.662688,0.789900,1.294041,1.855838,-0.292898,0.403792,0.950362,1.108670
0.319204,0.389338,0.728587,-0.186381,0.011431,2.210775,0.680923,1.465979,1.493335
2.961968,0.899985,1.812273,0.450262,-0.001886,-0.201684,-1.601521,0.510732,1.275971
-0.116764,1.135311,2.840577,1.578063,2.234934,0.863845,1.017338,0.643017,0.613371
-0.549792,-0.989047,0.521100,-0.923586,2.254403,0.985292,1.099945,-0.383171,-0.419312
0.295298,1.706888,0.891824,0.474414,1.374074,-0.022750,-0.632353,0.811323,2.451840
1.639776,0.122040,1.246885,0.885177,1.612307,-0.799327,1.651701,3.057934,1.857287
-0.112911,-0.725085,0.907140,0.724382,1.376087,0.335119,-1.092279,0.622802,0.329695
-0.092442,-0.906278,-0.619284,-0.165372,1.108512,-0.031401,0.496424,0.484818,0.173023
0.447052,-0.615617,1.471718,-0.119625,0.467497,1.313132,-0.383408,1.516798,-0.514692
1.103075,-0.098358,-0.428351,-0.106892,0.056104,-0.309006,1.047706,-0.689772,1.700721
-0.688772,0.426307,-1.752597,-0.394938,0.876656,0.909217,2.184994,-1.608052,0.702494
0.442109,2.491072,1.156863,0.958582,2.710304,0.585959,-1.076267,0.547351,-0.198723
-0.417763,-0.463736,-0.198450,-1.060102,-0.249049,0.794362,1.765499,1.115935,1.065085
0.308646,2.108423,-0.885234,-0.537918,-0.014288,-1.139135,2.194239,0.372216,2.036493
1.328617,-0.451256,0.931664,2.180403,2.829541,-0.557474,1.109563,0.587350,-0.018178
-1.730820,1.708716,0.285104,-0.410840,0.289971,-0.458494,1.288594,1.305065,0.845921
0.871092,-2.469768,0.195588,0.381060,1.141857,0.436238,0.204388,-1.132914,0.127791
0.933368,1.820010,-1.044737,0.002442,0.175630,0.001191,0.606227,0.602279,0.449867
1.870132,-0.201393,3.030734,0.089642,-0.454789,0.906508,1.292814,2.406454,1.116909
-0.054440,0.806303,-0.600202,0.584128,0.643395,0.923618,0.552407,2.427246,-0.838929
1.389631,0.371260,-0.084871,-0.845228,1.007580,0.816912,1.406335,0.041388,0.594750
0.733653,2.223648,2.177994,1.157564,1.210580,-1.346490,3.173176,0.383590,1.101530
1.573450,0.858217,0.309133,0.823492,0.812747,1.375934,1.710002,-0.681638,-0.705558
1.025780,0.377636,0.747178,-2.747379,0.447140,-0.822645,-0.138466,1.159619,0.449876
1.686359,-1.556209,0.862872,0.593221,1.545537,0.200816,0.405844,2.844132,1.345366
-0.605362,-0.112927,1.648168,0.649363,-0.765136,0.997575,1.106272,0.942219,-1.226373
-0.876842,1.700674,-0.618364,0.877685,0.423243,1.358150,1.337836,0.561079,1.261697
0.380141,-0.106016,0.445233,-0.623701,-0.068299,-0.437423,1.045221,-0.807693,1.510641
0.441380,-0.944756,0.276544,-0.962564,0.228577,1.003334,0.023233,0.767934,0.136797
1.653916,-0.732709,0.044895,-0.121770,0.478965,3.115990,-1.348731,1.079797,1.679712
-0.601441,0.338442,0.746853,0.796416,-0.106026,0.441122,0.874746,-0.335121,-0.649678
-0.659922,0.616021,0.594563,1.159515,0.461147,1.667433,1.902560,0.764422,1.906282
1.391308,1.215098,0.548201,0.747350,-0.692256,0.202347,-0.951663,-1.257891,0.657975
0.452759,1.107170,0.669559,-1.337130,-0.419721,1.301868,-0.455980,0.138593,0.415752
-2.246636,1.479536,1.339680,0.988954,-0.710508,-0.211596,0.254634,0.698415,1.739305
-0.500419,1.156938,-0.533819,-0.493312,2.335954,0.910776,2.007798,2.509677,0.676748
0.723793,1.392610,-0.659436,1.727482,-1.415753,1.038361,0.910897,1.182066,-0.274108
1.005439,-0.837058,0.633352,0.489197,-1.256430,2.047820,-0.639799,1.839251,-0.141270
-0.205178,0.222898,1.560708,2.413921,1.370589,0.120889,0.364183,0.994426,0.285961
-0.051261,1.068334,-0.549209,1.643613,-0.014769,0.159481,-2.387196,1.126045,0.746679
1.197995,-0.454292,1.857187,0.057890,1.279162,0.893088,0.708565,0.295012,-1.611513
1.778650,0.611555,-0.441585,1.351450,1.738800,1.247742,-0.064707,-0.433866,0.827453
0.721105,2.369927,1.290977,-0.154983,-0.202332,0.173812,0.387667,0.418156,2.203122
1.945722,0.089048,0.379724,1.043031,0.335446,0.571285,1.755218,-0.699811,-0.574231
3.197931,1.510048,0.164651,-0.256110,0.177651,1.679675,0.212069,1.120731,-0.462272
1.562065,-0.662160,0.082056,0.547535,1.016391,0.728872,-0.085956,0.395758,1.763453
-1.373454,1.535139,0.203467,-1.905303,0.811026,-1.112364,0.254679,-0.352555,-0.977610
-0.380757,-1.008283,1.409321,1.144752,-0.547296,0.348697,-0.041271,0.371240,-0.881922
-0.874446,-1.319085,-1.333068,-0.027840,2.531862,-0.092416,-0.484338,0.115348,0.091140
0.781474,0.463518,1.669451,0.067609,-0.402675,-1.068167,-0.363502,0.142472,0.192393
-0.915501,1.451729,-0.088433,1.079236,0.184423,0.817064,0.823376,-0.357561,0.333654
-1.247594,0.876460,0.651862,-1.373305,1.660977,-0.575983,0.009445,0.369343,0.407326
-0.494064,0.743683,-1.205688,1.319542,-0.684869,0.811040,0.936165,0.143812,0.006192
2.508132,1.502954,2.914799,-1.339683,0.826557,-0.387843,1.029908,1.673722,2.293681
0.118488,1.382454,1.766802,0.867705,1.532611,0.795860,1.284955,3.437787,0.685178
-0.120864,0.472683,-0.907880,0.633849,0.534101,-1.642912,0.147072,-0.676502,1.161474
0.401741,-0.589077,0.028259,-1.407699,1.806664,-0.037382,0.281123,1.746031,-0.923508
1.709357,-1.463843,0.214877,-0.923599,0.881343,1.020381,-0.874474,0.755329,0.243510
0.828743,0.554549,0.578782,-1.935006,-0.815561,0.937931,1.121178,1.873479,1.659286
0.529803,-0.050368,-0.043724,-0.277305,0.304179,1.594185,-0.669530,2.495650,0.671104
-0.550510,1.126151,0.051751,1.150553,-0.107343,-1.344057,0.423808,1.884334,-1.007412
-0.637406,-0.264658,1.158436,1.499227,-0.012802,-0.081727,0.090735,0.204710,1.388013
0.118833,0.354668,1.137693,-0.312679,-0.968050,-0.258067,0.682455,0.562510,0.600674
-0.325347,0.149643,0.395723,0.152259,-0.636101,0.030825,0.787408,0.041000,0.772905
1.491166,1.503872,1.350820,0.080078,1.142707,1.696767,-0.194416,0.599052,1.271596
-0.943252,0.748382,0.906155,0.643551,1.629393,1.180824,0.246969,-1.517884,0.123031
0.335352,-0.497964,1.015472,0.122732,2.151406,0.776944,-0.343668,1.497003,0.110266
0.714464,1.188547,1.420573,0.979354,0.866553,0.359554,-0.526258,-0.539894,1.237112
-1.278557,-0.066659,0.365254,-1.407567,0.430421,-0.116722,1.515301,2.630013,0.639639
1.436277,1.607215,-0.097969,-1.597722,2.949715,0.841231,0.890430,0.230176,0.351699
1.746380,1.001960,1.816625,0.283357,-0.934439,0.873923,-0.786522,1.620630,0.303121
2.451820,-0.649234,0.579403,-1.258423,1.831501,0.323705,-0.114984,1.783646,-0.421723
0.791857,1.875417,-1.339567,0.812525,0.561501,0.679072,-0.630375,0.536941,-0.077281
0.090611,0.301596,-0.606095,-0.813836,0.655269,0.587838,0.385944,1.518824,1.489111
0.396055,1.670330,1.999497,0.996543,0.042201,-0.691075,0.179071,-0.255884,0.935546
2.425754,-0.687883,0.391766,1.546342,-1.094870,-0.435375,-0.752985,0.315950,0.203306
-0.261063,1.827466,0.364648,-0.141535,2.064838,0.135517,0.674260,1.767889,0.483505
1.566626,2.775884,0.445947,2.884165,1.229364,1.537391,1.490714,-0.673902,0.594950
-0.459797,1.380093,2.304507,-2.445082,0.377616,0.582162,0.432880,0.741149,1.236003
-0.530748,-0.889132,1.966157,-0.627371,0.262409,2.003635,1.027052,0.180557,2.677134
-0.155651,1.004431,-1.385339,1.041549,1.998801,-0.162366,-0.829950,1.177475,1.889180
-0.093528,1.492893,-0.322115,1.679349,-0.818746,-0.794594,-0.372159,-0.685689,-0.403979
2.151608,2.422603,1.216417,-0.035531,1.234863,1.228352,-1.240604,1.454002,1.860521
-0.284679,0.532783,0.065010,0.141736,0.678656,-0.302897,0.362047,-0.862768,2.494453
1.966034,0.291790,1.021475,2.241485,0.534476,1.013984,0.770702,1.196924,-0.924370
0.323525,-1.200037,-1.457177,-0.176623,0.708485,1.885562,-0.300418,-0.382461,0.867236
0.801739,-0.843157,-0.465864,0.890191,-0.106187,0.758566,0.330710,-0.120392,0.816354
0.722963,-1.213421,0.482187,2.139235,-0.316787,-0.303294,0.494592,2.012907,0.662201
-2.077477,2.267787,1.317562,1.115793,-0.285653,1.049411,0.938834,-0.158821,1.381797
0.210726,1.094597,0.072323,-0.767945,0.624274,-0.426743,1.407116,2.667392,-0.718918
1.685155,3.005307,0.613655,-0.285649,-0.859489,0.190017,2.540977,-0.126086,-0.230379
1.888894,1.085095,0.748046,0.796194,0.943624,2.058679,2.012548,1.411045,-1.880559
-0.080516,1.980248,0.985114,-1.435921,0.347155,-0.150637,1.333294,1.449893,1.360104
-0.929259,1.835562,2.681337,-0.184434,-0.005447,2.982400,0.262372,0.574909,0.387490
-0.914313,-1.084309,0.486390,1.113794,-0.769344,-0.655740,0.496681,0.213628,-0.055763
1.259379,0.901423,0.939198,-0.040821,0.682772,0.515449,0.369255,-0.415844,1.248282
0.245971,1.205399,1.694249,1.154167,0.753587,0.321608,2.135090,0.761590,-0.386631
0.920791,-0.348562,0.844803,1.108023,1.012457,0.204093,0.659153,1.137280,-0.323665
1.038806,0.045538,1.881771,-0.160446,-0.744843,-0.615899,-0.555966,1.494005,-0.542330
0.087585,0.765798,0.172094,1.481050,0.970840,3.372905,-0.203349,1.151330,-0.510330
1.348655,0.612021,1.347729,-0.332982,0.555325,-0.919920,-0.849287,0.776672,1.247706
-0.007451,-0.582120,0.703122,2.104633,1.038220,-0.389635,0.593977,0.356593,-0.059178
-0.501488,-0.944849,0.893635,-1.632690,-0.780351,1.696531,0.198826,0.546577,-0.666694
0.823151,-0.297284,0.912227,-0.050503,1.579675,-0.568852,1.155649,-0.591854,1.575247
0.657414,0.349336,0.461357,0.080645,1.275689,-0.346350,0.407747,1.843819,0.560830
-0.929701,0.903794,1.300184,1.073601,1.547479,0.353685,0.320123,0.783311,-0.141536
2.094965,-0.702465,2.435697,-0.524966,-0.305629,0.357691,0.861092,0.502675,1.440793
1.260267,2.045255,1.086163,-1.919704,0.202471,1.233446,0.600113,0.234283,0.443004
1.215589,3.614186,0.987220,1.425812,-0.582167,-0.568276,1.999286,-0.976172,-1.165096
1.554260,0.249226,0.303925,0.637775,-1.779399,0.384946,0.458168,0.390201,2.494134
1.594811,-0.023785,-0.048795,0.145066,1.315864,1.622185,-1.686489,0.483645,0.636791
0.861633,0.678824,0.865177,-0.550394,1.481692,-0.037959,-0.737116,-0.319985,-0.815997
1.996261,0.714195,1.533821,0.614820,-0.613063,2.093434,0.623162,-1.733417,0.336334
1.167752,0.457163,0.323520,1.202609,0.809106,2.102934,0.600834,1.476459,0.011375
1.484113,-0.520095,-0.272373,1.496195,1.915995,0.501552,0.185465,-0.776690,-0.044139
2.848765,1.951346,-0.967342,-0.666639,0.171004,0.274168,-0.122187,1.689268,0.549423
1.271392,-2.408442,2.344551,1.617843,0.774182,1.135131,0.452997,2.242647,0.308513
0.331048,1.231932,0.497240,-0.352158,0.669971,-0.051495,-0.214532,0.337733,0.000153
0.376523,-0.454987,-0.207473,2.501309,-0.781159,-1.717100,-1.372585,-0.145270,-1.547764
0.346924,2.041437,-0.359325,1.810485,1.190176,1.821780,-0.206649,0.463296,0.262528
0.653472,0.706999,1.105412,2.264470,0.898985,-0.959324,0.711666,0.750448,2.219725
-0.835451,1.498143,-0.361930,-0.666913,1.835658,0.614321,0.332090,1.920085,-0.160053
0.944429,-1.146362,-0.006197,0.623171,0.571311,-0.748986,0.922832,0.217885,0.534188
0.208534,0.401926,1.496962,1.702863,0.921923,0.674737,1.036698,0.417326,-0.334091
2.644061,-0.442948,-0.751773,1.444225,0.831042,2.352964,0.581509,-0.488357,-1.040773
-0.394724,1.312411,-0.310524,0.768273,2.524990,-0.126469,-1.249419,2.084493,0.899027
0.523885,-0.282215,-0.333534,0.017272,-1.481153,-0.750972,-0.446849,-0.541575,1.772475
0.564977,1.718255,0.469970,1.208416,0.212736,0.944323,0.687614,1.828472,1.972354
0.771913,2.258857,0.015105,-1.576847,-0.883682,-0.766627,0.249508,0.600856,1.658825
-1.539819,1.107858,0.276910,0.670234,-0.054214,-1.337299,-0.556498,0.422590,0.711218
0.072695,0.927984,0.204670,-1.318342,-0.089079,0.438954,1.573139,-0.762246,0.424971
0.576009,-0.205461,1.979134,0.417762,2.305996,2.749833,0.735602,1.339189,-0.628464
0.693607,1.120953,-0.316757,-0.359328,0.887167,-0.423132,-0.081708,-0.260269,-0.177393
-1.667962,0.385425,-1.454330,0.487825,0.755638,1.514856,-0.848339,-1.307886,1.066987
0.670063,1.283768,2.181957,1.520901,1.054871,0.078706,0.765068,1.790891,-1.560957
1.849972,-0.077633,0.801157,1.292376,0.720505,0.956137,-0.050840,1.484967,-0.473238
-0.206963,-0.084187,-1.790930,1.390087,1.458429,0.299472,-0.781330,1.261293,0.535036
-0.207870,-0.415418,-0.461545,-0.792838,0.535014,-0.572650,1.141495,-0.433635,0.716717
0.077936,0.528635,-0.105083,-1.329643,0.337637,1.255293,1.511215,-0.044493,2.094462
-0.101765,-0.209552,0.545937,0.974848,-0.755813,-0.008193,1.409444,1.852560,-0.381327
1.010944,-0.876518,-0.650656,-1.067722,-0.219419,0.183084,-0.405081,1.036142,1.505959
0.356494,1.149286,1.674691,0.453056,2.358796,-0.118401,0.423656,-0.306263,0.705049
1.852291,1.007042,0.172194,1.583604,0.044935,0.191995,2.365625,0.109316,0.415109
1.484642,-0.332821,0.304541,1.421918,1.411635,0.642844,0.773122,2.770541,1.425254
1.354478,-0.937405,-0.613437,0.243110,1.939552,-0.113433,-0.779807,1.857129,0.699613
0.745005,1.899767,0.593294,0.672093,-0.271443,-0.375248,-0.041414,1.067542,-0.969354
-1.059717,0.134754,0.426620,0.716706,-0.014558,0.037897,-0.138110,-0.694386,-1.224621
1.052008,0.078890,1.041466,0.335595,1.042142,-0.385670,-0.502207,1.065944,-0.982167
0.327102,-0.038994,0.395716,0.721020,1.736189,0.747183,0.415492,-1.173723,1.297370
0.110385,-0.058853,2.683992,0.312217,1.690571,0.848411,0.037649,1.351295,-1.466521
0.873230,-0.521003,1.672821,-0.393016,0.885438,0.277414,-0.856902,-0.294299,0.620106
0.741790,0.151403,0.778391,0.584321,0.053948,-0.213933,-0.157050,1.035045,-0.380427
1.453719,1.200286,0.084609,-1.256766,0.292913,0.217723,-1.699644,-0.203863,0.466552
0.390379,0.337136,-0.166757,1.298392,2.900522,0.490516,0.860543,-0.503144,0.032592
0.406394,0.486234,-0.316526,1.674108,0.814699,1.306346,2.085081,0.439731,0.373889
-0.562482,0.053046,0.325348,-0.067274,1.396988,1.449456,0.960582,1.401260,0.941087
0.649657,-0.765962,0.368245,-0.491210,0.890285,-0.124739,0.222824,0.263270,1.489132
0.852982,-1.262481,0.606002,-0.637996,1.483338,-2.055757,0.385799,1.648042,1.005393
-0.212684,-0.344852,-0.396142,0.531170,2.182684,0.309062,1.410482,1.085038,-0.110039
-0.248527,0.380733,0.066341,-0.394769,1.339741,0.841339,0.829643,-0.439074,-2.197736
0.085241,0.828136,1.240865,1.787407,0.247050,-0.169355,-0.108246,-0.448744,1.775303
-1.854530,-3.217724,1.648890,1.733023,1.199900,0.824040,1.587849,1.779067,0.843400
0.934226,0.366174,1.096633,-0.160974,0.675717,1.802951,-0.250037,-0.047350,-0.684219
0.439598,-0.007936,4.660508,0.800751,1.864804,1.084811,0.871418,0.524490,-0.161999
0.217617,0.022522,0.153740,0.565625,0.637861,1.305114,1.159549,2.826645,2.187155
-0.637924,-0.255869,2.582818,1.850988,0.011636,0.538302,0.554237,0.535287,1.326799
-0.422274,0.226887,-0.844151,-0.869553,1.957026,-0.354098,1.256320,0.197669,-1.197134
-0.915360,1.206483,1.316825,1.581837,1.482637,-0.110669,-2.102149,2.690110,-0.331375
0.611820,0.143256,2.031784,0.551270,-1.127954,0.366890,0.615131,-0.220653,-0.764986
0.345885,-0.223400,0.960562,1.487261,2.308310,0.421363,-0.388398,0.200982,0.799886
1.135437,-1.543591,0.664095,1.825436,1.654187,2.103994,-0.724059,0.802315,0.263202
-0.427915,0.428475,-0.783100,0.730282,2.310830,1.930529,1.226207,1.001242,0.921670
1.888318,-1.480733,-0.567891,1.482130,-0.471427,0.735757,1.905280,2.263443,1.142638
0.127777,1.720656,2.342012,-0.306171,2.392828,0.588734,-1.086231,0.588428,-0.916616
-0.086030,-1.001366,1.278587,0.171619,-1.406507,1.641319,0.153227,-0.399414,0.203670
0.513891,-0.297475,1.161790,-0.963561,1.739577,-0.102332,-0.704129,-1.237931,-0.263373
1.453327,2.155711,-0.073719,1.517069,1.064563,1.010686,1.524384,2.902176,1.005172
0.597307,-0.373756,0.287116,-0.933405,0.233909,1.401278,0.059002,0.364742,-0.295315
1.827763,1.965667,-0.516760,1.184121,0.547009,0.515700,1.691420,2.367901,1.259058
-0.547648,0.830904,1.430512,-0.004266,0.601228,0.957164,0.533607,0.184403,-0.079080
0.951545,-0.473347,0.365564,0.470752,1.537577,1.084701,1.973466,-0.739521,0.809576
-1.441265,-0.200035,-0.293864,0.226586,2.930829,-1.054378,0.623234,-0.554039,1.802573
0.604508,-0.617313,2.179736,-1.123365,0.945342,-1.828274,0.481828,2.484050,0.080158
-0.566856,1.274949,-0.305699,-0.594633,0.088685,-0.413326,0.947995,2.607165,2.407369
0.321215,1.447572,1.400997,1.323518,1.295121,-0.801902,2.326871,1.037715,-1.204649
0.100976,1.812258,-1.067719,0.527826,1.371540,-0.260841,0.145600,0.590019,0.488271
0.225871,0.175911,0.444710,-0.614445,1.143727,1.059657,0.419060,0.248401,0.004373
0.103016,2.274039,-0.477584,1.273754,-0.206655,-0.700437,1.891031,0.833242,1.622209
1.271716,1.321711,-0.210755,1.914383,0.068331,0.682223,0.429197,1.333164,1.233267
0.887691,-0.464585,0.435381,-0.158931,-0.264683,-0.567596,-1.129764,1.653570,-0.317140
0.446771,0.963164,0.961761,0.849405,0.519054,-0.434446,-0.705872,1.194027,0.089729
-1.573111,0.613991,0.707456,0.041243,1.946071,-0.179567,2.170035,2.251078,-0.359616
-1.565371,-0.101822,0.687946,-1.464810,1.665832,0.051471,0.065698,0.103446,0.317639
1.292684,1.585891,-0.247987,0.701820,1.227774,-0.683789,-0.018455,0.546401,0.407820
1.854730,1.164489,1.621463,1.308635,1.651896,0.889102,-0.422053,0.800854,1.519657
0.231671,1.852667,-0.634039,0.251112,1.057225,0.601493,0.775883,0.884915,0.763748
2.687246,-0.202588,-0.397087,0.829186,1.367326,-1.390064,-0.325620,0.446586,-0.143088
1.689685,-1.418365,2.500399,1.145331,2.548440,0.726292,0.944339,1.425518,-1.902249
-0.854846,-1.718808,1.129141,1.258905,-0.671313,1.404333,0.997116,-0.338422,-0.832504
1.652538,-0.212670,1.535722,-0.776263,0.106379,-1.013923,0.210068,0.816054,0.311250
1.941595,1.098266,1.730897,-0.256694,1.278295,1.839233,-1.244694,-1.417486,-0.954014
0.699498,-1.271313,-2.473838,1.686636,0.590783,0.379464,0.438303,1.910869,1.913215
-0.655991,2.457533,3.245699,-0.064237,0.586312,1.322693,0.775418,0.105140,0.850505
2.444149,0.189544,2.408984,-0.125213,1.400327,1.910161,0.071580,2.683670,0.766130
1.335253,0.716873,-0.064300,0.705224,0.409149,-0.102332,0.481328,0.582053,0.560153
1.015462,0.490345,0.801223,0.745427,-0.566080,-0.999733,-0.555728,1.005185,-0.215646
0.542815,-1.262475,-0.184808,1.384015,0.439424,1.052936,-0.519202,-1.129329,0.108685
-0.592433,-0.612579,0.779893,0.148893,1.106027,0.074540,0.715809,-1.098281,-0.072872
0.564659,1.501092,0.399273,1.730457,0.041282,-0.584633,0.840038,1.820508,0.448353
-0.257036,1.175286,1.193429,-0.642761,0.173331,1.556159,0.026450,1.860752,1.297437
-0.705572,-1.445899,0.984218,1.022352,0.997498,-0.628640,1.363169,1.033593,0.946644
1.613356,0.673977,2.657419,0.501693,0.518471,-0.037448,-0.251943,0.539084,0.354113
2.149768,0.310350,0.817072,1.601184,-0.454404,-1.068038,-0.341957,2.410873,-0.538836
-0.887537,2.613660,1.671796,-1.441720,-0.121668,1.847497,-0.385380,2.790685,-0.148352
2.320887,0.144992,1.614004,0.428653,-0.051136,-0.000034,1.139633,2.518505,1.355143
1.905573,0.932923,1.338813,0.698356,0.022179,-0.736077,0.161980,1.071380,1.232767
-0.115765,-0.189427,-1.243604,0.224803,1.102178,-0.133307,0.047539,-0.514835,0.221159
-1.278401,0.021197,-2.333262,0.203339,0.929456,0.430203,-0.833432,1.888877,0.926231
0.343328,2.480010,0.185035,0.714259,-1.362991,0.914836,1.597296,1.593160,-0.821145
-0.215349,0.085117,0.596669,0.008657,1.215865,0.056780,0.228589,1.000646,-0.617643
0.144805,0.438021,1.116696,-0.635250,0.384052,0.174469,0.972040,-0.115516,0.164726
0.944794,-0.861506,0.026424,0.751374,0.202887,-0.188290,0.320945,-0.643972,-0.476767
0.845312,0.504790,0.979130,-1.149877,-0.589302,0.072444,-0.567927,0.280788,0.673294
1.000575,-0.324870,1.027703,-0.067437,2.516527,1.933523,1.443093,-1.135939,0.637419
-0.142999,0.338375,0.707764,-1.459507,1.432787,0.100078,0.162557,1.026902,-0.477921
-1.688177,0.307117,-0.193355,1.059949,1.491506,0.469358,1.082556,-0.357460,-0.208035
1.122648,-0.248034,1.347047,1.129207,0.911596,1.722390,-1.015945,0.039249,0.549826
0.897366,1.154931,0.892297,0.815796,0.334702,0.984859,1.445239,0.834997,1.044007
1.557523,1.017512,-0.440471,1.345996,0.937673,-0.540905,2.606021,0.144459,0.322535
0.874560,2.335360,1.033770,0.421865,0.538457,0.095170,-1.365573,2.506514,0.424044
1.449713,0.250535,0.484885,-0.477324,-0.956204,0.212534,1.072690,0.663867,1.617424
1.298130,0.350972,-0.039205,-0.133073,1.616275,2.068741,-0.148700,0.797611,-0.751012
-0.943274,-1.729191,1.336822,0.946271,0.302769,-0.338738,-1.196784,0.856328,0.106456
0.399028,0.921427,-0.060598,-0.571345,-0.152576,0.092966,-0.617209,0.376159,0.408837
2.788265,1.121282,1.019384,1.247892,0.881907,0.199392,1.203841,-0.254513,1.051102
0.466322,0.339727,1.372422,0.764652,0.775574,0.687045,0.458479,0.010309,-0.338721
0.964062,-0.258838,0.626810,-1.359648,0.071846,-1.148664,-0.520372,2.046321,1.733659
-0.869890,-0.988318,-0.227916,0.598297,0.759477,-1.569894,1.911134,-0.718290,0.279787
1.013036,0.119371,1.027058,-0.623938,-0.576486,1.320249,-0.565572,2.800834,1.365540
-0.118592,0.426997,0.324362,0.559147,-0.947062,1.313615,-1.069147,1.350997,-0.630311
1.540070,1.631978,-0.264028,0.717946,0.120475,-1.085023,1.156447,-0.179354,0.700355
0.159868,0.678117,0.562094,-1.166933,0.426350,0.494928,-0.182109,-0.051087,1.572867
-0.409327,1.267719,0.146739,0.227489,0.823097,0.712394,-0.134641,1.435770,-0.101265
0.191538,0.365559,1.347162,1.903312,1.245511,-0.015495,0.126466,0.445443,0.852646
-1.956994,0.418104,-0.701978,0.404861,-0.291960,0.353881,-1.725490,1.394838,0.571075
0.661853,0.501380,1.565928,0.440687,0.851174,-0.518003,-1.240551,-0.205275,2.809011
-0.676240,-0.434675,2.171703,1.979932,-0.137151,0.353361,0.781305,0.872374,0.744612
-0.342582,0.581655,-0.553974,0.890863,1.475965,1.909302,-0.539193,1.013967,0.679945
0.572236,0.082768,-0.171708,2.551821,1.461325,0.982958,0.468736,0.177172,-0.275958
-1.479279,0.849981,-0.261034,-0.271816,-0.067259,1.670737,0.314035,0.474935,0.993735
0.658831,-0.575997,0.746492,-1.115407,0.975620,1.026076,-1.567366,-0.553805,0.552823
-0.086915,-0.251002,0.292993,-0.277659,0.639441,1.103626,1.029329,0.649783,0.571970
0.245576,-0.209985,0.888533,0.193489,-1.202638,0.178121,-0.535427,3.482239,-2.214350
-0.251699,-1.737055,0.759266,1.340794,-1.060115,0.369877,0.244774,1.793886,0.821832
0.044535,1.318849,1.619094,-0.671152,0.823920,0.593322,-0.708912,-0.945309,0.349079
-0.344817,-0.419761,-0.477056,0.468974,2.061151,-0.207523,-0.051224,0.327092,0.062491
0.490280,0.357585,1.455299,0.604677,0.684149,-1.819581,-1.507235,0.389864,0.378894
2.271028,0.214922,0.741966,0.073129,0.325871,0.846608,0.382876,2.423681,0.235051
0.927793,-0.927001,0.873035,0.354722,-0.243207,0.448388,-1.235814,2.539568,-0.029773
0.071739,1.050238,-0.219635,-0.372990,1.351758,0.468451,-1.242320,1.526261,0.714291
-0.416636,-1.200030,0.188556,0.999013,-0.086960,-1.108468,0.549667,0.138837,0.380313
-1.977191,-0.650079,0.129074,-0.276443,0.188984,0.130724,1.607088,0.454723,0.079096
1.252939,1.914538,-0.641142,-1.846940,0.116186,1.510073,1.012172,0.927464,0.041470
0.823178,-1.443183,0.685265,2.216706,0.757262,-0.072050,0.297549,-0.879053,-0.284523
-0.485275,-0.811991,1.682511,-1.684770,2.083371,0.417399,0.753907,1.142806,1.636394
1.333614,0.909409,1.189306,0.565233,1.984801,-1.486144,3.284376,1.106836,-2.018729
0.557161,1.236798,-0.146660,0.128636,0.485445,-0.481193,1.138556,0.974910,0.850728
-0.519734,0.649933,0.839123,1.228803,1.641441,-0.326678,-0.618168,1.068377,0.195695
1.832178,-0.714770,-0.528233,0.169897,-0.133281,1.215543,-0.546207,1.655314,0.333324
-0.113207,0.424963,1.418108,1.087444,-0.047016,1.232256,-0.860411,2.385852,1.135497
-0.294266,1.218627,-0.936944,-1.492565,1.307900,1.677870,2.297315,0.761311,0.523406
-0.530607,0.145628,0.453231,-0.145775,-0.605787,-0.574904,1.499697,0.417468,0.534106
0.581611,1.078217,-0.076692,0.278337,-0.735177,1.677821,1.313395,0.854580,-0.703418
0.943462,1.915284,-1.399153,1.218203,-0.919743,1.317270,-0.143534,-0.047608,-0.605159
1.200055,0.184297,-1.223162,1.029336,1.567771,0.172030,-0.181308,-0.738727,0.508582
0.264004,0.112802,0.209702,1.052421,0.605547,-0.095813,1.081483,1.753145,1.524743
0.918848,0.331685,1.044121,-0.345611,1.462964,1.948695,0.363031,1.857196,0.922283
0.304372,-0.743113,0.412333,2.220197,0.632247,1.539797,1.241738,2.070329,0.480457
1.916729,1.681913,0.435334,1.489932,0.868127,0.332676,-1.444764,-0.172858,0.733010
0.334941,-1.450962,0.106497,0.971937,-0.027986,1.657079,1.697143,1.474529,1.330908
-0.282349,1.050466,0.505482,0.399346,1.544928,2.348227,-0.245234,-0.954840,0.351382
-0.633590,0.319296,-0.547519,-0.221767,1.827137,0.477640,-0.336704,-0.125066,1.369323
-0.138056,2.309145,0.394724,2.119273,1.965545,0.917276,0.257602,1.279545,0.167070
-1.643731,0.672133,0.072530,-0.838393,0.081168,-0.312568,-0.632345,-0.067450,0.889043
-0.035781,0.537881,-1.187554,0.138906,1.781085,1.589950,0.224734,0.743086,-0.347196
1.912026,0.638200,-0.927401,1.043958,0.388780,1.584953,0.225360,0.654959,1.005033
0.984515,-0.408055,1.176684,-0.966278,2.296293,-0.395848,1.425725,-0.920859,1.439033
0.012446,0.494612,0.272837,1.124826,-0.533736,0.216828,0.660915,1.325978,0.427443
0.209504,1.771027,2.511283,1.016333,2.637101,-0.587775,1.188560,1.583762,0.153940
1.074565,-0.824066,0.635136,1.173076,0.008419,1.107653,-0.445983,0.851592,-0.734116
0.277178,-0.705109,-0.130019,0.794873,1.508974,-0.488141,0.358659,0.482670,-1.910287
1.476187,-0.459682,-0.483756,-0.121466,0.042443,-1.056498,1.326548,-0.759041,1.937931
-1.305388,1.990966,-1.348970,-0.259585,0.584551,1.017903,2.831813,-0.680496,1.419289
0.811060,0.321124,0.316732,-0.739418,0.703254,2.361460,1.311691,-1.016394,-0.465311
0.575948,-0.543459,0.878405,0.669019,0.890194,0.006753,0.786208,1.626561,0.704286
0.554240,-0.659022,0.961191,-0.843030,-0.454837,0.268449,-0.303753,-1.227363,0.478896
0.056544,2.962336,1.443773,2.342343,2.523971,0.625089,1.737474,-1.349870,-0.136785
0.710673,-1.002635,0.169500,0.506547,-0.226028,-1.510867,1.479390,1.559194,0.892860
-0.416672,-0.595064,0.144881,-0.548526,1.092623,1.183989,1.166423,0.902012,0.707088
1.589323,0.979347,-0.235145,-0.124808,2.019927,-0.156394,-0.829304,1.615185,0.168626
0.598434,1.042276,0.731581,-0.880319,0.237042,2.117722,-0.026749,0.011654,-0.123902
0.751223,0.196150,0.919910,0.784098,-0.433197,-0.751087,-0.588469,0.539040,1.578162
1.229839,-1.187140,1.071187,0.088842,0.760318,0.098916,0.749235,2.118395,1.103640
-0.969400,0.287419,-1.081793,0.578962,0.553658,0.434852,0.412746,1.135867,-0.039537
0.347073,0.554316,-0.459979,0.136097,-1.452218,0.700419,0.793806,0.404005,0.857979
1.409970,1.464632,0.658223,0.056144,1.197126,-0.146366,-0.341261,-0.655477,0.829165
2.180379,1.071237,1.994895,-0.363224,1.432407,-1.750117,-0.314501,1.810368,-0.245914
-1.386749,0.460423,-0.724366,0.776501,0.540264,-0.273093,0.851562,0.674224,-0.596675
0.187657,1.093782,1.249028,-0.291991,-1.118972,1.892886,-0.816878,0.406468,0.368023
-0.752357,0.439585,2.088435,0.296926,-0.604340,1.194911,2.137971,0.786919,2.003195
0.977034,3.057950,1.206078,-0.074639,0.775628,-0.395066,-0.472172,1.764230,-0.775801
0.364409,-0.503000,1.443651,-1.583114,-1.664384,1.092860,-0.205328,1.565125,-0.142341
-0.171466,-0.484403,1.488228,0.583920,0.148369,1.639350,0.891611,0.677806,0.278086
0.940223,-0.532048,-0.128434,0.133975,1.152053,0.275219,1.429680,-1.602743,0.707860
1.652399,0.896456,1.864984,-0.553900,-0.862490,-0.270155,-0.005314,-0.251089,0.590890
0.766921,-0.393158,-1.209132,1.373561,1.607515,0.195682,1.153801,0.582285,-0.749541
1.798743,0.903835,0.385611,0.854396,-0.330791,-1.278777,0.557570,1.111527,1.260734
0.614511,0.355652,-0.095760,-1.953325,1.356218,0.190789,-0.645651,1.667067,2.408528
0.745510,-0.988832,2.501521,-0.017655,1.086872,1.165530,2.159922,-0.409791,0.917822
0.832880,0.056700,0.110850,0.068667,-0.560616,0.710329,1.645134,-0.382457,1.344233
1.182260,0.662267,-0.186977,-0.405961,0.178846,1.517499,1.054260,-0.771931,1.131173
0.118875,0.621080,-1.052885,-1.243669,-0.489237,0.708890,0.392846,-1.300782,0.378040
2.840350,0.976714,0.127396,0.084392,0.042036,0.680423,-1.040798,2.443273,0.451648
0.245812,1.321426,1.210365,0.047609,2.004696,0.494127,1.722040,0.353950,0.129394
2.201398,-0.660175,1.237743,-0.570892,0.758056,1.609435,0.157719,2.475549,1.468525
0.771471,0.742574,0.610825,1.697683,1.391488,-0.989247,-0.279670,1.610558,-0.441606
-0.404415,0.673076,-1.000626,1.427463,0.075840,-0.401114,1.048906,0.414724,-0.123676
0.051691,0.054469,1.824752,1.991787,1.986406,-0.203746,0.583229,0.453359,0.459335
0.735791,0.470917,0.691431,0.844098,0.216721,-0.816523,0.465813,-1.290419,0.636225
0.824911,-0.327135,0.432527,-0.012428,1.203533,0.437173,-1.282780,-1.000338,-0.994585
0.832363,1.161076,0.686275,-0.140630,0.365204,0.087265,1.657738,-1.026633,-1.465104
0.442387,1.213215,1.279160,0.894893,2.401570,0.629092,1.481905,-1.100757,2.450587
-0.236107,0.187909,1.481434,-0.190111,-0.434737,-0.169131,-0.168567,0.642433,0.121858
-0.593241,-0.258922,1.737596,-0.627915,1.696824,0.745973,-3.172715,0.916974,0.276366
0.510734,1.264476,2.874061,1.282927,-0.660820,1.625090,1.499905,-0.277960,-0.316308
0.622708,1.928396,1.493375,-1.391135,0.666280,-0.308459,-0.438440,-0.451118,0.127074
1.602580,0.553456,0.134529,-0.205329,-0.148397,1.156225,1.013528,1.238929,1.746179
-0.561427,-0.545591,0.029144,0.230318,0.815089,-1.546584,2.116346,-0.041510,-1.649832
1.862625,0.659416,-0.154136,-0.448386,2.122165,-2.105847,1.306357,0.309037,2.112004
0.836776,1.381750,0.453123,-1.400866,-0.815329,-0.238340,2.250647,0.000996,-0.271097
0.071773,0.610077,-1.615645,0.420850,0.618115,0.758686,-1.817318,1.522214,0.566298
2.100926,1.339278,1.406082,-0.452023,1.764862,1.309771,1.172411,-0.278290,1.607585
0.888658,-0.302210,0.870610,0.067079,3.079521,-0.395863,0.224819,0.801287,0.115324
1.787986,-0.518000,1.242955,-0.174646,2.023263,-0.768452,-0.585391,-0.286929,1.432046
0.050419,1.545632,1.246889,-1.321354,0.756750,-0.477697,1.229811,1.053420,-0.614043
0.796084,-0.668602,0.952529,-0.173183,-0.780537,0.781768,1.365838,-0.500295,0.061182
0.943829,-0.586023,1.689064,0.730476,-1.015575,-0.368186,-0.070092,0.155329,1.272385
0.608967,2.406353,1.298884,0.177687,-1.067721,1.460359,-0.068421,1.629933,0.173160
1.784903,2.073924,0.950851,1.597982,1.762460,-1.520563,0.429713,-0.533003,0.240820
1.225799,-0.742306,0.386000,-0.966976,1.238580,0.905506,-0.093657,-0.414865,1.111589
-0.498652,1.973878,0.269984,1.127285,0.231770,1.099197,0.035585,1.587432,1.515551
0.424205,0.952871,0.116752,0.595448,1.416894,-0.041943,0.825927,1.839842,1.657791
-0.610645,-0.043679,0.350518,1.159708,1.272392,-0.305895,-1.139680,-0.206702,0.489124
0.749758,2.274857,-0.827052,0.600840,2.194372,0.161219,-0.681899,1.642180,1.039608
-0.075100,-0.407380,0.676000,-0.389964,0.311348,1.274090,1.605765,0.121882,-0.669637
-1.201005,0.704397,1.045118,-0.465891,1.485700,1.463514,0.088478,1.660426,1.604535
0.598942,0.032867,1.911836,0.846066,0.057760,-1.573404,1.338215,2.830152,0.193653
0.365690,-0.670791,1.090520,0.153493,1.854699,-0.358183,-0.034553,1.349107,-0.019626
0.235868,1.831075,1.281903,0.194470,0.142173,0.104254,0.029974,0.371629,1.813565
0.835829,0.888686,1.188680,0.301350,-0.042783,1.229597,-0.447266,0.314043,0.785398
2.170799,1.025902,1.048082,0.604850,0.385601,0.005955,-0.501586,0.107869,-0.225242
2.348683,0.077676,1.054431,-0.008238,-0.438256,0.768213,0.927741,-0.434940,0.175873
0.908072,0.052189,2.455658,-0.662581,0.739367,0.794557,-0.006563,-0.501085,0.642939
0.398653,0.880196,0.939048,0.937882,1.577538,1.442821,-0.824906,-0.063434,-2.358505
-0.110472,-0.569171,2.683210,-0.016858,1.181278,-0.346433,1.804538,-0.960541,1.858209
-0.515808,2.616938,-0.246130,1.788048,0.079667,0.543388,0.241495,1.077434,1.220792
0.921196,0.588871,0.870625,-0.060808,0.867463,-1.105010,0.392747,-0.194250,0.132324
0.250744,1.190510,0.917753,0.207601,0.235780,1.853207,0.822071,2.421041,2.190571
0.615122,0.373735,1.450328,1.060980,0.962215,0.931848,1.669928,0.384008,-0.304342
0.569274,1.125383,-0.542036,-0.331063,1.179725,0.734703,1.967168,0.972339,0.994766
-0.591803,2.116259,0.817614,0.379661,0.508379,-0.330186,0.235737,1.835073,0.450437
0.555751,-0.081150,-0.615942,0.856968,-0.496859,-0.087893,1.290708,1.301208,-0.416951
-0.090466,1.463198,1.147542,-0.820383,-0.937879,0.687328,0.848049,1.162631,-0.297173
1.126804,0.023743,-0.149233,0.056026,-0.542055,0.625042,0.727604,0.043546,0.466911
2.483150,0.688909,-0.342073,1.052617,-1.178016,2.797849,0.779215,0.925052,-0.022612
0.989210,1.031023,1.928258,1.017442,1.283034,0.529260,0.542544,0.564699,0.637102
0.129357,-0.898565,0.693590,-0.142092,0.454222,1.327085,1.355116,1.172444,2.211722
-0.923623,-0.536524,0.643058,-1.065521,1.345618,0.912395,-0.596925,0.795542,0.693338
0.064932,0.237643,1.156345,1.278887,0.334869,1.311517,0.286884,1.306490,1.011379
0.598971,2.340662,-0.247899,-2.335789,-1.658025,0.552133,-0.633097,0.206218,-0.607329
0.939092,-0.698270,-0.448732,0.919713,-0.150663,0.235718,1.789951,1.572170,0.983461
1.259385,1.718073,1.917662,-0.175876,0.498962,0.671057,0.278652,0.802482,0.426440
-0.681928,0.234923,-0.352073,1.078187,-0.192858,-0.025065,0.511098,-0.956524,0.285365
2.960892,-0.402369,0.908159,0.668144,0.022851,0.768582,-1.891331,0.581552,1.277658
-0.146523,2.391724,1.793292,-0.232108,-0.308034,0.623768,-0.909632,0.200368,0.629691
-1.093296,0.390740,0.743488,0.438412,-0.339338,-0.207691,-0.924237,-1.073108,0.903500
-0.755349,2.200778,0.626000,2.784422,1.320427,0.041705,1.622524,-0.060484,-0.449515
2.230902,0.691872,1.294851,2.377205,0.018377,0.154656,-0.070248,2.193385,-0.462945
2.033206,0.217791,0.211009,0.482487,-0.761262,0.609181,-0.823407,1.980819,0.300156
-0.115701,1.311898,-0.614555,0.988788,1.290741,0.393898,0.379752,-0.497097,0.803390
1.417710,0.992818,1.313510,0.051881,0.265615,1.643583,-0.201390,0.228425,1.262425
-0.973688,-1.900332,-0.274470,0.828003,0.989898,1.587888,1.616023,1.146503,-0.001503
0.463963,0.383515,0.725389,-0.421402,1.547931,1.298162,0.999338,0.037417,1.786080
1.889410,0.863363,-1.100423,-1.065874,0.880649,1.306076,2.030297,0.818242,-0.444767
0.189962,-0.578974,1.437860,0.374662,1.698903,2.022329,-0.649141,2.415710,-0.143014
-0.072508,1.765118,-0.250914,2.256036,0.142889,-0.057402,-0.053843,-0.109037,0.506582
-0.554350,1.737092,1.586879,0.660455,0.811062,0.179980,-0.700575,1.019289,-0.444597
0.491253,1.126609,-1.276418,2.444292,1.617540,0.030935,0.999860,1.653127,-0.798095
0.888475,0.161552,0.232674,0.026872,0.092302,1.096825,-0.040081,-0.663905,-0.586186
1.104624,2.386407,-0.414374,-0.805316,2.504281,1.361062,-1.526259,1.326463,-1.485889
0.507175,0.252494,0.279072,-0.444557,0.499752,1.151270,-0.229058,0.035426,1.064510
-0.568810,-1.334631,0.472158,0.166995,1.732791,-0.516213,1.018761,0.747071,-1.130859
2.131364,1.204683,0.558459,-2.016650,0.044162,1.194184,1.185610,-0.273527,1.529170
-0.745962,1.528710,1.942635,0.495831,0.081523,0.750200,0.894817,0.632075,0.610064
0.207187,0.811477,-0.107597,0.385369,-1.083417,1.112352,-0.288382,1.423770,0.911590
0.584944,-0.460959,0.233884,0.764531,1.808723,-0.647399,0.801898,-0.471558,-0.498833
0.019148,0.267829,1.516781,0.642635,-0.830613,0.523530,1.088009,-1.259837,1.064841
-1.158349,-0.896672,0.340940,-0.418819,-1.484497,0.125252,-1.289912,-0.292293,0.213637
0.258508,-0.608057,1.584289,1.077003,1.900417,-0.104825,0.761950,1.675946,0.626599
0.431456,0.119244,-0.529552,0.964722,1.588238,-0.899691,0.966512,0.731891,2.426588
-1.873102,0.203738,1.235276,0.661685,0.163659,-0.046150,-0.146429,0.797490,0.701666
1.068328,2.398019,-1.097088,-1.062763,0.382328,-0.078061,0.361203,0.823077,1.043313
1.622385,2.152604,-0.323872,-0.627442,1.776879,-0.323282,0.338413,0.096810,0.465784
2.039696,-1.234477,1.037783,-1.074594,1.571081,-0.911478,0.064259,1.497970,-0.090125
0.463874,0.965456,0.560617,-1.582627,0.031670,0.607274,0.600922,0.703656,0.027690
-1.576980,1.745529,-0.349062,-0.228477,1.465724,1.558757,0.757416,-2.740686,0.393799
1.202628,1.836646,1.137380,-0.227270,-0.443552,-0.368343,-0.524146,-0.547251,1.778849
-0.041320,0.107583,0.401088,-0.392431,1.665422,0.062302,0.971532,0.786934,0.368241
2.151952,-0.018190,2.367775,0.233281,-0.066624,1.663040,-0.936872,2.171933,0.637257
0.118612,0.889327,-0.662943,0.760053,0.089350,1.070076,0.787979,-0.170194,-0.193879
-1.593530,-1.018314,0.974997,0.757033,1.699602,0.641450,-0.801408,1.207589,1.414404
1.873044,-0.187501,1.204235,1.233659,0.748472,2.288331,1.728532,0.510742,0.478080
1.455233,-1.007340,1.106506,-0.961238,1.547374,0.913168,0.449627,0.884227,1.210190
2.231814,2.362478,2.042000,-1.130166,-0.099432,-0.164037,0.857088,-1.516854,2.476259
1.867929,0.254047,0.152101,-0.913102,-0.624764,1.101429,0.400381,1.813881,-0.981838
1.195456,-0.102816,-0.230652,0.793035,-0.224945,1.378072,0.133772,0.710055,-0.325486
0.390317,1.268175,0.756157,-0.144296,0.616366,0.685194,0.392477,0.354345,-0.083769
1.295874,0.809058,0.298178,1.689133,2.854483,-0.438717,0.410540,-0.345235,-0.211934
-1.007348,-0.141682,0.716402,0.173637,0.894763,0.493452,-0.176792,1.658083,0.053899
-0.897493,-1.984651,0.787421,-0.453925,0.930667,0.078642,-0.032680,-0.868560,0.128295
0.936521,1.027530,1.023292,-0.544453,1.569643,0.173428,0.272269,0.703726,0.265196
-1.967251,1.316508,1.515870,-0.318055,0.892489,0.314561,0.158247,-0.388909,0.031731
2.763497,-0.361473,0.702524,-1.536547,-0.230948,-0.190821,-1.006795,1.336515,-1.652653
1.311738,0.415857,1.191767,-0.864763,-2.058682,0.549854,0.833028,-1.214405,1.985927
0.908539,0.168279,1.401596,-0.651645,-1.147787,0.037855,1.112928,-0.193710,-0.419635
1.489701,0.239770,0.546870,1.299232,0.779003,0.720866,-0.142131,2.676115,0.902751
-1.282067,0.349406,0.233043,0.011002,0.586301,-1.065496,1.710267,-0.159719,0.974041
0.348693,-1.327145,-0.014742,1.341743,0.545624,1.234889,1.916780,-1.143849,0.293801
0.993389,0.335885,-1.585385,1.477572,2.252247,-0.066543,0.567056,1.016495,1.264752
1.389322,-1.129595,0.067812,0.237896,0.972645,-0.375188,1.165565,1.560695,0.678774
-1.637861,-0.909635,-0.066723,-0.718659,1.259884,0.474841,0.891402,1.220459,0.025294
-1.206377,0.701002,1.766144,-0.848831,0.993494,1.601380,0.535092,1.006677,-0.229714
-2.434250,0.254642,0.901713,1.603516,1.818946,0.748577,0.898147,1.290138,1.027909
-0.238202,1.276138,0.696866,-1.435717,0.714783,-0.060710,-0.516059,2.671716,1.548993
0.423905,-0.518163,0.771152,-0.133189,-1.666958,0.439117,0.408802,1.584671,0.253406
-0.738850,0.733123,0.752571,-0.921314,-0.451682,-1.629230,2.485942,0.404127,1.780273
1.388693,0.708390,-1.141365,0.721689,0.250473,-1.714447,0.262416,-0.871973,-0.360682
2.135581,1.840015,-1.017176,-0.104196,1.811193,1.165455,0.942777,1.383073,-0.676331
1.275085,2.004372,-0.207526,1.618789,0.412552,2.427464,0.079021,1.006185,2.340707
-0.822043,0.637415,-0.028112,0.943982,2.368837,1.975376,-0.443365,0.679690,-1.507529
0.878266,1.555981,1.763466,-0.270199,2.016332,1.418500,0.413034,-0.288950,-0.380874
1.077199,1.154215,-0.176478,-0.427752,-0.593080,0.761026,-0.005132,1.178893,1.044220
1.238588,-0.129713,-0.004632,-0.144612,0.082315,-1.500769,0.311814,0.238728,2.063315
-0.882034,2.952199,1.035761,0.190062,0.546317,1.486168,1.009398,-0.499460,0.899699
0.752551,-0.118508,-0.466453,1.690502,0.107800,0.983559,-0.271478,0.507521,1.162344
3.206976,1.864719,0.451715,0.087184,0.917299,2.224544,0.616588,0.765676,1.150048
0.678740,0.229630,0.271040,-0.266801,0.765488,-0.231131,1.460887,0.092490,1.162008
1.687409,1.776968,0.524270,0.769235,-0.314716,1.199875,1.742464,1.032969,1.028233
-0.086429,0.480796,-0.003670,-0.084507,0.694916,0.435617,-1.384535,1.579052,0.975383
-0.639490,0.135964,1.853491,0.554683,-0.509682,1.157042,1.080284,1.824487,0.483703
-0.087257,2.105687,0.347196,1.032723,1.202444,-0.550659,-0.810553,-0.112962,1.117363
0.558876,1.118266,0.537696,-0.208532,1.303184,1.267852,0.176672,-0.216432,-0.159174
-0.368423,1.463511,1.154874,1.772815,-0.472411,1.211515,-0.270331,1.090895,-1.401231
0.452998,1.083825,0.785960,-0.533271,-0.843449,0.130979,0.564598,-0.251119,-0.291112
1.334674,-0.101829,0.137404,-0.018926,0.840726,-0.951801,-0.060518,-0.099356,-1.726942
0.503862,-1.183551,0.879632,-0.024754,-0.280594,0.368165,0.730171,-0.871744,0.318853
-1.491472,0.669018,1.517711,1.305126,1.752386,-1.718202,0.850912,0.891098,1.574436
0.375410,0.493740,-0.979416,0.676070,0.648785,1.117944,1.195859,1.282535,-1.573545
0.297377,0.774850,-0.616747,1.191818,0.133214,2.855891,-0.084807,0.623967,-0.075347
0.664939,-1.364683,0.223779,0.967249,0.658277,0.991790,0.236091,0.936588,-0.433015
-0.941279,0.862242,1.883095,-0.064228,-0.138435,-1.854770,-1.411239,-0.396189,0.148366
1.185663,0.843721,1.320734,-1.670751,-0.435742,1.041369,0.378164,0.188125,0.226143
-1.723626,2.169923,1.016302,0.774991,0.735343,2.184602,2.055277,0.232675,1.376099
1.092657,-1.282645,1.373663,0.518292,0.534265,0.783544,0.148924,0.595306,1.404238
2.809044,0.062956,0.748841,-0.921833,1.476930,0.168641,2.751952,0.602454,-0.353020
-1.571704,-0.635674,1.548629,-0.756113,-0.647330,0.441926,1.553994,-0.107705,0.529916
1.985796,-0.147781,-0.454796,1.801479,-0.282700,1.817781,-1.781005,1.296297,-0.570638
0.829603,1.116576,-0.109436,0.178012,2.215332,-0.305020,-0.177178,0.444549,1.171170
1.866837,1.552026,0.501888,0.032190,-0.149823,-0.176851,1.543319,0.948960,0.711613
0.427172,0.518050,0.340693,-0.452265,1.741737,1.311629,0.835282,0.681289,1.297219
0.289548,1.296587,0.800834,-0.450677,2.184573,1.274693,0.467562,1.100849,-0.419121
-0.742183,0.695151,0.829100,1.841696,-0.246717,2.080316,-0.684219,1.782790,-0.526845
-0.472584,1.853204,1.180826,0.728856,1.639628,2.188432,0.822337,1.222553,1.057387
0.404425,0.645099,0.296963,-1.186259,1.304548,1.008199,0.111771,-1.109126,0.892211
1.595764,2.576156,1.000581,0.808371,0.537141,0.221109,1.434749,-0.121954,0.245490
2.200528,0.167940,-0.506557,-1.219953,0.103766,0.817411,-0.391785,1.254047,0.205886
0.434820,0.987635,-0.218240,-0.302523,1.923361,-0.424685,2.069743,1.599783,0.022291
0.391630,1.073304,-0.398619,1.099362,0.704602,-0.521504,-1.038276,2.078967,0.268014
1.016777,0.936846,1.764289,-0.149727,0.936544,1.042272,-1.111986,1.596102,0.991689
2.313570,0.504543,0.772990,-0.583102,0.228122,0.200199,-1.720280,-0.340880,-0.924133
-0.840789,-1.011890,2.196874,0.414542,0.676556,1.396024,1.158757,1.157776,2.154234
1.407991,-0.274994,1.602304,-0.485058,1.862023,-0.069659,0.975341,1.349675,1.361337
0.401658,-0.847796,3.903032,-1.275797,1.772857,-1.049612,0.668089,2.357819,-1.275394
0.455725,-0.824003,-0.006715,1.603012,0.984674,0.133305,0.646989,1.139510,-0.116945
0.671265,-0.473867,1.145416,-0.454521,0.844973,0.357086,1.674408,0.448029,1.081853
-0.208553,-0.011381,1.693867,0.986759,1.384683,-1.999574,0.932010,0.012471,1.293654
2.331851,0.119011,1.126966,1.148694,1.147887,0.093573,0.797340,1.270287,2.654959
2.129850,1.162772,0.231922,1.579406,-0.730870,0.400614,-0.480043,0.102787,-0.364547
0.704303,0.452957,1.967833,-0.686828,-0.134177,-0.180037,0.169321,-0.059543,1.165251
0.284526,-0.422534,1.456709,0.308816,1.119153,-0.413439,0.959966,-1.046940,-1.635406
-1.359283,1.579328,1.011600,-1.059117,2.254011,-0.247899,1.381692,-0.693367,2.158245
0.010539,-0.159808,0.973357,1.834842,1.022263,0.426494,1.141864,-0.260421,-0.384464
-0.256828,-0.983102,-0.330658,1.101827,-0.699164,-1.648162,0.185385,0.481263,0.145957
0.809491,1.793170,1.941722,-0.371004,1.387814,0.096544,0.143508,0.841420,-0.084994
1.351816,1.396741,0.340778,0.274770,-1.139210,1.183865,-0.524521,1.367339,-0.872953
1.900096,-0.981323,2.150971,1.283646,0.702026,0.060076,-1.331663,1.010136,0.694790
1.214558,0.765164,0.629873,0.632701,2.056547,-0.300466,1.763969,1.127504,1.051008
0.450106,2.787785,1.855873,0.274426,0.924764,1.200672,0.301350,3.026281,-0.656432
-0.066715,1.407121,1.999409,0.290328,-0.415699,-0.339959,-0.015913,0.315588,0.676524
-0.934333,-0.435139,1.141383,0.994448,0.218632,0.683224,-0.238044,-1.308642,0.110764
0.192758,-0.181495,1.236559,0.241628,-0.906292,0.824085,-0.405938,0.340257,-0.008975
-1.389479,1.378914,0.185311,0.526399,2.327298,1.064039,2.089319,-0.145999,0.622519
0.086903,-0.787693,2.584583,-0.006274,-0.369729,1.031518,0.701531,0.212206,-0.456484
2.090047,2.161362,-0.519167,-0.232559,0.975149,-0.116191,1.266373,0.684723,-1.468269
0.269413,0.513338,1.806033,2.497940,0.324254,0.425057,0.605303,0.099808,2.190571
0.926485,1.672483,-0.102716,1.302807,-0.301333,-1.087330,0.235483,1.952953,0.314651
0.615340,3.168827,-0.116321,-0.728942,1.242891,-0.340709,1.032771,0.686107,1.271221
1.512405,1.987763,0.607000,0.430751,0.092934,-0.068541,0.232980,1.551982,0.192223
-0.507652,0.304092,0.434058,0.429978,2.578587,-0.111192,-1.023223,-0.399288,0.676871
-0.919036,1.531253,0.202091,-0.329227,-0.848218,0.616184,0.051675,0.740607,1.428285
-0.600401,0.726774,0.001992,-0.596461,0.372543,1.425569,-0.447377,-1.261074,0.554179
1.507373,1.764211,-0.771488,-2.100887,1.460929,0.571781,1.635824,-1.280027,-1.053862
-1.098869,1.258628,-0.122399,-0.175553,0.312176,2.030226,1.577947,-0.343012,0.086648
-0.145332,0.508394,0.020346,1.406351,1.164033,-0.564092,-1.880431,1.023825,-1.023409
-0.836250,-0.429662,1.710989,-0.819716,0.602586,0.519516,0.930787,-0.169777,-0.302243
-0.028438,-0.943236,3.195295,-0.161974,1.404966,0.274964,0.127881,-0.406396,0.102793
-0.352874,0.181169,0.120282,-1.386936,-1.207263,0.239289,0.086319,-0.563956,0.978050
-0.338585,0.017930,0.907711,-0.139873,0.660072,1.029340,0.493020,0.029117,-0.155075
-0.102220,-0.832418,1.113137,-1.007540,0.665118,0.512387,0.144003,1.414215,2.357295
0.453669,-0.406175,0.716213,0.290482,1.226907,-1.415315,1.775637,-0.957656,1.670600
1.732363,-0.275398,-0.054877,1.634432,1.267800,-1.258001,0.240517,0.324652,-0.815371
0.436612,0.152358,0.781651,0.709153,2.360637,0.821421,0.673500,1.562467,2.234358
-0.532555,-0.291412,-0.127001,0.786477,1.585529,0.623806,-0.716977,0.116430,0.277186
1.150417,-0.047186,2.802361,-0.349276,0.446514,-0.540872,1.523255,0.888962,1.538782
0.580636,0.422361,-0.292233,2.200024,0.296710,-1.336867,1.660976,1.196018,0.479999
-0.164628,-0.444162,0.450601,-0.789744,1.142405,1.739354,0.636561,1.480323,0.386049
2.338451,-1.891867,1.498327,-0.896274,1.175177,-1.119251,0.600691,0.854822,0.721626
0.009667,0.959590,1.821470,0.517794,-0.217550,1.270696,1.471294,2.096597,0.502693
1.116555,0.956800,1.061448,0.557030,0.042304,0.324691,2.246326,2.927466,0.141613
-0.203506,1.745226,0.779964,0.265737,0.944281,-0.225603,0.534054,0.905721,1.139947
0.420533,0.673168,0.559076,-0.422824,-0.411194,-0.258374,1.483276,-0.251215,1.077529
-0.439558,-0.005796,0.253697,-0.800315,2.171273,0.642281,1.199440,-0.026233,-0.437374
-0.731804,0.372461,1.665978,0.636433,-0.052699,0.451476,-0.871407,-0.509326,2.504049
1.385445,0.329078,2.189916,-0.211385,1.622667,1.006464,1.160798,-0.431025,1.727515
-0.056131,0.670211,1.731245,0.510724,1.529508,0.976210,-0.583741,0.270165,1.533161
1.053588,1.169898,1.523739,1.122567,-0.042092,0.159716,1.100505,1.136031,-0.570426
1.267268,1.060779,1.206926,0.705013,0.520822,1.272407,-0.996637,-0.271393,0.545933
0.953358,0.524136,0.764448,1.498336,0.955117,-0.051849,0.100298,1.398163,0.712302
1.704586,1.029130,-0.995351,-0.920828,1.907253,0.807899,0.029741,-0.455837,-0.100816
0.502754,1.484795,0.334547,-1.428380,0.501347,0.451116,0.543933,1.536061,0.061865
1.211407,0.599758,1.562861,1.369931,0.536456,-0.772559,-0.903080,-0.646836,1.405644
-0.965665,0.738792,-2.020295,1.787614,0.534377,0.948560,2.025456,2.485893,-0.897461
1.118304,-0.637055,1.020002,-0.550947,-0.752839,0.338413,0.823997,3.487044,-0.433855
0.599025,-0.019664,2.740989,-1.017655,-0.271357,-1.420396,1.967546,0.605378,2.583488
1.821241,0.336491,0.990811,1.081700,0.795782,-1.034798,0.147876,2.289528,-0.072981
-0.338412,0.133375,2.016305,1.610440,0.987275,0.091380,0.240419,-0.355143,1.096477
1.223216,0.944342,-0.264529,-0.792910,0.792169,1.148244,1.173116,0.039058,1.306405
0.286828,-0.448137,0.354802,1.148427,0.090777,0.792048,1.383044,1.265972,-0.022504
-0.763754,-0.226570,-0.243600,-0.250811,1.175398,0.188560,-1.253556,-0.537909,0.337972
0.032595,0.552726,0.611254,0.706101,0.057099,0.274569,-0.850266,0.068475,0.440235
2.157303,-0.969079,1.455815,-0.590347,0.008481,1.406315,0.149265,1.800052,0.930604
1.153517,0.724906,1.859230,1.437432,0.798073,0.406483,-0.318374,1.889876,2.052010
1.471575,1.180985,0.142388,-0.312894,0.064868,0.097530,-0.357239,0.310552,2.134414
1.909028,-0.905434,2.628986,1.924465,-1.079083,-0.578046,2.011715,1.219403,0.976986
-1.209640,0.410964,-0.321535,0.625288,1.141078,0.500605,1.594852,0.317722,0.056858
2.319311,0.677944,-0.960541,1.062791,0.966427,2.711154,-1.457692,0.036545,-0.477450
0.919779,-0.399982,0.566522,0.136671,0.254418,0.973647,0.375279,1.647721,-0.704440
0.015983,-0.225552,0.985288,0.688038,0.401150,0.939135,0.995639,0.927546,0.773657
1.027796,1.617987,0.284537,1.292271,0.161598,0.224907,-0.217082,0.438188,0.799967
1.168069,-1.784439,1.079771,1.403507,0.070416,-0.449229,1.045651,1.071964,0.282528
1.625038,1.713847,-0.058795,-0.917313,1.052180,-0.353157,2.386148,1.101552,0.351172
-0.559248,1.334125,1.157948,0.824546,1.140058,-0.954653,2.380451,-0.590815,0.200868
1.144686,1.443762,0.213059,0.930053,0.214645,-0.772117,0.345339,0.734009,-0.559581
-0.415357,1.118199,1.362741,1.103851,0.453002,-1.207332,0.537348,0.487657,-0.336676
1.717110,2.116276,0.188700,0.373833,1.674746,1.153326,0.697737,-0.818594,0.595041
0.979407,0.004775,2.002618,0.130761,1.137200,0.450039,2.493624,-0.394443,0.155499
0.789666,0.224379,2.283274,-1.134937,1.392485,-0.808330,1.071321,1.561813,0.233798
0.579584,0.166917,-0.810976,0.162209,0.483480,-0.872303,1.774510,0.082693,1.999134
1.122266,0.387200,2.797748,0.638113,0.677532,-1.085023,-0.844615,0.159623,-0.859257
0.442106,0.350783,0.824855,1.528599,1.773126,-2.682284,-0.020867,-1.072734,-0.035525
1.129165,1.837838,1.341104,1.932065,0.078928,2.569556,1.015299,0.959213,1.049365
-0.900355,0.952623,-0.031807,-0.942338,2.286559,2.329881,-0.222448,2.207078,1.293248
-0.060011,-0.577037,0.755384,0.298916,0.275242,0.458732,-1.504289,0.404254,-0.608644
2.425620,1.897857,1.686268,-0.508494,-0.264351,1.593749,0.432145,0.941900,0.473124
1.355830,-0.692015,1.876875,-0.070638,-2.149631,1.652684,-0.081611,0.914792,-0.124897
-0.304665,-0.923110,-0.337849,-0.231068,-0.286552,1.070502,-0.408857,-0.263499,-0.195871
1.665239,0.258362,0.912531,0.977228,-1.723723,-0.186712,1.131958,0.176880,-0.999731
1.813981,-1.436974,0.984746,-0.751019,1.764075,2.424915,-0.554887,-0.342879,-0.749828
0.391907,1.109316,2.202718,-0.255312,-0.233611,0.247172,1.322257,1.605563,0.615024
-1.319286,1.407993,1.172556,1.167417,1.175861,0.378103,-0.852951,1.312699,0.538605
0.777819,0.579515,0.310235,1.102133,-0.188759,0.477194,0.471539,0.969806,2.281187
0.814862,0.877415,1.359230,1.192756,0.658244,0.965974,0.987184,1.030920,-1.022347
0.890411,0.712081,-0.214812,2.365003,1.088726,-0.840257,0.260109,0.394442,0.929011
2.038332,-0.827015,-1.803256,-1.342483,1.066832,2.909015,0.501749,0.448857,1.524878
-0.114834,-1.634891,0.402916,1.422921,0.822029,0.934944,-0.100937,2.566604,0.554894
0.201233,-0.329495,0.317197,-0.757989,0.524629,0.575100,-0.923368,-1.094407,0.251945
1.585251,-2.455618,0.900951,2.057236,0.817012,-0.340771,1.078167,0.927960,0.250670
1.460275,0.537363,0.077770,-0.606029,-1.516512,2.285164,0.468564,0.577183,-0.628317
1.250067,1.522108,-0.229503,0.565486,0.885785,1.802880,0.464796,0.523058,0.129780
0.439006,-0.324427,-0.199214,1.391459,0.293073,0.171313,-1.238130,-1.022108,-1.469190
1.386475,-0.457224,-0.250595,1.135243,-0.069903,2.931125,1.445137,0.300397,-1.014639
-0.552939,0.018946,0.799876,-0.294932,2.804126,1.627943,1.500948,0.859642,-0.402311
0.715278,0.562660,0.502043,1.874192,-0.743203,2.162207,-0.034095,1.317353,-0.077117
0.018421,0.591132,1.144459,0.141801,-0.224641,0.196249,0.127742,0.977286,1.952520
1.574708,0.022893,0.225945,-0.066298,1.228309,1.450846,-0.190552,-0.419763,1.286276
2.209282,0.668792,-0.714701,0.366890,1.375702,0.137304,1.084316,-1.274260,0.419507
1.215787,-0.198586,-0.563420,0.163045,-0.545506,0.223522,0.304885,2.191280,-0.029643
1.494312,-0.512837,0.828445,-1.649682,1.433792,-0.170641,0.678937,0.993136,1.396409
0.672574,-0.009014,1.456827,1.464913,0.813676,-0.546234,-0.687540,-1.044816,-0.505954
1.517399,0.632944,2.060956,1.268174,-0.100722,0.856798,-1.013084,0.898532,2.064059
0.951173,0.207729,1.049060,0.673164,-0.485562,0.578935,-0.242271,1.605758,-0.357338
2.128943,-0.759105,-0.488233,0.105238,-0.007249,1.004380,-0.548023,0.426732,-0.041340
0.503057,0.148868,2.215808,0.482409,0.250400,-1.025399,-0.781533,0.864873,-0.781172
2.541259,1.207141,0.066639,0.815459,0.103856,0.090560,0.083232,-0.395834,0.870864
0.376688,0.741505,1.074971,1.045902,0.543245,-0.045667,-0.186268,0.454747,0.081918
-0.177284,1.637849,0.895012,1.771327,0.306029,0.426994,-0.470313,-0.263184,0.907918
2.184339,-0.017252,1.011035,-0.868588,0.187381,-0.685517,-0.145004,0.196712,0.154933
0.689984,-0.468577,0.139518,3.214096,1.193813,1.402233,1.462258,0.275884,-0.019387
1.155245,1.069490,1.491962,0.510186,1.357084,1.188270,0.068816,-1.155235,1.510539
0.974432,0.820510,1.386576,-1.214577,0.231624,0.925755,0.087191,0.864484,-0.186183
0.811881,-0.221820,0.032294,2.230427,2.160603,-0.134029,1.292306,0.624671,0.582612
-0.521543,1.431837,0.136252,0.108631,-0.033917,-0.636571,-0.341995,0.057914,-1.694855
0.001138,0.618281,0.757864,1.670612,1.295149,-0.673574,1.425807,-0.260441,0.114456
-0.427383,0.208392,1.036593,0.856861,1.924663,2.615377,0.298914,0.707236,0.231782
0.056387,0.811279,1.870530,-0.544800,1.356836,0.475280,1.498523,0.123762,0.649940
1.627306,0.879076,1.189994,-0.994416,0.561864,1.993515,2.038804,1.073748,-0.085203
0.121538,0.240772,1.846088,0.939649,-1.495214,-0.203249,2.761600,0.178233,0.748764
1.270226,2.172985,1.245966,2.518306,-1.432599,-0.601586,-0.484767,1.064534,0.151081
-1.018165,1.363209,1.425171,0.667625,0.623874,-0.527976,2.212739,1.999483,-0.665604
-0.038576,-0.232091,-0.016004,0.323343,0.007391,0.781332,-0.247548,1.667226,1.144895
1.729571,0.012363,-1.135588,-0.788794,0.873655,1.165142,1.854023,-0.890772,-1.192610
2.446198,0.354539,2.734944,1.881781,-0.185947,0.446065,1.226659,-0.389813,0.000945
0.807411,0.486173,3.335693,-0.176342,-0.671622,-0.962395,-0.209928,0.411574,-1.094081
0.088759,0.816406,-1.547356,0.484124,0.733968,1.655407,0.837192,0.100387,-2.591455
0.401777,0.746883,1.190593,-0.367758,0.761112,0.903383,0.564378,2.259118,0.974400
2.432869,1.272065,2.014930,0.546183,2.028117,1.537001,0.894405,0.680395,-1.180459
0.593687,1.052100,1.563297,0.041029,0.884182,1.136123,-0.970023,0.158466,1.478427
0.269339,0.189428,-0.035866,-0.164849,0.074887,-0.385743,-2.325957,-1.824811,1.790743
1.050482,-1.425388,-0.628495,-1.303177,0.453964,1.309447,-1.016471,0.548423,1.169972
1.261445,0.730711,1.425190,-0.234207,0.549535,0.424059,0.618725,0.437421,-0.079883
0.493067,1.479186,1.085060,-1.130975,0.907108,0.618158,0.176097,0.454108,-0.370684
0.556340,-0.140371,-0.228570,-1.027776,1.294502,-0.211542,0.921899,1.609392,0.218029
-0.416654,1.710914,-0.490540,1.037963,0.208602,-0.495033,2.945233,0.548738,0.280388
0.691863,0.823554,0.703108,0.927288,0.849600,0.256979,0.103304,0.348861,1.720224
0.925226,0.338492,0.047339,0.449268,1.184620,1.153611,0.391286,0.383754,0.454840
1.757576,0.991818,-0.980682,-0.403167,0.277781,0.623518,1.854859,0.834420,0.027106
0.810466,1.897595,1.307902,-0.834307,0.681407,1.396846,0.419453,1.401269,-0.543872
1.696702,1.082146,0.244693,2.733590,-1.104369,-0.406492,-0.543438,0.319687,0.538584
-0.663532,-0.167794,0.281920,0.417166,0.729977,-0.093468,-1.804178,-0.100668,-0.762351
-0.066033,0.798628,1.177686,2.547334,0.449763,0.424967,1.403219,0.497245,0.723220
-1.121836,1.102761,0.253738,-1.714587,0.343807,-1.058254,-0.955932,2.696306,0.416233
0.074174,0.709126,0.901841,0.758285,0.678869,-0.172154,1.886079,0.409694,-0.151184
0.251030,-0.558732,1.684989,1.068149,0.430061,1.230296,-1.214960,-0.163112,1.398736
-0.046808,-1.000942,-0.214347,0.668863,1.180886,0.148693,0.345403,1.468613,-0.646154
0.416724,0.421470,-1.266700,-0.055352,-0.378882,1.163673,0.931404,0.327046,1.282713
-0.641487,0.259007,1.775659,0.409241,2.425712,1.022696,-0.590989,-1.212786,0.593210
1.356219,0.498902,0.474133,-0.910410,1.073646,-1.729366,0.066229,0.667411,2.532919
0.652349,2.097656,-0.012292,-0.273052,-0.368023,0.894965,0.357017,1.281393,0.951323
-1.003578,-0.089755,0.411648,2.463343,0.049667,0.035313,0.899759,-0.652810,1.324808
0.358922,0.181042,-1.001071,0.314306,0.603778,-0.381191,1.022482,0.592198,0.515438
-0.148681,-0.046018,0.864363,-0.476163,0.283118,2.183760,-0.876520,0.591781,-0.678238
1.260140,-1.202942,1.311062,-0.615180,0.964315,1.190777,1.758264,3.100202,2.008980
0.040117,-0.256735,1.144336,-0.093934,-0.380357,1.482062,1.053080,1.499084,1.624934
0.768693,0.539404,1.460840,1.986216,1.248828,0.454185,0.531369,-0.087631,-0.032325
-0.202400,0.462918,-0.238128,-0.415881,0.111701,1.566856,1.563028,1.013574,0.642425
1.658383,0.262007,1.017161,-1.697257,0.856925,2.972019,2.113132,2.396906,1.032314
0.278614,0.343777,0.330077,-0.605169,0.072463,2.302230,-0.044643,-1.254630,0.784681
1.327954,-0.343643,1.335062,2.022781,0.528651,-0.274888,1.012269,1.387403,0.647703
0.371459,0.229344,0.028419,-2.006259,-0.179334,-0.616107,-0.629215,0.239644,1.207922
0.861704,2.576283,0.665423,0.773814,-0.246408,0.944821,1.150121,0.334959,0.726532
-0.177213,-0.651313,0.761289,0.831255,0.279478,-0.857927,0.977210,-0.157122,-0.824203
1.090627,0.382073,1.239738,1.749208,0.048529,0.417044,-0.515919,-1.596943,-1.137188
1.871952,-1.247725,0.939776,0.796430,-0.193577,0.125748,1.621951,-1.562913,1.317427
-1.428970,0.725759,2.194781,-0.816499,-0.364035,2.669096,1.897362,0.315605,0.046597
-0.032612,0.944724,0.138715,0.191835,0.856140,0.101392,-1.289098,1.043846,1.824617
0.907182,-0.984453,1.002842,2.223769,0.357179,0.465830,0.486865,-0.511913,0.359148
1.078453,0.687715,0.391156,-0.805739,-0.082106,0.734533,1.415498,-1.499849,0.188040
1.502506,1.184560,1.108108,0.566434,-0.601884,2.133787,0.222590,-0.400533,0.959125
-0.936865,1.492895,-0.946615,-0.448974,1.608519,1.362227,-0.170719,1.739793,1.847994
-0.270935,1.916595,-0.673697,-0.160981,-0.907596,0.147067,-0.145847,-0.101443,1.404205
-0.715292,0.520242,1.274788,1.230516,-0.927712,0.867756,-0.823972,-1.224444,0.813547
-1.080392,-0.363186,0.635660,-0.142890,0.661034,-0.454088,-0.440284,-1.006983,1.908760
-0.642840,-0.275056,1.638590,-0.042119,0.456854,-1.024449,0.231025,-0.010640,-0.619237
-1.693390,0.742588,0.926289,-0.484270,0.254221,-0.044756,0.747075,0.738519,0.211800
2.481491,0.144560,0.547653,-0.828748,-0.434370,0.780213,0.759998,0.566118,1.774417
-0.478939,0.809304,-0.509242,0.456397,1.924354,-0.302688,1.016347,-0.233568,0.943737
-0.573319,-1.273316,-1.235189,-0.268483,-1.739818,0.084098,0.930823,0.259065,0.447253
-1.273547,0.317484,2.835816,1.426752,1.786188,0.872302,0.300670,-0.321857,-0.973267
2.349174,1.475643,-0.242355,0.003530,2.670348,-0.504142,1.008449,0.360679,1.864382
1.709542,1.407774,1.053597,-1.017275,1.438210,0.256561,-0.039558,2.383247,1.528251
-2.266141,0.565300,-0.290452,1.979762,-0.197670,0.237483,3.251499,1.433474,1.609513
-0.741955,0.754962,2.367212,-1.713846,0.273604,-1.590832,-1.691166,1.418412,-0.277486
0.875004,0.019599,1.603479,-0.408204,-0.103909,1.113117,1.287960,-0.299437,-0.016234
1.410610,0.963077,1.083951,0.676112,0.765716,1.628703,0.105323,-0.827353,0.591263
1.840426,1.598740,0.614633,1.912009,2.173051,-1.946201,0.650862,0.195097,1.763437
0.521368,0.867883,-0.579259,-0.877120,0.452646,1.772891,0.757323,1.781746,0.337084
0.672238,-0.319331,-1.206380,0.657237,0.011016,0.697109,0.137812,0.653622,1.310066
0.667272,0.445963,0.291353,0.671621,0.821666,-0.011685,-0.495934,0.556387,0.708361
1.471315,-0.763380,1.419764,-0.410641,1.483858,1.125522,0.404614,-0.666088,1.566770
-0.061565,0.476505,1.399711,0.748221,1.059029,-0.058523,-1.561456,1.238100,1.478644
1.261288,0.775097,0.995226,-0.056568,0.082500,1.313828,-0.815127,0.695117,2.202384
1.846466,-2.730140,0.800505,0.787059,2.110700,-0.274348,0.367918,1.161840,-1.130362
0.546064,-0.943022,1.895311,1.054395,-0.817087,-1.747610,-0.077436,1.628579,-1.096004
-0.255154,-0.145312,2.773008,1.000731,1.857404,0.797053,0.075618,0.851090,1.474567
3.193608,0.920473,0.689456,1.241881,-0.094616,-0.039781,1.325871,1.616916,-0.077722
0.326839,0.425736,2.370834,1.204292,-0.060021,0.618996,1.558217,1.780677,0.941820
-1.283343,0.709318,0.536496,-0.224875,2.544716,1.099282,0.291101,0.688119,-0.492506
0.932182,1.487310,-0.324478,-0.013578,0.959288,0.891604,1.334636,3.395706,0.891746
-0.443828,-0.905052,1.025568,-0.356806,-1.022271,1.729157,-0.686654,-0.128971,0.611033
0.453485,-0.777300,0.276742,1.073605,0.711132,0.731791,-0.240536,-0.056426,0.011495
0.110304,2.196964,-0.684775,0.595680,1.712350,-0.597738,1.017702,-0.171045,0.384432
0.195728,-0.593753,-0.221944,-1.393767,0.353276,-0.518906,-1.406296,0.279537,1.580668
1.505389,-0.365704,0.998891,0.079559,1.160860,1.857502,-0.258302,0.038897,0.494624
1.165269,-0.036603,0.247497,0.441699,-0.534944,-0.167042,-1.148945,0.722197,-0.008561
0.490025,0.868041,-0.004438,1.480773,1.479522,0.701124,-0.866903,1.617266,0.685943
-0.787825,0.294857,-0.285545,0.148772,1.799522,-0.823315,2.003367,0.467146,-1.785017
-0.098878,0.436944,2.398987,0.236194,0.211701,-0.716370,-0.370890,3.353215,1.395217
0.983766,-0.984802,-1.166782,-0.393398,-1.118961,0.258821,0.174921,0.893785,0.933059
0.513290,-0.485918,-0.867918,-1.155728,0.659857,-0.173971,-0.205251,1.681535,-0.060726
-0.126355,0.290499,-0.723135,1.352213,0.485807,0.662702,-0.097848,2.319655,0.577967
-0.603829,-0.184708,2.213202,0.664419,-1.242717,3.466151,-0.113938,-0.229536,0.569030
-0.397333,-0.552960,-0.830437,-0.140710,0.216377,-0.629886,-0.713634,0.115490,0.360424
-0.035145,-1.391717,0.878062,2.490113,1.312348,1.389527,-1.478718,-0.267310,1.071415
-0.421188,1.661167,0.197242,0.128659,1.540515,0.182363,-0.309803,-0.079050,-1.976351
-0.773352,0.860299,2.185671,-0.450404,1.488337,-0.589932,1.114711,1.932139,0.486888
0.132599,-2.072426,0.006268,-0.701052,0.600587,-0.771838,1.644023,-1.553273,-1.074561
0.882165,0.567885,-0.426118,-0.654714,-0.267166,-0.106858,-0.014202,1.444419,0.075414
-0.365063,0.172595,0.165147,-0.837459,1.001220,1.541945,0.560939,-0.598389,-0.563039
0.232839,-0.667577,2.220496,-1.626667,-1.451777,0.527060,0.828893,1.010155,-0.768552
-1.393199,1.483218,2.091473,0.041233,1.345478,1.212324,1.618769,2.379641,1.270539
1.459610,1.351746,1.399481,1.260182,0.344098,-0.497817,1.251477,1.305825,-0.319360
-0.634491,0.208926,0.117955,1.864634,1.210537,0.338914,-0.349295,1.464154,-0.307277
-0.627727,-0.483566,2.421874,2.214735,-0.123850,0.387103,0.647316,1.341764,-1.104108
0.800715,0.822248,-2.095449,-0.096602,-0.124643,-0.488181,0.827327,0.592348,-1.365283
1.964742,0.814626,0.556589,1.095080,1.522950,0.451503,0.155932,1.029390,1.022158
2.256063,0.231086,0.508444,1.445025,0.691583,0.080206,-1.438676,2.083178,1.381965
-0.588437,0.335772,1.331645,1.824533,1.912419,0.483610,1.620551,1.007828,0.757670
-1.315397,0.424002,0.979873,-0.532171,0.198470,-1.308486,-0.432563,1.162755,1.416850
-1.123631,-0.653112,-1.081306,0.572525,3.120705,-0.902099,0.432676,1.913538,1.732187
0.129571,-0.031204,0.006851,0.440058,-0.910500,1.393352,-1.539106,2.540841,0.747613
2.229485,0.136562,-1.017968,-1.534825,0.362275,0.860089,0.630892,1.693213,0.332649
-2.594011,1.457509,-1.409953,0.173166,-1.168668,-1.040137,0.981210,0.841863,0.596619
2.211274,0.294628,0.065486,1.072617,0.942121,0.759805,1.203725,1.376585,3.607761
0.391515,1.421305,-0.808994,0.910927,-1.570111,0.703323,-0.388104,1.321783,-0.400300
1.355161,0.163320,0.672355,0.578346,0.992363,0.221207,2.278417,0.556366,2.247495
-0.102344,-0.540434,1.144329,0.387155,1.006557,0.847085,1.076528,1.862853,0.568899
0.265777,0.472659,2.631630,0.847130,-0.704991,2.953981,1.014645,2.794274,0.807317
0.327755,-0.329383,1.605925,0.125324,1.235171,0.704966,-0.531204,1.679948,-0.767408
1.761414,0.953488,-0.535991,0.348501,1.701277,-0.494029,0.917541,0.288686,1.261950
1.080245,-0.087022,0.693343,-1.836368,0.674478,-0.667753,-0.731261,1.569757,-0.323656
-0.678755,1.094850,-1.056940,0.580984,-0.870792,-0.816434,0.416231,0.235965,-1.211188
2.887405,-0.449479,1.424497,-0.331782,1.203191,-1.339551,1.129330,-0.355578,0.933331
-1.406431,-0.261694,0.326438,-0.077448,1.283374,1.609263,0.804924,1.753038,0.010042
-0.534490,1.419538,-0.606896,0.211454,0.417764,0.393163,0.600300,1.351140,-0.617734
0.858746,1.017584,2.166611,0.044208,1.076528,1.514437,-0.025955,-0.618968,0.331951
-0.247691,0.263160,1.920560,1.049068,1.536074,1.304814,-0.749652,1.051754,0.210288
0.242804,1.232123,0.379235,-0.807748,1.072298,0.061643,0.103445,0.232795,1.325241
0.643678,1.377672,0.010733,0.509765,1.010788,0.313322,1.364188,0.384942,-0.048347
0.450642,-0.755007,1.125329,-0.908974,-0.606628,0.375313,-1.587635,1.258499,1.691605
1.202154,1.739560,1.585929,0.174177,1.488175,0.685564,0.899168,-0.558058,1.532061
-1.272832,0.077548,0.923938,1.403807,1.520906,-0.297738,-0.716136,0.789949,-0.923547
-0.237094,-0.241617,-0.154348,0.395182,0.984816,0.015980,1.858140,0.637511,-0.353658
-0.566489,0.071029,-0.572053,1.058268,-0.183374,0.144265,0.306955,1.029166,0.296158
0.139192,-0.936412,1.624804,0.303712,-0.192873,0.214217,0.998072,1.063657,-1.099357
-1.798723,-0.338332,-0.965245,-0.872204,-0.938516,-0.750166,-0.355934,1.243578,-0.988471
1.080868,0.052992,0.732264,1.773502,1.593150,0.829231,-1.149200,2.049728,-0.775597
0.239738,-0.101472,0.608152,1.978998,1.281150,-0.199589,2.339422,-0.218818,-1.090066
-0.589643,-0.767925,1.266543,-0.669149,2.164189,1.389179,-0.739998,-0.599844,0.749125
0.996393,0.815459,1.109358,1.059850,1.106813,0.797825,0.613246,1.351369,0.232436
0.563601,0.883329,0.519605,0.383839,0.375043,-0.325806,-0.856560,-1.244648,0.590933
-1.694471,0.743585,1.283136,0.296733,0.740552,0.919734,0.021044,0.727047,0.871741
-0.386613,1.607115,0.782792,0.401633,3.208891,1.818483,0.615462,0.767003,2.616165
2.278382,2.733021,0.636413,0.363581,0.758951,-0.718757,0.015346,0.629672,-0.354683
0.289288,0.357855,2.595258,0.650908,0.261540,-2.711471,0.044966,1.000783,0.089687
1.131313,-0.494103,0.968608,-1.149127,-0.647410,0.787233,1.185175,0.302554,1.244243
-1.256163,-1.256599,1.807559,-0.536714,-0.523103,1.656193,-1.332070,0.412506,1.075680
-1.026369,1.576713,1.308077,-0.600604,1.073856,0.908996,0.350740,0.427607,1.946415
0.971387,0.661902,1.688917,0.649694,1.128152,2.330410,0.337445,1.283275,0.808397
-1.421328,1.915250,1.200390,0.622194,1.773944,0.665635,-1.432419,1.568068,0.983912
-0.032508,1.131726,0.732699,0.362157,0.903451,1.537644,-0.065721,0.944202,0.331618
1.000115,0.153646,0.079105,0.642467,-0.141927,-0.570295,-0.809002,-1.756443,-0.402771
-0.588754,0.038435,0.967219,1.536912,2.303470,-0.129053,0.654312,-1.053286,0.830200
0.096413,-0.344031,-1.172840,0.668844,-1.247883,-1.866793,1.574824,-0.209479,0.288072
1.158174,1.904016,-0.567235,1.466796,-0.116834,-0.469636,0.328025,2.036675,-0.745012
1.120393,1.200842,0.767717,0.003249,2.414527,-0.573110,1.300341,-0.079046,1.113504
1.137824,0.286289,1.302717,1.327587,-0.165439,1.894533,-0.708887,0.556081,2.016674
0.193664,-0.518233,-0.169638,1.356069,-1.157122,0.817235,-0.798585,0.690559,0.755633
0.431565,-0.717953,0.124808,0.551492,0.650442,1.009332,2.818878,0.791340,0.503509
-1.073327,-2.315221,2.451121,-0.322100,1.896283,3.130445,1.750321,1.218794,-0.783851
1.663295,0.644253,1.146097,-1.217208,0.440711,-1.709254,0.738158,2.265983,-0.401314
-0.073238,0.296466,0.127054,0.030521,0.404067,0.194999,0.216043,0.474282,1.177988
0.488776,1.768923,1.230541,1.562760,-1.095579,-0.961183,-0.553122,0.922389,1.393111
1.349170,1.767616,1.071322,-0.452259,0.766226,-0.223475,-1.005400,0.342233,0.070825
-0.245518,0.469852,0.817945,0.404483,1.462339,0.367093,-0.730677,2.241032,1.206738
-0.423267,2.002370,0.739799,0.316376,1.029998,0.110288,1.828282,-0.123748,-0.245204
-0.514542,0.452415,1.245802,1.377438,-0.035128,-0.589721,0.548978,0.976655,1.532034
-0.014750,-0.475891,0.850295,0.673087,1.414594,-0.391510,-0.030345,1.011849,-0.524787
2.180731,0.669450,0.703883,-1.776970,1.489715,0.289700,-0.074967,1.155722,0.286160
-0.453565,1.417954,0.669267,0.783897,1.436110,0.989038,0.946496,1.665018,0.742955
-0.596769,0.987274,0.522567,1.216520,-1.263906,-0.070003,0.251413,-1.507247,-0.402552
1.206020,1.426716,-0.822179,-0.243374,-0.577559,-0.014994,-0.632149,0.289326,-0.019805
-0.031806,1.732652,-0.310275,1.822372,0.560018,0.934004,0.593698,-0.400485,1.603070
1.491845,2.215455,1.021978,0.776441,0.351750,-0.358924,-0.440104,-0.358023,1.324957
-0.589266,0.126843,-0.560693,2.137777,1.388549,0.266148,0.633330,1.193832,-0.914841
1.961165,0.633606,-0.273296,0.779656,1.866074,-0.587132,0.914508,0.837010,0.176075
2.402938,1.794820,0.661484,1.105257,1.038986,0.515755,1.623881,0.140546,1.676219
-0.433663,0.907156,0.355481,0.485456,3.007854,0.663821,1.473460,1.275763,0.944517
0.704990,1.236106,0.976033,-0.009945,1.681610,-0.164622,0.263353,1.634507,0.357830
0.069752,-0.101516,-0.856547,-0.468639,1.388616,0.578493,-0.555449,2.039549,0.929891
-0.092783,-0.377566,0.161029,-0.402368,1.914216,1.296319,0.198790,-0.224784,1.753064
-0.259072,0.875042,-0.747422,1.182956,-0.677698,0.863149,0.106494,0.897798,-0.179373
-1.930321,2.124155,0.977374,-0.146270,-0.453630,1.110522,2.115691,0.424479,-0.860908
-0.412139,-0.192706,0.484980,1.708373,0.766873,1.972849,-0.822876,0.875910,-0.538459
0.794619,1.836924,-1.714732,0.775074,0.478498,0.182344,1.163435,-0.663550,-0.498784
-2.461039,1.399953,0.611173,1.088787,1.005406,-0.604011,1.012035,1.021130,0.309160
0.763939,2.200385,1.769809,0.753673,-1.476172,-1.169727,1.299926,-0.161794,1.372868
0.878302,1.967884,2.154453,-0.522678,-0.521462,0.298227,-0.162700,-0.805368,-2.047750
0.883038,-0.087002,-1.257705,-0.278108,-0.284125,1.961934,-0.393497,0.742428,-1.323685
1.028261,0.330139,-0.513244,1.188821,0.073264,-1.256160,2.421565,0.023900,0.139523
1.816145,0.119417,1.920906,1.689946,-0.583520,0.769579,1.285197,1.193181,2.110390
0.817420,0.663854,0.742305,1.009525,0.320034,2.123495,0.890563,0.817567,0.648348
0.693861,-2.837190,-0.454915,2.197545,1.375910,-0.792187,-0.473732,0.705086,0.601256
-0.999859,1.322626,0.691130,-1.697715,0.047926,0.840551,0.818474,1.488085,1.044362
-0.295746,0.755327,0.664395,0.060077,0.014358,-1.195487,1.261738,-0.448352,0.625553
1.942952,0.178369,1.415904,-0.195725,3.302838,1.148237,0.624180,0.724571,1.285310
1.112702,-0.393546,0.239373,0.326818,0.931728,-1.057160,-1.767073,1.782145,0.847312
0.071108,1.904146,0.461164,0.273040,-0.348949,0.891054,0.412981,0.081353,-0.264278
1.430926,2.764659,-0.083317,0.942549,-0.205146,-1.199808,0.777605,-0.655817,1.009734
2.240557,0.628324,-0.283563,2.295896,0.942768,0.213899,0.235024,1.060578,1.728346
-0.842048,0.395482,-1.894836,0.194983,1.574158,-0.305641,0.250622,-0.515403,-0.340647
0.421792,-0.427707,1.385618,-0.102572,0.683308,-2.501970,1.022360,2.512445,0.968206
1.488773,0.794315,2.304139,1.017020,-0.916873,0.143691,-0.552710,-0.943611,0.801540
0.874399,1.032936,0.935028,0.898733,-0.362154,-0.094406,1.164998,1.692827,-0.134490
0.600515,1.279401,1.030040,0.388870,0.831121,-0.425197,0.003236,0.065624,-0.182297
-1.052067,0.431339,-0.855880,0.224556,1.191269,-1.751412,-0.277958,-1.244800,0.197425
2.130326,-0.216268,0.940214,0.975615,-0.150405,2.116352,-0.309243,0.720406,0.679824
-1.202385,0.634742,1.313889,2.105526,-0.139546,0.854180,-0.234623,1.836143,0.361676
1.219057,-1.258508,1.275570,0.146133,-0.258404,0.949647,0.989741,-0.112481,1.468770
1.032038,0.953158,0.878863,1.826656,0.980078,0.712661,-0.439313,1.964541,0.595708
1.676607,0.891697,1.950496,0.184145,1.426989,2.043114,0.511938,-0.311811,1.799340
0.974377,-1.510505,1.174276,-0.930640,-1.834757,1.141576,0.727607,-0.239210,-0.024349
0.763078,1.112875,0.901642,1.074172,-0.318834,0.084896,-0.073818,0.635544,1.214936
1.255491,0.350120,-1.121923,-0.370157,0.321820,1.120941,0.767587,1.750833,0.330947
-0.004299,0.309874,0.280016,-0.080522,1.167362,2.827933,-0.041908,0.799773,0.203929
-2.499614,-1.270133,1.540615,0.515637,0.984570,0.254316,0.123734,0.453126,1.198054
-0.281872,-0.117115,1.575444,0.008346,1.442933,0.406474,-0.521736,-0.929145,0.292078
0.686781,0.452556,-0.245796,0.523529,0.176584,0.047751,0.995988,-0.043838,0.579851
1.041609,0.836311,0.572346,0.152588,-0.585219,1.499590,0.558241,2.646661,-0.997880
0.404648,0.616227,1.574737,-0.255744,-0.770693,0.272037,0.934804,-0.251200,-1.067957
0.049528,0.543475,-0.086709,0.646170,0.745313,0.368792,-0.451467,0.581604,-1.196991
-0.594391,0.215548,0.283850,0.118851,-1.026525,-0.347845,0.557245,1.740268,1.345350
-0.326088,1.904885,-0.030958,-0.290170,1.655646,1.876662,1.250051,1.062071,0.316111
1.680755,-0.238627,0.445598,-0.213170,0.139944,1.247075,0.849700,0.945772,-0.455677
-1.250951,0.283639,0.425155,-0.520372,1.086902,1.201036,1.917125,-0.579487,0.060230
-0.590912,0.020563,2.407925,-1.081621,0.724187,1.807889,-0.444013,1.944460,-0.096071
0.045313,0.968020,1.123230,1.394411,0.226554,-1.538031,0.024779,1.039031,1.292372
1.950259,0.200976,0.477237,0.052101,0.123163,1.716820,-0.697432,1.187500,-0.933618
1.118569,-0.078763,-0.242179,2.570385,-1.442759,1.246536,-0.130994,0.623148,0.569721
0.652533,0.276654,0.307395,1.809505,1.392716,1.177828,-0.298790,-0.550434,1.141208
-0.206252,-0.091544,-0.381780,0.059833,-0.367988,0.402563,0.907779,1.567899,-0.876686
0.244612,-0.394549,-0.084642,-0.143937,1.436484,-0.203048,-0.671104,0.541953,0.425791
1.059888,-0.686209,1.126514,-0.148156,0.936865,-0.188140,-2.051550,0.260817,0.345126
-0.069261,1.079624,0.874618,1.383055,0.692575,-0.640512,-0.603547,0.428681,0.674744
-0.285661,0.161224,0.719015,-1.906456,0.069509,1.037291,-0.371669,1.010418,0.414615
0.301929,-0.230542,1.697855,1.156834,-0.767664,1.360939,-0.173210,-0.613504,0.533238
0.046747,-0.491620,-0.579305,0.641182,2.170868,1.176022,0.501398,0.878446,-0.210952
-0.004727,1.100158,1.352106,-0.454931,-0.255674,-0.064007,-1.071216,-0.578422,-0.027802
0.701145,2.215587,0.470098,0.269898,1.247024,-0.344582,-0.073212,-0.249023,0.868973
1.674754,-1.841024,0.061363,0.822535,0.082412,-0.183515,1.227479,0.462006,0.114738
-0.456342,0.816163,1.734204,-0.360440,0.931073,0.892749,2.552492,-0.400252,-0.124076
0.122763,-0.031188,1.988120,-0.779985,0.524710,0.525341,-0.000566,-0.038586,0.108873
0.514570,-0.533577,-0.929723,0.477525,2.455381,1.405460,0.450830,0.627279,0.634177
0.902798,-0.385733,2.283009,-0.763901,-0.660107,1.135492,0.042748,3.759991,-0.833441
1.135470,-0.327635,1.747364,1.800763,0.224715,-0.347823,-0.991839,1.316867,0.216906
1.347415,-0.413560,0.883347,-0.612049,0.225616,-0.665481,-0.679945,-1.162379,0.227605
1.222715,-0.300486,1.463123,-0.494887,-0.156121,-0.473048,-0.768152,-0.510651,0.603975
-1.176650,-1.485707,2.071125,1.265865,-1.023281,2.458509,1.254948,1.063366,0.687068
0.384737,0.259534,0.958810,-2.028969,0.884401,-0.372627,-0.856256,-0.217762,1.334575
1.554568,0.260430,1.682156,-0.925363,1.228930,-0.416138,-0.125892,1.224438,-0.925054
-0.785825,1.374909,0.443355,-0.351517,0.952547,0.757478,-1.421794,0.389905,-0.945177
1.851143,-0.114616,-0.872848,1.086810,-1.407941,-0.230783,-0.745010,0.101580,1.497718
-0.051747,-0.785818,-0.525640,-1.797630,0.202233,-1.085946,0.638105,1.602771,-0.833677
-0.100537,-1.787589,0.493570,1.029909,1.400906,0.979884,-0.076932,1.095617,1.751542
-0.227539,0.887424,2.505039,1.297161,2.803610,-0.041965,-0.717489,0.427943,0.158026
0.958715,0.088315,2.250738,0.386858,1.045845,-1.093847,1.624701,1.690449,1.287189
1.630829,0.791758,2.154648,1.576863,1.880041,0.808680,1.350631,1.731051,-0.216303
0.479003,1.246994,0.304611,-0.128183,-1.299486,1.010424,-0.489237,-0.814302,-0.842102
1.609138,0.223199,-0.438884,-1.032438,0.224858,-1.322716,0.272624,-0.045998,0.681378
1.020428,0.969219,0.710777,-1.659202,-0.421184,0.139842,1.655130,0.983702,-0.792560
-0.120746,1.034763,-0.213410,-1.650837,1.585004,-1.378856,0.188219,1.366828,-0.731453
1.343161,0.852520,0.999034,-3.641807,0.349998,0.281661,-0.107043,-0.256997,-0.511826
1.535459,0.764673,0.234865,0.883909,1.274505,-0.707521,0.607556,-0.869280,0.905907
-1.255079,0.647694,1.064096,0.529902,2.344689,0.215928,0.757911,1.172729,-0.538660
-0.499854,2.446124,0.845662,0.602381,2.418598,3.023767,1.813472,-0.131339,1.127411
-0.700502,0.779043,-0.964531,0.991706,1.682715,0.364091,0.004862,-0.274578,2.995256
-0.611594,-0.635266,1.297543,0.265201,-1.201620,0.248822,1.084441,0.832317,0.641037
2.475216,0.629565,0.363769,0.591795,-0.333577,1.292850,0.427662,0.215587,1.127492
-0.182569,0.290766,0.235418,1.501118,0.938515,0.299358,0.634850,0.241799,-1.500817
1.011968,-1.535694,1.324562,1.632514,2.166382,0.090771,0.533891,1.270542,1.385418
0.932748,1.623335,0.691768,0.401029,-1.200966,-0.980337,0.714876,0.235218,0.207183
1.031866,-1.003629,0.623204,0.826461,-0.631125,-0.174407,0.141441,0.432793,-0.976553
-0.837181,0.247011,1.681185,1.839579,0.110379,-0.023518,-0.518595,-1.704324,0.825611
0.727401,0.318389,1.483297,0.762088,0.349375,0.391999,0.746766,3.133981,0.894854
0.715851,0.900218,-0.159823,-0.057845,-0.377330,-1.785084,-0.521810,0.039493,-1.272119
-0.076386,0.187281,-0.317741,0.511241,1.294620,-0.450765,-0.463977,0.341979,-0.047730
-0.914923,-1.805449,0.734951,0.573891,0.230028,-1.909882,0.046159,1.093851,-0.752529
1.359258,0.516239,1.497706,-0.007758,1.421311,-0.164371,1.455675,1.706854,0.760301
-0.588740,0.109286,0.577066,-0.834079,-1.224808,-0.653811,0.103083,-0.063738,-3.123677
1.509588,-0.564190,0.640721,0.622459,1.157116,1.335731,1.042446,1.438851,0.204204
1.660698,-0.267206,0.132200,-1.626881,0.944948,0.586899,-0.170949,1.142799,2.052044
-0.057222,0.336149,-0.790033,-0.982165,0.876227,0.135570,1.147300,0.243295,-0.134060
1.882724,0.865490,0.435299,1.768314,-0.621942,-0.408600,0.622154,-0.007626,-0.212024
-0.352334,1.152656,-0.211368,-1.344637,0.421774,2.298080,1.293533,0.251293,1.288329
2.061009,0.943501,1.141671,0.107720,1.588779,-0.646284,-0.488268,-1.553865,-0.108448
-1.061761,0.337159,-0.374719,1.024929,0.568506,-1.139817,0.741154,-0.985906,-0.197412
1.085428,1.177576,-0.062009,1.615657,-0.169751,0.833346,-0.873415,0.554315,0.383061
0.192134,0.260520,1.165916,0.284116,-0.184362,1.248470,-0.333498,1.037499,1.369544
1.202794,1.032030,0.463115,2.209154,-2.105999,-0.365563,0.526442,-0.364717,0.128905
1.274971,1.076784,0.444462,-0.262780,0.260273,0.841085,0.462994,1.221723,0.130461
-1.899452,0.371587,0.659621,1.327862,0.635495,-0.189937,0.588674,0.410281,-0.007729
0.652055,-1.018858,-1.042379,1.903255,0.820985,-0.580539,-0.677788,0.749108,-0.724905
0.660137,0.377281,1.525646,1.206351,0.353603,-0.592794,0.746503,0.859870,-0.060260
2.068985,1.044011,1.045734,0.795464,0.486214,-0.002915,0.941400,-0.501836,0.453507
1.556777,1.840547,-1.138547,0.392923,0.066613,1.229129,0.987264,0.424000,1.462555
1.108710,1.297043,0.707074,0.981626,0.787298,-0.356291,0.938837,0.024505,-0.817672
0.566740,-0.690722,1.020377,-0.725566,0.115205,-0.352251,-0.191517,-0.430829,1.466889
0.041502,-0.246230,1.876816,-0.186685,1.590785,0.222850,1.422823,0.716133,-0.559627
0.520139,0.290177,0.630382,0.058470,0.521644,-0.080646,-1.370046,-1.283377,0.149251
0.786003,2.127022,0.750762,-0.332969,-1.033295,-0.800190,0.714128,1.981517,-0.537330
0.556462,0.501084,1.171984,-0.935818,1.465213,0.529596,-0.536983,-0.918407,-0.770308
0.539038,-0.106888,2.779270,1.012998,-0.481353,-0.936896,-1.564096,-0.397062,-0.667865
0.412494,0.247911,0.949930,-0.481299,0.709407,0.552290,0.772660,0.119710,-0.826437
0.532619,2.079041,0.962513,0.560868,-0.234718,0.830501,0.858478,0.453672,1.834367
-0.770888,0.542408,-0.878300,-0.240033,-0.154732,0.976841,0.653901,1.472023,-0.065580
0.570391,-0.911328,1.310638,0.699046,-0.625417,0.335264,0.073753,0.439795,0.931696
-0.077381,1.050125,0.505012,1.405646,0.963974,0.560401,-0.194856,0.632432,-1.024855
0.167947,-0.582022,0.012799,-1.060270,1.024766,0.832188,1.133954,1.810524,0.413816
-1.209052,0.313803,2.481959,-0.928353,0.412688,1.440676,-0.081003,-0.134615,-1.055400
1.121815,0.162092,-1.286164,-0.466238,-0.310645,0.481452,2.706982,-0.884801,-1.036768
0.145647,0.362908,1.680387,0.449365,0.153095,1.103908,0.814857,0.945748,0.976722
1.447402,1.282789,1.969427,-0.589310,2.251022,1.255193,0.522795,0.309066,0.721319
0.408242,1.258472,0.559942,0.008572,2.846675,3.391539,-1.130327,-0.122246,0.979628
1.367055,-0.821024,0.571157,-1.066210,2.201939,0.947470,0.166521,-1.155154,0.791567
-1.093722,0.106469,1.040063,1.211572,-0.227546,0.502949,0.966085,-0.360715,1.264206
0.706074,2.340125,-0.367768,0.291375,0.179986,0.637787,-1.538679,1.196037,1.712448
0.799922,-0.043609,0.133455,0.233802,1.315903,1.257399,-1.478427,-0.011522,0.412083
-1.137703,-1.373338,-1.109713,1.188029,0.650833,-0.055046,0.091826,0.546695,-1.002547
