0.530992,0.602513,0.504472,0.505810,0.535998,0.628225
0.973216,1.117036,0.521083,1.089278,0.700594,0.701278
2.259235,0.356475,-0.598920,0.867320,0.062526,-0.395979
1.327046,1.658757,1.585077,0.200717,-0.091747,0.192572
0.722081,0.680430,-0.382846,2.266165,1.025582,0.214776
1.122733,-0.470124,0.710796,0.485769,-0.369997,0.130021
1.657673,-0.094771,0.223278,0.306029,0.339961,0.837139
0.528541,1.240992,1.045604,-1.239994,1.059449,0.082483
-0.317350,0.704461,1.471063,1.554561,-0.589387,-0.995667
1.138516,0.113484,-0.025843,-1.953785,1.433099,-0.795878
-0.221514,0.311803,-0.139171,0.009266,-0.627105,1.112919
0.686156,0.770682,-2.438750,0.657864,1.590451,-0.215412
1.379545,0.952263,1.360431,0.957079,-0.924600,0.937506
-0.445775,1.362448,0.076659,1.606937,1.084717,-0.205566
0.548609,-0.833306,1.548292,1.326083,-1.725391,2.227271
1.627632,-2.143509,1.254811,0.972939,-0.826220,0.867138
0.072635,-0.854444,-0.083737,1.280886,0.584105,0.886096
0.379943,0.851627,1.324115,0.316577,0.827967,0.640552
1.297710,0.040443,1.165501,0.264946,0.450198,0.236540
-0.548591,0.724994,-1.293518,2.881247,0.965476,0.442101
0.145854,1.582229,-2.908114,0.604387,0.564904,0.734025
0.753794,0.151726,0.809199,1.406637,1.217292,2.039688
1.137052,1.005994,1.124662,1.304166,1.834342,0.044633
1.161868,-0.295170,1.298340,1.553430,-0.227949,0.609908
-0.784025,1.054899,-0.021463,0.605311,3.516313,-0.721980
-1.365827,1.564305,-1.169898,2.408187,0.716392,0.583289
0.284789,-1.453082,-0.833076,-0.142406,2.052371,1.103893
-0.545175,1.388534,1.424958,1.041609,1.631917,0.414031
1.782534,-1.514752,0.128020,0.390196,0.732761,1.112030
0.259415,4.550147,1.052039,2.475741,-1.342102,0.936305
0.439222,-0.292963,0.928718,-0.508357,-0.226041,1.911544
1.570139,-0.356579,0.093882,-0.401072,1.725234,0.880908
1.319842,1.788921,0.835149,-0.878313,0.228641,-2.094651
0.494294,0.446666,1.643242,0.567577,0.977471,0.848265
0.944853,1.992724,1.043207,1.577052,-0.127313,1.275077
0.392922,1.830852,0.509869,-0.729389,-0.853618,-0.886133
2.241857,1.654028,0.199200,-0.105195,0.402739,2.123820
0.122838,0.302424,0.344874,0.232103,0.187618,0.962544
0.667469,2.468573,0.781839,-0.861696,-0.481952,2.231557
0.004283,1.195890,2.820006,1.225058,0.531322,1.105040
1.142084,1.957508,0.592779,-0.274122,0.258283,0.780529
0.965462,0.274576,0.821638,2.830201,-0.024555,1.007241
-1.073845,1.695804,1.623645,1.000453,0.834071,-0.409420
1.905600,-0.612935,-0.206390,-1.384957,0.349165,1.483675
0.287705,-1.299905,1.659961,-0.215125,0.611842,0.136851
0.559081,-1.664327,0.990619,-0.685196,0.164757,0.800652
1.065282,1.431491,2.119724,-0.004218,-0.117730,0.529029
1.017330,1.557777,0.101607,-0.087329,0.354575,0.728295
0.789597,-0.183637,0.741047,-0.260075,0.859736,0.161505
-1.901003,1.195063,0.975479,0.247242,-0.056474,2.241704
1.140944,1.186131,-0.794055,-0.389592,0.793489,2.435063
1.576851,0.214126,2.894243,0.382277,-0.170247,0.611273
1.221443,2.018651,1.015860,1.581957,1.008893,1.648072
1.123688,-0.032506,1.189914,1.496662,0.545377,1.944243
-0.332730,2.471167,1.574579,0.016240,0.822508,0.099836
-0.069383,0.058708,1.357215,0.652883,-1.459936,0.086519
0.415582,1.124237,0.694615,1.780684,1.158923,2.323339
1.201607,1.245684,-0.338068,-0.720965,1.241530,2.342808
0.897326,0.237642,2.533084,0.677035,-0.490768,1.462479
1.143442,-0.538935,1.938531,1.087798,1.793286,1.700712
0.165624,0.595511,0.410939,0.927003,-0.950694,1.464492
1.838684,0.228991,0.254267,0.037249,0.638009,1.196917
1.964509,1.573524,-0.433448,0.082996,-0.241823,0.555902
1.367385,-0.048614,1.781965,0.095729,1.189291,0.144509
0.950785,1.169609,0.783738,-0.192317,2.326579,0.965061
0.077361,0.846351,-0.117479,1.161203,-0.934682,2.798709
-0.349979,1.054754,1.146329,-0.857481,1.907084,-0.160644
1.823997,-0.878743,2.117737,-0.335297,2.335824,0.074117
0.523432,-0.297082,0.063066,2.383024,1.251148,2.917946
-0.038617,-0.198102,0.927165,-0.208219,1.430179,0.378376
-0.687000,0.696630,0.209035,0.583681,0.345973,1.230262
1.049579,0.261583,0.531111,0.205063,0.747812,0.264035
1.732320,1.166900,1.198153,0.292263,1.434399,-0.366384
0.187841,1.184010,-0.757685,0.786749,0.693992,0.731800
1.078671,1.077304,0.675994,-0.642607,1.547920,1.095985
2.804851,-1.086098,1.182774,1.360185,3.314761,1.298985
2.867163,1.636326,-0.624314,1.026113,1.851587,0.901152
0.172591,-0.562253,0.531120,-2.544758,0.003119,0.535545
-0.705365,0.461208,1.426610,0.795842,0.547429,1.633942
-0.077928,1.257967,-1.145129,0.851984,1.247857,-0.676731
0.197322,1.618542,1.342941,1.080306,1.479421,0.511648
1.224696,-0.177031,1.591885,-0.421080,1.186806,0.020106
0.204440,1.263726,0.218041,-0.759943,0.164818,0.316982
1.094346,3.376382,1.760956,0.080851,-1.207146,0.567370
-0.372459,0.701514,-0.568434,0.999037,1.016331,-0.017621
1.336357,1.927825,1.987526,1.362136,2.044145,0.549552
0.979150,0.462739,0.739219,0.949971,-0.810078,-0.603851
1.708977,1.562260,0.496996,-1.134509,-0.314395,-0.331316
1.837096,0.048796,1.820549,1.191575,0.396219,-0.622103
0.753567,1.171168,0.757992,-0.290691,2.149383,2.424359
0.711941,1.298753,-0.192864,1.930103,1.052482,-1.327348
-0.649157,2.308212,-0.060026,0.691818,-0.498214,-1.168025
-1.764748,0.381281,0.367205,2.616542,0.505768,1.458994
0.026544,0.419873,0.827923,1.846234,-2.245611,0.073636
1.029444,1.153480,-1.530269,0.260511,0.850150,1.367567
0.645383,1.508134,0.908697,1.554071,0.076878,1.827205
1.532204,0.434204,2.284366,0.047638,0.529252,-0.113927
0.503935,0.831677,-0.492987,1.245652,1.896803,0.423851
2.488204,1.940067,-0.381028,-0.053489,0.353654,0.266056
3.114594,0.989264,1.844697,0.750156,0.055629,1.104796
1.348219,-0.851972,-0.896366,-1.702682,0.396264,0.899431
-0.110857,0.609089,-0.800678,1.347373,0.100314,-0.458891
0.820425,0.167976,0.172384,0.174781,-0.342753,2.620267
1.117600,-0.807775,0.273637,0.270230,-0.221917,-0.314270
1.460994,1.077456,0.414898,1.281857,0.964961,0.272828
0.428578,-0.315591,0.488570,-1.170684,0.151030,1.749382
0.500591,1.071432,0.087436,1.522163,1.077750,-0.596464
0.444159,-0.127451,2.374925,-1.137062,1.171493,0.914962
0.622192,1.056252,0.766422,1.070326,1.426540,1.621016
0.468134,-1.382520,1.242718,0.836470,0.288657,0.622506
-0.239967,0.223010,-0.842264,-1.205078,0.422708,1.895069
0.286518,1.280773,0.324754,-0.720978,-0.732889,0.969748
0.056594,1.198323,1.740530,-1.732385,1.262763,-0.727156
1.590325,1.854577,0.752348,-0.074684,-0.527945,0.392584
0.210458,-1.083665,-0.926168,1.353174,0.565393,-0.018938
0.253623,0.178665,1.469257,1.701848,0.232320,0.075603
0.256206,0.002325,0.681918,-0.110058,0.824040,-0.879645
0.910074,0.291217,0.854149,0.354880,0.928993,-0.547696
0.146534,1.957159,1.352840,0.282699,-0.052831,1.231112
0.596745,1.441216,0.204275,0.846172,0.388554,1.717798
0.461162,1.037336,0.191510,0.325353,-0.202083,2.239811
1.820278,0.619946,1.318356,1.181975,-0.384673,0.954958
-0.003898,0.143670,0.720883,-1.204946,1.656886,0.518826
-0.159190,1.101623,0.432943,-1.395101,1.032015,3.038120
-1.285616,1.134315,0.384365,0.485978,-0.644937,-0.846034
-0.099103,0.584097,-0.340479,-1.055802,0.026601,1.919906
1.604578,0.939464,0.003963,1.015146,-0.488790,0.649906
-0.172471,0.848230,1.570355,-0.611215,0.527529,0.743674
1.895928,-0.430683,1.016790,1.199164,0.320656,0.130606
-0.250659,-0.174983,0.284550,1.748963,-0.611400,-1.006465
2.072270,0.395909,0.564749,0.061086,0.815845,2.153243
0.898877,1.797783,0.676194,3.086786,1.632299,1.317769
0.207517,0.842554,1.317247,-2.242461,0.574465,0.466021
1.560012,2.264027,2.758378,-0.424750,1.168637,0.350814
-1.126411,0.098026,1.970424,1.244170,-0.688365,2.087206
0.153627,-0.534202,-0.322735,1.881970,-0.230574,-0.730341
1.359308,1.488744,1.941765,0.167090,-1.099019,1.323268
-0.181209,-0.042505,2.575697,0.344357,0.503632,0.767061
2.086763,1.274376,-0.843126,2.444106,0.912287,0.622881
1.447664,2.145954,0.948480,0.025998,-0.158833,0.796890
-2.316298,1.018958,0.897598,1.092812,0.472295,-0.017782
-0.103795,-0.042902,0.743445,2.341856,0.636177,-0.228382
-1.222227,1.309803,1.463041,1.318414,1.080419,-0.197248
0.134864,-0.166351,-0.637674,-0.565324,1.548701,0.712679
0.255725,0.450409,-0.149135,-0.083028,2.682562,-0.771084
-0.175810,2.319071,-1.799315,0.998815,2.154133,1.032029
0.188396,0.109755,1.441348,-1.233300,1.474879,0.435560
0.726624,3.242792,0.468734,0.018187,0.403957,0.082958
-0.772417,-0.395348,0.025481,1.316415,0.638266,-0.680939
0.358209,0.775841,1.329526,0.161800,0.510840,0.771177
2.528133,0.582000,-0.305387,1.356788,2.276675,0.841992
1.505266,0.464485,-0.242421,1.310644,0.800738,1.100862
1.379266,-0.355507,-0.461086,0.042175,-0.414381,-0.656438
-0.450890,3.633297,-0.429086,1.683671,-0.061764,1.059245
-0.308825,-0.659528,1.328950,-0.130361,-0.707702,0.643730
0.531336,-0.129243,0.022066,2.307254,0.735562,1.126625
0.445437,1.956923,-0.585450,-1.430069,0.340411,-0.691946
0.701161,-0.308460,1.656491,0.152118,1.297234,1.668080
2.422424,-0.085958,0.642074,0.283266,0.549332,1.364094
2.554493,0.614077,-0.060292,1.276222,0.461708,1.635884
-0.075008,0.618083,1.522037,-0.322345,1.002677,-0.217224
0.824792,1.493838,0.524248,-1.717083,0.741698,0.290876
0.403919,-0.307884,-1.083852,1.628433,2.140871,-0.493762
0.119039,0.645338,2.575378,0.840396,0.599753,-1.690994
0.493027,1.882577,0.718035,0.347687,-1.544904,1.404269
-0.305460,0.222433,-0.734753,-0.347773,-0.595531,1.570097
-0.093768,2.353826,0.417578,0.817441,0.764747,-0.524658
0.795857,2.363326,0.092619,1.405230,0.742419,0.897511
-0.351299,0.761944,0.037105,1.698816,0.327050,2.004400
0.539524,0.534560,0.630667,-0.464018,0.019398,0.259409
2.226064,1.395523,0.389757,1.820464,0.594582,0.862587
1.206190,0.208897,0.081397,-0.149537,-0.072947,0.758376
-0.325732,-1.456708,-1.466520,2.703930,-1.231000,-0.692754
-0.988930,2.082172,0.343772,2.013106,-0.065064,1.278581
0.310262,-0.698932,2.300969,2.467091,0.853251,0.987390
0.182011,0.874713,-0.078809,-0.464292,0.473675,1.924063
1.242335,-0.488594,0.615432,0.825792,1.064417,0.659716
0.441525,0.935129,-0.252847,1.905484,1.178283,1.010328
-0.390371,2.613356,-0.959529,1.646846,0.723094,0.919447
0.635506,0.133923,0.980271,0.970894,-1.107834,2.613395
0.737266,-0.490580,1.853719,0.219893,-0.305264,-1.392748
0.598072,1.204715,2.053598,1.411037,0.829199,0.301141
1.331232,-0.506235,1.740069,-1.374226,0.391093,-0.795277
0.608739,-1.076907,0.792462,0.872855,-0.414913,0.034191
2.564672,0.699346,0.506215,-1.115721,1.714724,-0.000674
0.460532,3.010225,-0.547220,0.620383,0.877187,2.394401
1.180681,-0.162740,-0.096149,-0.156707,0.059877,0.975572
1.804473,1.775248,1.148231,0.690446,-0.706754,0.844043
-1.054457,0.339098,-1.479713,1.723522,0.906653,1.143276
0.337897,1.216529,-0.391994,1.494997,0.090745,0.808910
2.205804,0.559864,0.616280,1.592708,-0.639745,1.546834
1.563464,-0.312258,0.797961,-0.590217,1.283080,0.623419
1.231678,1.515685,2.175706,-1.127022,1.652800,0.426042
1.190116,0.252199,-0.300083,1.177469,1.551029,-0.667408
-0.628058,0.443476,1.587203,-0.865101,-0.263496,-0.131014
2.643206,0.141991,0.786293,0.655677,0.565241,2.447201
-0.863094,0.452387,0.496353,1.786225,2.507210,0.133340
0.290698,0.903236,1.506498,1.624539,0.914707,1.500040
1.505514,0.146959,0.780857,0.445731,-0.638222,2.027957
0.154723,-0.114856,-0.888110,0.874714,0.100171,-0.183038
-0.503241,0.298289,-1.143377,0.919327,0.003475,0.073847
1.543789,-0.125278,-0.900923,0.538216,-0.360622,1.130547
-0.765499,1.007575,1.378614,0.923641,0.557077,1.824594
1.320000,1.108803,-1.385277,0.514838,0.179234,1.778976
1.702702,0.537806,0.701350,-0.190395,-0.715317,0.973843
0.582987,0.046459,-0.299183,0.786942,-0.015465,0.142353
-0.320147,0.478115,0.547796,-1.054145,-1.558059,0.381318
-0.335596,0.750908,0.113836,1.501013,1.002128,2.988927
0.273356,1.566738,0.455133,1.876729,2.226666,0.903104
0.674237,1.709848,1.022331,0.135347,1.102167,1.485393
-0.694098,0.135653,1.570376,-0.288589,0.364409,0.978690
1.574827,-1.795365,1.086637,-0.435375,0.527384,1.571743
-0.139204,0.569454,-0.028795,0.733791,1.552067,2.271089
2.208939,1.101731,-2.116492,-0.192148,0.971228,1.428146
0.036858,0.091037,1.856547,1.990028,0.033339,0.335455
0.128935,1.084432,0.924644,1.935644,1.729434,1.288305
2.145668,2.063343,-0.602975,0.041647,-0.108452,0.764122
0.216012,1.345203,-0.080755,1.003372,1.013003,1.953209
1.786843,1.565506,2.268399,0.768246,1.301134,0.726266
-0.653746,0.798694,1.408043,2.053609,0.695822,0.100041
0.184443,-0.093706,-1.115890,-0.666932,1.397905,2.045431
0.400479,0.149723,-0.250131,1.784458,-1.960564,1.571042
-2.046527,0.627282,-0.683742,0.753891,0.756716,-1.039549
0.682864,0.681755,0.881130,1.689882,-0.246813,2.396715
0.337917,2.364386,0.344446,2.028057,-0.582474,1.742592
0.242218,2.190921,1.002914,0.932903,1.367792,2.399235
-1.617778,0.996149,1.223882,1.684751,2.046865,-0.383022
0.643064,0.849126,-0.835372,-0.103550,-0.944646,2.481233
-2.352315,1.901711,0.284914,0.374240,0.294812,-1.318102
-0.141313,0.158060,-0.182129,-0.760940,-0.562544,1.827982
0.440639,1.271078,1.086416,1.719690,1.665969,1.152968
0.254289,1.661670,-0.214071,-0.730784,0.200587,0.322314
0.820548,0.776092,1.340302,1.386742,1.833005,0.635414
-0.670186,1.217556,0.002164,0.198355,0.675192,0.689633
-1.336050,1.345093,0.890820,0.673373,2.115051,1.625982
0.442302,-0.793986,1.883817,0.429207,0.764819,3.019234
-0.684139,-1.567882,0.161402,-0.920744,0.623413,1.033747
0.553685,-0.152934,2.488613,-0.392012,1.089580,0.177090
2.382299,-0.541510,-1.123405,1.526139,2.468456,1.383526
-1.117512,-0.000449,0.569515,0.730447,0.287185,1.459945
0.378579,1.320049,0.085617,-0.411824,0.560645,1.232132
0.338124,-0.440045,1.703453,1.476375,2.032616,-0.118250
0.393936,0.942615,1.314511,2.117004,0.570782,0.156736
0.657605,-0.307204,-0.235896,0.043690,-0.988179,-0.176278
1.910753,-0.174054,0.170973,1.052026,-0.564287,0.607459
0.214906,0.080825,-0.278372,0.243864,2.311620,2.034476
1.301301,0.311863,0.398883,-1.262189,0.207283,1.754237
-0.210327,-0.423397,0.489064,0.904441,0.123130,1.316179
0.330118,1.149494,1.600901,1.511256,-0.280468,1.740301
-1.124216,0.861885,0.844992,0.453733,0.917468,1.145630
0.641518,-1.129672,-0.061844,1.031807,-0.184035,1.455731
1.524033,0.986684,-1.821005,1.347952,1.085924,2.636845
-0.475966,1.664725,-0.751260,1.461526,1.138701,-0.582908
2.463948,-0.753531,0.392494,-0.573642,0.351653,0.194784
-0.117876,2.099625,-0.872770,-0.054073,-1.103109,1.366700
0.572444,0.639856,1.994459,1.889257,0.579888,0.679188
0.500693,1.583085,0.931749,0.138384,0.917003,0.674717
1.313200,2.170553,0.847374,0.077408,0.213165,1.488732
-1.131065,0.158060,0.641397,0.907845,0.622913,0.497554
-0.944337,-0.739341,-0.134402,0.948048,-0.414143,-0.477675
0.000452,1.313328,0.189929,1.586636,-0.377617,0.527829
1.443062,0.334932,0.008372,0.351514,0.857394,1.194432
0.667371,-0.324241,0.529597,1.933078,0.981623,0.129687
-0.729061,1.816551,1.378681,-0.440140,0.168035,0.261736
0.072021,-0.368248,1.027888,1.224973,1.504754,1.085903
1.055573,0.222944,0.435357,0.704314,-0.110358,0.606876
2.135746,-0.807646,-0.457592,1.803805,-0.200372,-0.365999
0.383802,2.107889,-0.067108,-1.239099,-0.243795,-0.033263
0.547477,0.260358,1.436387,0.631274,1.281218,0.037269
-0.889846,-0.475685,1.314011,0.900977,0.303565,0.110584
0.334703,0.127085,0.302403,0.427424,0.189124,1.190583
-1.246913,0.690595,1.007475,0.405960,-0.691847,1.017861
1.124876,1.175228,-0.739901,0.916880,1.738881,-1.274586
1.676541,0.317172,-0.536399,0.211278,0.370174,1.304270
-0.731676,0.434861,0.245970,-0.432629,1.113625,0.472457
0.879701,0.072102,-0.395523,0.953995,0.462530,0.291292
2.231135,0.332836,0.754538,-0.947256,-0.426342,-0.500897
1.290679,2.193915,0.718663,0.135184,1.584678,2.604932
-1.666464,0.360470,-0.396677,-1.256886,0.304142,1.521192
1.681743,0.729750,-0.126791,1.262570,1.224141,1.579911
0.912243,1.982782,0.631070,1.331828,-0.874360,1.000001
0.129112,1.245251,1.125251,1.018417,1.586824,0.423107
1.009275,-0.280513,0.403779,1.548617,2.747606,1.026078
-1.293812,0.355562,0.505288,0.624486,-1.223988,0.626862
0.402445,0.472926,1.698668,-0.274703,1.214275,-0.867799
0.401299,2.329133,-0.669768,0.069548,-0.007115,1.704680
-0.903884,-0.078346,0.187700,1.148892,-1.055199,0.391174
0.127735,0.353358,0.490081,-0.368724,-0.475624,-0.064171
-0.457604,0.459784,1.132346,1.450513,1.345426,0.970312
-0.683240,0.947437,-0.257477,0.967273,0.600064,0.863979
2.152772,-0.888272,1.814903,-1.157027,-0.378787,0.160251
1.860567,-1.309502,0.361031,0.800918,2.052719,0.847882
0.319625,1.580641,1.446784,-0.421317,-0.423987,-0.488081
1.450084,1.574007,-0.549067,0.761768,-0.927562,-0.858657
1.378193,-0.824631,0.781599,0.920567,1.298032,0.208880
-1.102917,0.755320,1.654111,-0.964312,-0.040524,0.514755
0.358921,0.972786,-0.020021,0.430110,0.006944,0.911502
1.069863,0.244897,0.933890,2.105933,0.268051,1.333916
0.701928,0.614273,0.652319,0.607482,-1.583905,-0.203555
1.076952,-0.257611,2.890255,0.643308,-1.098966,0.939579
-0.298903,0.613753,0.825856,2.182553,0.922890,-0.048746
1.049488,2.169694,0.761189,1.093484,-0.397608,1.564370
-0.889756,1.243350,-0.194714,2.754442,0.610321,1.549730
0.599429,1.931129,1.074979,-0.069195,0.455620,0.021146
2.153931,1.286468,0.634067,-0.912786,-1.425781,1.064025
-0.172925,1.364018,0.653214,-0.075038,1.170914,0.727846
0.884110,0.438513,-2.133106,0.396110,-0.393842,-1.114233
1.553620,0.630269,0.903076,1.543415,0.386359,-0.971710
1.365341,0.853714,0.430323,-0.468531,-0.567327,0.912325
0.069695,0.052869,0.143735,0.671595,0.090361,2.149556
1.630541,-1.559189,0.460138,0.807298,-1.365650,0.772554
-0.482582,1.107000,0.316295,0.275750,0.524461,0.414276
1.468966,0.708780,0.051471,0.557343,-1.094229,-0.154802
0.157266,0.728843,0.795535,-0.170369,-1.100735,1.440163
0.769819,-0.848076,0.461557,1.201634,0.691252,0.001445
-1.081395,0.391116,0.160340,-0.073822,1.748673,0.277389
0.061967,1.770465,0.122714,-1.644319,1.153757,0.204591
0.996286,0.188342,-0.203279,2.419327,0.439134,0.845667
2.861493,0.677791,1.717638,-1.482149,0.895492,2.171776
0.603284,-1.225752,-1.937485,0.767854,3.425961,2.073206
0.605864,-0.220801,0.931972,0.331257,1.280141,0.573850
-0.953007,-0.066286,0.276939,1.431424,-0.476583,1.729846
-0.621191,1.475935,0.414568,0.372518,-0.404622,-0.044876
1.354249,1.492648,1.216741,1.290065,-0.718826,0.041389
-0.349976,1.938262,0.604650,-1.289944,2.438900,1.396305
-0.837096,-0.314512,0.615350,0.056846,1.641282,-0.517382
0.507312,1.938213,-0.622174,0.480958,1.454980,-0.646772
-0.730193,1.577662,-0.523915,1.420824,-0.001949,-0.831338
1.474150,0.432422,0.589826,1.231957,-0.039723,1.656176
2.320202,0.164579,1.605987,1.255042,1.223068,0.693952
-0.079752,2.209087,1.003527,-0.142990,0.504616,1.551369
0.650200,1.800189,0.561701,2.422818,1.383323,0.720652
-0.589051,0.593068,0.814254,1.692553,-1.303179,0.956532
2.135438,1.917471,1.412152,1.174558,1.838728,0.060419
-0.203190,2.608619,0.432626,0.601967,-0.103649,1.633333
1.167840,0.738032,1.450567,-0.019146,-0.195119,1.915542
-0.062797,1.177668,0.248314,2.321894,0.399187,2.053950
2.308269,-0.052176,0.970287,-0.635772,-0.490760,0.169573
1.196620,1.850342,-0.265952,0.341527,0.366319,1.869490
0.415564,1.845345,1.086277,1.246579,0.366945,0.477185
1.643728,-0.135456,1.520277,-0.763657,1.567310,2.384698
0.705470,0.477220,0.508687,1.327447,0.802500,-0.445331
1.538495,-0.327383,0.235184,1.218954,1.330145,2.725506
-2.073661,1.368045,-0.652872,1.375697,-0.304398,0.096824
1.037755,-0.227749,-1.829043,0.997494,0.500244,1.597379
0.384308,-0.796106,2.019175,0.081155,1.468133,0.130848
-1.265182,1.278295,1.500533,-0.056964,2.973398,0.672956
0.079781,2.621852,-0.384067,-0.536797,1.453276,0.791659
1.301902,0.267145,0.785530,0.871640,0.927793,0.978599
0.536602,0.528841,0.560140,-0.640409,-0.162168,-0.366432
-1.155003,0.885481,-0.055541,2.544964,1.879059,2.612376
2.193153,-1.250475,0.974104,0.709168,1.620975,-0.137623
-1.099418,1.444381,0.788332,-0.345905,1.308008,1.181028
-0.080487,0.103998,0.249870,0.077813,-0.687719,2.108332
0.479271,2.378114,-0.042658,-0.677698,0.114836,0.325447
0.509753,-0.490695,1.659406,0.986719,-0.446884,-0.344792
1.388855,0.359308,1.184884,0.291463,0.890820,0.848723
0.313814,0.695244,0.041707,0.781583,0.554331,0.642063
-0.102378,0.960811,0.939223,0.338718,0.935391,-1.363813
0.576235,0.114026,0.910409,0.258765,-0.199676,1.285531
0.873622,-1.489725,-0.164670,-0.160603,-0.172916,1.520812
2.489612,-0.012701,-0.515431,0.979122,0.993147,0.628669
-0.471782,2.153278,0.449267,-0.089370,-0.675293,-1.030567
0.969920,1.455303,2.084439,0.499547,2.279556,-0.515935
2.830380,-0.134674,-0.694557,0.127982,-0.330587,0.864033
0.556143,1.353252,-0.061097,-1.380493,-0.063743,-1.575979
-0.525047,1.899742,0.359330,0.786541,1.033196,0.236774
1.777660,0.535611,0.789104,0.336596,1.571265,1.240458
1.583525,-0.009763,0.672134,-0.351279,0.136271,-0.774085
1.877223,0.456074,-0.668297,1.576182,1.295386,1.695920
-0.044696,-1.018385,1.341978,1.057017,0.699155,-0.242386
0.919831,0.451181,2.489772,-1.750704,-0.504066,1.444623
1.248113,1.425922,0.999066,0.184966,2.301507,1.175277
-1.063276,0.970721,1.425477,0.271288,1.786719,-0.472211
-0.029782,1.777891,1.212417,-0.203340,1.195845,0.267251
1.231432,0.969282,0.459284,-1.041048,0.534431,-0.400832
1.250987,0.940815,0.532892,0.287013,-0.899213,0.130441
-0.238101,0.754519,0.210638,0.250230,1.863625,2.093101
2.347234,1.869827,1.549769,-0.368271,0.299304,0.846461
0.562680,-0.728855,-0.360362,1.900304,-0.138085,1.479893
0.660510,-0.140722,-0.042432,1.630084,1.190491,0.164245
-0.991620,0.056646,0.540579,2.194408,0.724814,2.074811
-0.410371,-0.556131,0.717469,1.046719,0.607398,0.305126
0.815295,0.697565,-0.913341,0.190193,-1.141195,1.291938
0.413050,0.347657,-1.383860,0.061991,1.799323,0.453609
1.442697,0.889484,2.531831,1.097514,1.623490,2.489975
1.347924,0.091261,0.203102,0.012510,-0.026982,-0.346332
1.674596,1.006365,0.357610,-0.425294,-3.031130,1.785229
0.782299,1.885482,-0.235064,1.485548,1.641490,-0.572415
-0.208609,-0.048067,0.208318,-1.188514,-0.296855,0.754685
0.820972,1.416617,1.827423,-0.002708,1.155113,-0.059992
1.988425,-1.286192,-1.568588,0.432939,2.257931,0.903494
0.236816,-1.845455,2.193248,-0.245765,1.447942,2.210570
0.362810,0.022052,-0.189853,-1.198245,2.392232,-0.726924
-0.395946,1.019078,0.647542,0.623471,-1.675733,0.706520
1.148040,1.570163,1.688829,-0.249402,1.313996,1.853267
1.138449,-0.135471,0.196568,0.269700,0.366404,3.167926
0.951742,-0.508060,1.513290,0.027975,-0.443806,2.111668
-1.088603,-0.217305,-0.532799,-1.118733,1.371396,0.845155
-0.527916,1.042160,0.142426,0.029438,1.507423,-0.692132
-1.217179,-0.107794,1.353629,0.933097,0.071493,-0.927170
-1.505403,1.720751,0.254404,0.380308,0.073164,-0.979316
0.974813,-1.260171,0.322064,1.800603,0.571298,1.850865
0.246618,1.165898,1.192833,-0.764355,0.047928,1.326985
0.348767,1.359589,1.596795,1.329906,0.177170,0.320175
0.050131,0.218449,1.739035,0.798069,0.967512,1.505299
0.489766,-0.045503,0.570368,1.362329,-0.998095,1.360797
-0.420648,0.421611,1.120852,0.803461,-0.540314,2.282777
-0.189384,1.534482,-0.588393,-0.187343,1.747350,0.399753
1.306304,1.723906,1.685779,-0.263270,0.230063,1.574105
1.385658,-1.313012,0.274897,1.048687,1.479800,0.146165
1.175972,-0.097791,0.061618,0.356114,0.107032,1.943104
-0.007300,0.364646,1.894809,0.397091,0.171559,0.230578
2.111274,1.489989,0.866642,0.503971,-0.305681,0.045622
0.210234,0.266347,-0.143998,0.807471,-0.360001,0.474006
0.304788,1.028605,0.257117,0.194383,1.069326,-0.349851
1.895048,1.054949,0.724183,-0.459960,0.135022,0.827772
2.032089,1.703213,-2.277261,1.140503,-0.683321,1.665943
-1.946660,-0.086041,1.939453,0.185763,1.946123,1.269683
0.674757,0.803780,1.302036,1.990669,0.383080,0.168072
1.984256,-0.844618,0.213568,0.141813,0.534332,0.955868
2.479617,2.113599,2.271815,0.410222,0.963656,0.324185
0.896154,1.192240,-0.223098,1.263601,1.811513,1.050620
1.859638,0.995095,1.076010,-0.128442,2.108753,1.268130
0.513279,-0.069794,0.531681,0.582282,0.377322,0.596784
0.416451,0.172499,-0.335707,1.059589,1.432293,-0.408454
0.378649,0.947720,-0.215929,-0.617762,0.989634,-0.849474
1.571640,0.885434,0.548155,0.258647,0.869189,-0.453650
-0.554523,3.058241,0.058632,1.255238,0.920800,-1.089611
2.378283,0.789652,0.718346,1.220063,0.684129,1.371439
1.330657,1.587477,2.292966,0.060529,1.496701,0.542627
-0.107608,1.172787,0.774582,-0.862900,-0.455340,1.434023
0.434586,1.571909,1.092623,1.481508,0.428469,0.423274
0.651430,0.812525,-0.526085,-2.133168,-0.491512,-1.569620
3.398914,0.496110,1.064705,1.122334,1.931536,-0.062258
-0.149009,0.931449,0.507684,0.026745,0.420237,0.587367
1.459376,0.235327,0.366609,1.280808,0.652683,-0.104453
-0.121212,1.028974,1.358902,0.870765,-1.749746,0.111256
0.351963,0.884160,0.710935,-0.029487,-0.768047,-0.219629
-1.077479,0.052701,0.984744,0.641033,-0.782652,-0.250933
0.820715,0.302097,-0.368271,2.987043,1.764109,1.408832
0.031693,0.415048,-0.381701,2.579826,0.071337,0.106782
1.443708,0.869573,0.381400,0.685108,-0.681822,-0.672857
0.422002,0.654290,0.884634,1.191409,0.521337,1.379146
-0.732857,1.903975,1.343669,0.254502,-0.059805,0.354020
0.504008,1.848280,0.079741,1.030624,1.757608,1.078303
1.773815,1.558554,1.867324,-0.218781,1.140923,1.636336
0.937745,1.566468,-0.363523,-0.863253,2.171882,0.969054
1.599622,2.282721,-0.061770,0.577283,-0.507556,1.787308
1.613850,0.202990,0.587826,2.458657,0.087742,0.231294
0.585815,0.440372,-0.363353,0.863076,-0.558990,0.899467
2.302357,0.291327,-0.716851,2.646913,1.141445,1.705945
-0.361762,1.357217,-0.504942,0.229493,0.101504,0.180707
1.109902,1.621454,-1.404645,-0.602695,-1.384674,2.592686
0.265355,1.411662,1.145754,-0.241936,-0.087473,0.588157
1.505869,-0.255821,-1.049615,0.369616,1.160346,1.821196
0.986291,1.454576,1.610414,-1.814029,1.327195,0.132567
-0.906811,1.010592,0.691308,0.698452,1.036402,0.169928
0.749537,1.372744,0.992834,0.587990,-0.146797,-0.995012
-0.541736,-0.387007,-0.417589,0.967152,0.943483,1.897128
1.272959,0.783922,1.146085,0.845256,1.229594,-0.742208
0.303262,0.385644,0.294881,-0.216198,-1.148327,-1.396092
0.620452,0.155567,0.707843,1.279624,0.903535,1.988822
-0.025432,-0.639299,2.507832,1.167343,1.108097,1.676643
1.766614,0.214242,0.782910,0.864306,-0.004844,0.252064
-0.770586,0.182331,1.124557,-0.860142,0.502788,0.470733
-0.053751,-0.062890,0.547028,-0.424821,0.479998,1.865284
0.966331,-0.651086,-0.008881,-0.871973,0.205844,1.659486
0.999962,0.867666,0.108934,-1.380006,0.742507,0.120075
0.613735,1.819149,0.475043,-0.025856,0.899001,1.554129
0.676263,-0.107951,1.860093,-0.024649,-0.382561,-0.355147
-0.161423,0.322694,0.449485,-0.189810,1.113117,1.753827
0.963851,1.923432,0.718501,0.435902,-0.795287,0.021781
0.043150,1.330468,-0.112635,0.962674,0.929564,0.177755
0.672827,0.901842,1.495648,0.959654,-0.659823,1.788007
-0.601432,2.548723,0.559324,1.436280,1.870117,0.836877
0.752709,1.173560,1.291434,-0.758617,0.591212,1.635779
-0.001098,0.096355,2.557503,-0.927545,0.998673,-0.011027
0.360658,1.361821,-0.900594,-0.710481,0.541966,-0.536359
1.100931,1.638464,-0.244242,0.995656,0.275357,-0.136540
0.548664,0.945586,-0.002525,0.058325,0.534062,0.704771
0.779877,-0.178325,-0.130690,1.891754,0.552125,2.942888
0.021423,0.753844,0.135143,0.376258,-0.035207,0.983168
1.329542,0.339034,0.209539,-0.251304,0.108905,1.019072
-0.148343,0.433820,0.346440,-0.341832,0.413854,1.658048
0.441894,0.574953,0.112975,-0.115434,0.299832,0.980894
-0.238448,0.069571,-1.571409,-1.333926,-0.865210,-0.142543
0.663179,0.810246,2.067171,-0.662142,0.974613,-1.970277
2.965523,0.298247,-0.338391,-0.449024,1.254513,-1.059382
2.743703,0.981258,0.983995,1.501853,-0.000546,0.867408
2.344042,-0.805104,1.055285,0.213623,1.851852,0.674706
0.138729,1.495281,0.375045,1.544364,2.058365,0.634029
0.403950,0.193849,1.345996,1.680193,0.708641,2.340652
1.010185,-0.114796,0.760018,0.440517,1.307150,1.061050
-1.019465,0.735233,0.106538,-0.516038,1.032987,1.348289
2.351751,1.861772,-0.148470,-0.646210,0.676677,1.081899
0.068585,1.008969,1.109153,1.806137,1.039732,1.907351
1.759554,0.199682,1.630237,-1.233096,-0.374474,0.803188
0.789428,0.699509,0.334650,0.069432,0.550387,-1.578553
1.372748,-1.368838,1.861517,-0.718693,2.627527,-0.363277
1.014090,-1.454055,-0.279438,0.924310,0.404001,0.338878
0.849356,1.425847,-0.595087,0.098425,1.084362,1.899598
1.156976,2.687856,2.421951,1.821410,0.220606,0.500957
-0.842503,2.235768,-1.426285,1.146603,-0.301780,2.457242
0.581046,1.678892,-0.299630,-0.067578,0.554619,2.104737
0.066285,1.021418,1.125464,-0.225131,0.136453,-0.504675
-0.110912,-1.240377,2.144559,0.058009,0.453399,0.170720
0.700769,1.746560,0.980943,0.392683,1.150983,0.634722
-0.256301,1.243951,1.243588,1.893123,-0.129893,0.196205
0.849420,2.484936,1.231292,0.289805,0.758173,1.005704
-0.730416,0.029261,1.243252,-0.064180,1.602472,0.853893
-0.667774,1.460267,1.109477,0.971856,1.884049,-0.226311
0.295198,0.696009,1.056627,0.118114,-1.242950,0.783321
0.591853,1.417434,0.564947,0.757304,1.221869,-0.421277
2.073652,-0.290267,1.198607,1.235344,-0.668968,1.290849
-1.847691,1.528244,-0.077930,-0.005911,0.318257,1.391589
0.850753,1.471907,-1.319987,1.975436,-0.128746,-0.384006
-0.121495,0.391371,-0.209868,-0.330650,0.706183,-0.755044
1.030623,-0.691409,-1.645698,0.183695,0.081067,0.929131
1.438821,0.628557,0.400097,0.177867,0.871756,-0.192189
1.108683,-1.457810,1.655680,1.507747,0.992497,1.840791
1.112290,1.378336,-1.492301,0.878691,1.337444,0.737190
0.200152,3.116283,0.005897,1.394439,0.056778,0.221619
1.413401,1.252182,-0.351771,1.169870,0.377676,0.746682
-0.273022,-1.594378,0.229610,0.138393,-1.269654,-0.050030
0.863302,1.301761,0.307387,-1.468130,0.519749,-0.347337
1.485434,2.444994,1.457343,0.977612,2.196862,0.823748
0.329247,1.043936,1.485482,0.720913,0.290509,0.622670
-0.953697,0.429033,-0.271776,-0.719212,2.893537,1.565335
2.199529,0.702318,0.611160,-0.553492,1.695579,-0.558925
-0.564585,2.078173,-0.489394,2.004100,-1.639420,-0.194295
1.925601,-0.044628,1.252414,0.380633,-0.035593,2.303737
1.548225,0.083541,0.792857,0.234811,1.684904,-0.061418
-0.177906,1.572021,1.378463,-0.249644,0.976867,1.830142
0.165940,1.535085,-0.337877,-0.248056,0.609147,2.272978
0.033016,2.340708,-0.445601,2.044317,-0.542634,-0.158312
0.631400,2.448824,1.138631,0.931477,0.963922,1.728033
0.848118,1.268591,0.973455,-0.983638,0.253356,1.392953
0.832787,0.481501,0.326734,1.010992,1.576334,0.625546
1.223387,1.077803,0.287130,-1.017332,-0.250200,0.192171
0.680679,-0.164293,0.103535,-0.099902,2.211328,2.011766
1.252138,-0.261112,0.349258,1.301983,-0.896691,0.793007
1.146727,1.302664,1.072933,0.052894,-0.970401,1.024949
0.731835,0.460591,-0.842889,-0.380481,-1.578695,0.316527
2.339092,1.656416,2.235478,0.617163,1.300342,0.764961
0.534936,0.190733,1.442581,-0.282437,1.116926,1.950428
0.843634,-0.789220,-1.194150,-1.073176,0.809674,1.861262
-0.793276,0.393697,-0.035701,1.805633,0.788574,1.073079
-0.782845,0.617478,1.163097,-0.251900,1.815993,0.933378
1.143978,-1.739182,1.374898,1.189380,1.073595,1.473088
1.166602,0.353965,2.736203,1.351315,0.938925,1.236292
-1.044897,0.661006,-0.283303,1.782027,-0.338458,-0.642465
1.073211,0.080355,1.246495,-0.484207,0.310906,-0.045772
0.829546,-0.153047,-1.554162,0.511437,1.101551,1.207558
1.549565,0.012493,2.239489,-0.856496,1.523277,2.342416
2.044484,0.686886,-0.303220,2.037463,1.283449,1.110668
0.746432,-1.387770,0.227201,1.304448,0.326970,-0.610759
1.009775,0.356936,-0.003750,-0.168383,0.285093,1.476219
0.906650,1.444257,-0.791709,0.477391,-0.382936,-1.050805
1.021054,0.320468,0.776034,1.486267,-1.190078,0.790431
1.656807,-0.040074,1.132252,0.835322,1.905554,2.144952
-1.277405,1.461064,-0.575188,0.477047,0.442935,1.013169
0.248929,-0.079567,0.757768,0.492949,0.125672,-0.327294
-0.020754,0.943616,0.192008,1.197069,-0.096459,0.307037
-0.038281,1.084477,0.072269,0.444249,-0.264353,-0.817887
2.909384,1.324431,0.703763,0.729020,2.230904,2.415703
1.684599,1.291910,-0.375240,0.196347,0.843116,-0.281324
1.859501,0.144201,-1.387025,-0.029938,1.407958,1.063554
-0.608035,0.685449,2.271815,2.700561,0.746888,0.412659
-0.493178,-0.826938,0.395895,1.505428,0.377068,-0.212928
-0.492258,-0.080317,1.352465,-0.526321,1.174356,1.331296
0.699947,0.191851,0.273467,0.633372,0.374565,0.181339
-0.068825,0.149200,0.758115,0.632599,-0.881638,2.666992
-1.219242,0.876576,1.509529,-0.126606,0.193260,-0.759813
-1.875603,1.685961,0.635423,-0.393840,-0.305792,0.460948
2.329783,0.832173,-0.972618,-1.898266,1.777409,1.549334
0.947489,2.290618,0.167892,0.027068,1.719532,0.400581
0.496555,-0.303700,-0.942165,1.608972,-1.738846,1.252438
1.023514,0.779908,-0.220999,-0.617095,1.072372,0.690991
0.233442,0.535356,0.184037,0.040647,0.269466,1.493371
0.517498,0.499681,1.059294,-1.184315,0.227904,-1.118858
-0.236263,1.289732,-0.073831,0.062748,0.634605,0.748477
0.883684,0.772779,2.438539,-0.804919,0.285588,0.753523
1.150095,-1.154923,1.751844,0.493103,1.917222,1.315312
0.518297,-0.997609,-0.734127,1.837053,0.382102,1.356205
0.594974,1.081813,2.315602,0.911774,0.815085,2.449042
1.239923,0.884198,0.358430,0.989098,-0.575392,1.673934
-0.177297,-0.280480,1.620026,-0.146655,1.664840,0.534919
-0.648042,-1.076475,0.561243,2.402645,1.802561,0.385115
-0.383310,1.999746,0.467293,-0.587123,0.778146,1.230810
-0.059503,-0.858859,0.802870,-0.693653,0.742276,1.263582
0.334546,1.531088,0.583937,0.720415,1.612879,-0.129145
0.685352,0.585083,0.222857,0.759651,2.387911,0.130709
1.025055,0.034789,1.221191,0.468358,0.675639,1.032686
1.530510,0.002018,1.158773,-0.220203,1.624861,-0.322789
0.899859,0.902673,-0.356130,-0.597694,1.341025,2.259678
0.613382,0.711868,2.585293,0.839054,-0.729822,0.035706
0.871004,1.266856,1.808759,-0.008764,1.302383,1.711072
1.708955,1.236602,1.614405,0.713345,-0.442156,1.617913
-0.768252,0.420108,-0.489182,1.325188,1.242090,0.046313
0.997876,1.532799,0.627177,0.907634,-0.855052,0.609227
-0.122803,0.208543,0.793546,1.700957,0.241883,1.043522
1.586385,1.068291,-0.019572,-0.718207,0.171326,1.995658
1.734489,0.711508,0.143109,-1.225759,0.685518,0.589752
0.496657,-0.512167,1.486888,1.572552,-0.761495,0.624861
0.854944,1.208952,-0.816217,1.990235,2.167041,0.622782
2.030899,0.598805,-0.352611,-0.348326,0.965582,-0.664434
-0.609198,-1.160004,2.664732,-0.815034,2.109131,-0.182952
-0.193470,-0.774406,0.008263,1.284321,0.289461,0.884187
0.405490,0.351772,1.177721,1.813061,0.382004,1.075680
-1.526605,1.408636,1.387649,-0.590289,1.314701,0.880574
0.788455,1.052440,0.058740,1.351048,1.524629,0.179182
-0.313893,0.448952,0.419216,-0.048190,-1.111971,1.263803
0.459947,0.534961,0.521479,0.908722,-0.708681,0.145504
1.036228,1.666707,1.011848,-0.387726,0.290850,0.096886
-0.143117,0.666875,2.133254,1.640053,-0.176789,0.886478
-0.568907,0.357922,2.215658,-0.110273,-0.215654,0.153273
0.731205,-0.317654,1.058230,2.127086,2.153300,-0.990678
1.351816,0.760997,0.138102,0.827909,1.736437,1.229483
0.978015,2.971546,-0.396206,1.265412,-1.316107,1.054832
0.087036,1.234039,-0.623196,0.339292,0.516864,0.342823
1.122219,1.199527,0.854901,0.890659,1.137224,0.489555
0.978616,0.485299,0.881211,1.494892,-0.075497,0.250003
1.163197,-0.188837,0.363772,1.606128,1.187236,0.158821
1.174522,-0.092765,0.432416,-0.714692,2.527733,1.140585
-0.781204,-0.694261,0.282112,1.027167,2.522036,1.228463
1.219898,-0.511725,-0.478337,1.132674,0.486924,0.303050
-0.852708,-0.946940,-0.255432,1.306472,0.678933,0.541407
0.118487,1.413718,0.676285,0.576454,0.839322,1.763151
1.327710,0.710431,0.236743,0.333382,2.635209,1.225605
0.542341,-0.547938,0.315042,-0.932316,1.212906,1.480890
-0.490930,-0.611911,2.080378,0.364830,1.916095,0.571885
0.961992,-0.824631,-0.778013,0.840734,-0.703030,0.765937
0.784567,-2.421892,0.045719,1.731220,0.120718,1.861531
1.707773,2.829948,1.130609,2.134686,1.156884,0.167333
1.081715,2.590273,1.374492,-0.739717,-0.080863,2.374964
0.394484,0.719124,-0.527400,0.501537,-1.362704,0.363647
1.941543,1.854141,0.554368,-0.305873,0.573730,-0.175946
0.369009,1.913076,-0.043653,0.131983,0.059974,-2.061226
1.164993,1.330894,-0.114627,-0.028447,-0.267272,-0.198147
1.820829,0.073680,-0.918487,1.179849,1.273543,-1.635318
1.005405,2.685307,-0.668584,-0.548398,-0.413302,1.852480
2.512116,0.507564,0.696268,-0.052691,1.463842,-0.145206
-0.178750,0.638495,0.619849,1.370038,-0.711366,1.264266
-0.221896,0.737586,2.362431,1.304754,0.613124,-0.100354
1.805684,1.226366,-0.941103,1.395377,1.128769,0.746649
-0.221070,-0.579865,1.010255,2.567624,0.401694,1.177131
0.389600,3.169407,1.606122,-1.139862,0.643334,1.155237
0.911332,1.195336,0.636138,1.625542,0.040648,0.910434
1.922257,0.835492,0.333189,-0.555368,-0.781783,0.613034
0.858292,-0.080379,0.331914,2.259857,1.219752,0.905417
-0.298027,2.545556,-0.547073,-0.403408,0.610149,-1.428107
-0.896803,2.063272,0.211024,0.768107,0.606381,0.974190
0.204902,0.431705,-1.387946,1.594080,-1.096545,0.381478
0.944843,3.191517,-0.933395,1.337864,1.586722,0.018502
2.088519,1.888335,-0.321067,-0.092311,1.642533,2.892531
1.901535,2.422599,0.004127,2.076813,0.107490,-0.654798
0.955100,0.456641,2.033764,0.344422,0.269327,-0.136236
0.598991,1.711238,1.367520,0.136323,-0.048967,1.316714
0.665162,0.397696,0.500751,0.569511,1.225901,1.464107
1.747821,0.483914,0.051601,0.365666,0.446470,-0.457101
0.074183,0.089751,1.477653,-1.447061,0.820522,1.522197
-0.448853,-0.285842,-0.424710,1.667534,-0.545955,0.902081
-0.553146,1.117190,2.145303,1.470795,-0.871499,-0.012317
2.784067,0.839327,-0.276094,0.875785,-0.100686,-0.397157
1.326115,1.264772,0.039904,0.307859,-0.406438,0.081156
1.592609,-0.765007,-0.699928,0.685030,-0.639948,0.338805
1.168955,0.350952,0.952108,1.018080,0.224817,0.192261
1.314567,0.214725,0.163162,1.248523,-0.044683,0.631650
1.473947,0.687386,0.989162,1.973948,-0.328728,0.394434
0.685165,-0.425125,0.236177,-0.665967,-0.003419,0.275786
0.236439,1.662625,0.061857,3.416717,1.603843,1.282218
2.490652,1.448662,1.591783,0.712807,0.210401,1.445489
1.752159,1.186147,-0.104939,-1.011956,0.228776,0.320029
-0.726149,0.126363,0.663856,2.433048,1.433891,2.249008
0.992019,-0.376179,-1.613611,0.311252,-0.200410,0.054488
-0.428516,-0.413182,0.195700,1.873233,1.567392,1.383554
1.664921,2.875769,0.313026,1.059482,0.440499,2.013068
1.880780,0.735672,0.731184,-0.342179,1.640108,1.445241
-0.495381,2.253907,-0.003959,-0.791795,2.180389,0.650269
0.010824,0.057143,0.830008,1.142270,2.903185,-1.406809
1.233067,-0.341194,0.232325,2.720927,-0.343182,-1.344194
0.963608,-0.267584,-0.584360,0.870246,2.354324,0.712279
0.953720,1.041724,1.226139,0.525964,-0.105963,0.095796
-0.083357,1.425534,-1.111366,-0.586173,1.995608,0.962060
-1.501721,0.706457,0.082189,2.084402,1.368244,-0.097542
1.802863,-0.702003,-1.012837,0.026279,-0.068343,-0.583217
-1.182813,1.915799,-2.510211,0.686745,0.978777,0.822373
0.480552,1.163775,1.055644,-0.165137,0.705963,0.849517
0.410534,1.797393,-1.099215,0.748804,1.035990,2.116522
0.899984,1.396515,1.559671,0.243650,-0.828438,0.972587
0.538383,-0.125351,1.871987,0.037772,-2.184372,0.163292
1.109666,1.569839,1.251216,-1.100556,-0.874886,0.542369
-0.254429,0.684451,0.001361,-0.031586,0.760310,0.637940
-0.408901,0.878550,-0.289440,-0.928354,0.317682,0.995513
1.717792,0.048850,0.299273,-0.825155,1.063484,1.382907
1.926935,-0.234641,0.361632,1.240584,3.086818,0.297007
1.949816,0.517371,1.801468,1.129909,0.244889,0.938005
1.207442,1.414003,0.536084,0.651889,0.532871,1.273025
-1.334678,0.883910,0.108350,-0.200546,1.996444,0.366186
0.380134,1.657238,-0.462628,-0.631686,0.561038,0.769812
0.819012,-0.146100,0.619828,2.936211,-0.401853,-1.015964
-0.032069,0.166924,-0.681107,0.619787,-1.662593,0.818382
0.563996,0.685359,0.804464,2.749955,1.544804,0.538168
-3.158420,-0.797862,0.497477,-1.511966,-0.814347,0.432212
1.978139,0.088238,-0.069940,0.960906,2.027664,0.767274
-0.408045,1.490688,1.479980,1.270770,-1.073375,0.518466
-0.426410,0.409085,-0.564910,0.871484,0.486988,1.269291
2.162798,1.424065,1.363957,0.147269,1.072989,-0.290477
-0.337318,1.283088,0.674454,0.611862,-0.449404,2.514117
0.052815,-1.468974,2.614163,-0.707789,0.207814,1.162051
-0.751629,1.155357,1.032567,-0.070431,0.498602,-0.279618
0.528067,0.295705,1.406052,2.665964,1.041344,0.138072
-1.077367,-0.120799,0.596682,0.516927,1.164067,0.692183
-0.719224,2.444152,-0.596994,-0.273542,-0.734935,0.371523
1.084292,1.451169,2.090224,-0.412559,1.899849,1.052720
0.136841,1.742454,1.706178,0.108687,1.194665,-0.291952
0.703612,0.714577,0.048919,2.188837,0.672954,1.337233
1.024859,1.827248,0.723669,-0.213260,1.704613,0.200106
0.026975,3.232411,1.113558,-1.494636,2.254717,0.945330
-0.670994,2.562622,0.865925,-0.402548,0.096942,0.160868
0.106662,-0.014496,0.728947,2.225402,1.153854,0.617056
1.304156,-0.355715,1.289166,-1.803638,-0.487630,-0.090929
2.813822,1.205213,0.807776,0.976435,1.291706,-0.158003
-0.488120,-0.597535,-0.742959,1.033876,1.118795,0.367883
1.890905,0.677436,-1.055944,1.951829,-0.374334,0.136934
2.678778,0.386140,1.398671,0.999051,1.763536,-0.105172
0.711203,2.929488,0.127841,-0.613878,2.038947,-0.275630
1.219540,0.361784,1.905861,0.394456,-1.147513,0.944545
-0.380608,0.726222,0.440392,2.426390,0.628450,0.445584
1.323898,0.994925,0.269284,-0.603118,1.557083,0.006299
0.915917,2.394179,1.040369,0.769055,0.364175,-0.513479
1.020111,1.622619,1.929238,-0.246353,-0.029134,1.696924
1.351467,0.407459,1.485449,0.041640,-0.004262,-0.819191
1.554341,1.128148,0.894791,1.433137,-0.682387,-0.839307
1.199105,-0.193696,1.990004,0.059731,-0.298699,0.749439
-0.236049,-0.764057,-0.537993,0.160502,0.372610,0.545259
0.670628,0.215636,0.293044,-0.281649,0.888660,0.342626
-1.213609,1.040605,1.855661,-0.626127,0.901583,-0.345965
0.076881,-0.042296,1.024981,0.659018,1.157932,2.012759
0.134368,0.344490,0.528497,-0.065862,1.072408,-1.651413
1.202365,1.132694,-0.892023,1.629373,0.442255,1.874593
0.470398,-0.243750,1.945626,0.206151,1.150034,2.758753
2.105650,0.516953,1.609495,-0.814654,0.102027,1.526615
1.425660,0.497875,1.690757,2.182383,3.393084,-0.109265
-0.580683,-1.330440,-0.196242,-1.511225,-1.549581,0.362009
-0.678335,1.373509,0.065010,-0.205583,1.429545,-0.015504
0.180936,1.889095,0.672507,0.878733,0.246908,0.854121
-0.068331,-1.685809,1.844681,2.114630,0.792447,2.261456
0.420554,2.033283,0.418328,-0.674499,0.898908,0.541051
-0.167417,0.957501,1.391310,0.859858,0.279397,0.099421
0.612410,0.248707,0.789605,0.874242,-0.354349,0.910071
2.091533,1.385914,1.648014,-0.208020,0.546199,1.572263
-0.792238,0.201869,1.559888,0.950842,-1.419871,1.147434
0.174638,1.574220,2.283628,0.146053,-0.673542,0.170905
1.456445,-0.013956,-1.049118,0.989680,0.509503,2.199105
-0.959398,-1.487218,-1.014760,1.257016,0.064149,-0.728682
0.427785,1.057445,1.555811,1.203352,0.217203,1.945809
0.054484,0.220611,0.003522,1.444502,1.467456,-0.006211
-0.184725,0.879388,1.023064,1.406913,1.699802,0.028384
2.261111,1.359674,-0.411262,-0.022254,0.432686,2.633121
0.435045,1.151996,0.972990,0.189043,1.476221,1.047693
1.692566,1.989549,0.692277,-0.154185,-0.545069,-0.933866
0.661965,0.992183,0.092739,1.276226,-0.098951,0.799537
-0.092252,-0.337346,0.465676,0.798301,1.159287,1.800755
-1.287004,-0.258514,1.661912,-1.191146,-1.264711,0.441681
1.450414,2.117894,0.575868,0.282180,-0.116717,1.249265
0.143209,0.093350,0.072683,0.644320,-1.007360,-0.446539
0.264646,0.961516,0.767187,1.683394,-0.725318,1.567927
0.409360,-0.562923,-1.703773,0.351393,2.144952,1.887927
0.313346,-0.455978,1.476461,0.438815,-0.229305,0.300106
0.259709,0.519213,1.014303,-0.190777,0.316506,-1.030556
-0.628703,0.086421,0.020518,-0.953107,-0.063666,0.748262
1.448992,0.923094,0.659211,1.554834,0.043737,0.574212
1.217721,3.726543,0.650274,0.867040,0.027647,-1.154312
0.497576,-0.369494,0.441668,0.061911,-0.572049,0.304782
0.462881,1.649919,1.152659,2.692734,-1.337133,1.400753
0.415297,0.442755,-1.895107,0.331280,-0.168218,1.628920
-0.591253,-0.329540,0.568132,-0.247783,1.256296,1.576742
0.386128,-0.511446,-0.993317,-0.498431,1.785608,0.688992
0.582990,0.153534,0.156658,-0.452093,0.127383,-0.178761
0.936356,1.802337,-0.481795,-0.634838,0.702524,1.089625
0.688986,0.787452,-0.687308,-1.424046,0.970478,-1.363372
2.178578,1.472716,1.351783,0.243854,1.760354,1.433883
-0.743060,-0.237425,-0.238116,1.462803,1.393062,0.432503
0.567722,0.599306,-0.226033,2.067255,-0.207710,1.298942
-0.066704,0.647495,-1.022864,2.417356,0.788901,-0.035445
0.209253,-0.227789,-1.284039,0.106019,0.968912,-0.036238
-0.784128,0.711895,1.103402,1.297701,0.297517,1.611355
-0.249197,0.340598,1.463209,1.647646,-1.297091,0.779988
1.131684,0.744002,0.838914,2.027154,1.762136,2.000824
0.257647,-1.048094,1.498094,-0.329550,-0.290978,0.286875
0.641090,-0.641707,1.813431,0.775146,0.574261,3.209110
1.001050,1.653744,0.828857,0.642679,-1.397521,-0.822095
-0.016925,1.120481,0.413893,-1.332204,0.772477,0.450680
0.419095,-0.779745,0.677863,0.375787,1.122795,-1.080263
0.528480,1.020197,3.689005,1.275238,1.345310,1.030526
0.879206,0.963715,-0.319056,1.113548,-0.246519,-1.481706
-1.427400,0.481599,2.328739,0.780967,2.420002,1.080768
0.581664,1.107477,0.650143,0.589776,1.218113,1.094962
1.633985,3.214373,0.888561,1.049751,1.156230,-0.616586
0.307303,0.965358,-0.686164,0.327945,-0.389619,1.323576
0.287560,-0.233637,1.343194,0.551122,1.059126,1.789682
0.961729,-0.407361,-0.242412,-1.633747,-0.589676,0.762883
1.518175,-0.556042,-1.129944,0.783605,0.557816,-0.782387
0.092033,-1.079159,1.014575,-0.129161,1.270915,1.291596
-0.694158,1.869655,0.091286,0.125173,0.946509,1.371779
2.648008,0.653555,-0.536490,0.414075,0.741885,0.506169
0.185936,1.774829,0.413195,0.246829,0.115630,1.164933
-0.888952,1.565206,0.291532,1.251689,-0.608067,1.624479
2.831003,0.322035,1.406485,-0.605127,0.245030,1.160703
1.290150,0.573714,0.032897,0.712386,1.505773,1.099193
0.171874,0.635705,1.772849,-0.706353,-1.446050,-0.518223
-0.652616,0.945956,1.613305,0.376798,1.040753,1.576580
0.861224,-0.037346,-0.842303,1.606428,-0.574551,1.609311
0.720147,0.276372,-0.272414,0.597803,1.999725,1.073221
1.604765,0.404657,0.377402,1.260889,0.448540,-0.094969
-0.533688,0.474609,-1.018113,0.506333,1.139657,-0.104468
2.079181,-0.489774,-0.907227,-0.669583,-0.214349,-0.850111
-0.840007,1.089623,-0.694353,1.976123,-1.007615,1.681555
-0.236775,0.060803,-1.008822,2.181619,2.481007,1.369555
-0.352094,1.649571,0.830369,-0.466528,-0.598413,2.252594
0.379386,1.058217,0.313680,1.262471,0.754831,1.195218
1.738241,-0.065414,0.672177,0.586460,-0.714975,0.463448
-0.151762,1.180126,0.952985,0.499354,0.162629,0.828957
1.491707,2.078875,2.697409,0.604254,0.757047,3.297296
3.544872,-0.458365,-0.273439,0.566202,0.156931,0.847356
0.729604,-2.451079,0.170931,0.853529,0.186551,0.349945
0.989577,1.047625,1.325487,-0.946506,1.326760,-0.559005
1.834823,1.916585,1.156924,-0.334093,-1.190485,-0.434698
-2.414271,1.169388,2.027659,-0.397983,0.492325,1.162261
1.683838,2.590802,0.889641,0.852315,0.479030,1.216557
0.330263,0.926027,1.065156,0.824815,-1.290834,1.862349
-0.844358,1.798036,0.412862,0.564778,0.075864,0.991856
0.727752,-0.309903,-0.321527,0.845088,-0.667417,-0.053522
0.227535,0.131339,0.911444,1.739533,0.795897,2.391875
2.300209,-1.606401,0.369316,0.871465,1.716409,-1.159478
0.954306,-0.209244,-0.663768,1.669417,0.469610,-0.028429
0.291227,-0.312718,1.194748,0.205870,1.441926,2.502932
0.876415,2.154925,2.097918,1.530208,-0.567302,-0.077034
-1.040260,1.077627,0.836877,1.558690,-0.657000,-1.068717
-0.814456,1.269724,0.584753,0.754113,2.960463,0.738847
0.719902,3.390837,-0.702607,-0.119479,1.891906,1.984688
-0.129364,-1.448862,-0.320070,-1.014587,0.879743,0.529116
-0.206242,0.455391,1.259232,0.233142,0.357628,0.492472
1.473135,-0.700791,1.474355,1.765381,-0.411537,-1.007174
-0.594959,0.036917,0.152069,-0.249638,-0.863815,0.854631
1.391215,0.627485,1.287982,0.607104,-0.589092,1.550744
0.606196,0.370680,-0.163960,0.518997,1.969867,1.118403
0.429730,-0.329329,1.613278,1.580059,0.690563,0.053277
-0.631853,-0.131118,-0.443543,0.875708,0.111240,1.502999
0.706655,0.550092,0.367404,-1.574349,0.066618,1.578120
0.375634,1.249430,0.824199,0.986518,1.088081,1.524515
-0.666394,0.190389,-0.321308,1.419141,0.392998,-1.175501
0.495986,0.245398,0.061439,-0.040753,-0.490564,-0.489154
0.042101,1.194396,1.684314,2.024993,0.735283,0.648423
-1.232266,-0.098532,1.406201,0.979062,-0.298519,0.440155
0.580215,0.526540,-0.833597,2.340398,0.774915,1.476954
0.951147,-0.326740,0.257319,0.982277,1.056093,1.954479
0.204496,0.776147,1.757463,1.307878,1.765466,1.127391
1.500299,0.924213,1.025761,0.688077,1.615045,3.096259
0.155293,0.095770,0.439074,0.192676,0.404938,1.770015
0.259634,0.838885,1.011135,-0.266018,-0.413864,1.477021
0.109173,1.556711,1.834308,-0.199747,0.340375,2.002621
0.401450,1.123541,-0.098129,1.385577,0.248079,-0.589293
-1.044139,1.370914,-0.779664,0.056351,2.257276,-0.365225
0.026471,2.233241,-0.457215,1.910994,-0.681291,0.855278
-0.456707,0.442736,-0.417540,0.977695,1.305020,0.566903
1.448588,-0.343619,0.390404,1.291408,1.153620,1.093811
-0.838463,-0.909335,1.454112,0.956294,1.441511,-1.387767
1.356290,0.558619,-1.966506,-0.320057,-0.021115,-0.433057
0.497518,2.222326,-1.242441,-0.075487,-0.251912,-0.195720
0.604268,-0.995768,0.220767,1.391442,2.563150,0.161669
-0.332017,1.029971,2.191634,1.892567,1.426782,-0.495115
0.454422,2.383887,0.729592,1.212146,1.032148,0.408439
0.622573,-0.531795,0.682500,2.400166,-0.332147,1.464315
1.971962,1.100943,1.125606,-1.495094,0.960059,0.136331
0.726692,-0.935095,0.706797,0.262698,1.403323,0.102763
-0.338046,1.408629,1.366554,0.006896,0.765765,3.391243
2.882018,-0.796768,0.928556,0.529439,-1.625488,1.020133
1.529005,1.151446,-0.183034,0.475661,0.554566,-0.260544
0.780654,-0.939416,1.090978,1.145170,0.919190,-0.116741
0.584179,0.474291,1.809590,2.498517,0.376609,1.031173
0.230440,-0.045249,-0.259403,0.397604,0.392207,1.662563
1.084280,-2.241578,1.049450,0.100049,1.163945,0.771713
0.721263,0.404083,0.882784,1.219641,-0.411125,-0.828468
-0.773762,0.165986,-0.053246,1.101354,1.306583,-0.273749
1.069686,-0.164805,-0.101053,0.591491,0.144821,0.919526
0.483376,-1.491020,0.278669,0.427177,-0.136373,1.279674
0.865629,2.376744,0.761068,1.178236,-0.167658,-0.062000
0.586842,1.114572,0.442920,2.308147,-0.093038,-0.051141
-0.063956,1.210039,1.550014,0.348754,1.131326,-0.169999
0.617758,0.973053,0.676952,2.029277,-0.297728,1.068483
2.581369,2.303506,1.880584,0.386766,0.653523,1.515394
-0.852235,1.401968,0.056895,-0.728019,0.869192,-1.746352
0.830730,0.345288,1.296180,1.276793,0.067767,-0.230429
0.569246,1.381333,0.412191,-0.167536,0.909172,0.410225
-0.125718,3.088325,0.285173,0.122099,0.099677,1.255767
1.740881,0.514708,1.279298,0.718258,0.265319,1.072975
0.929533,0.666866,0.373322,0.210967,-0.380151,1.531338
-0.629014,0.308143,0.661095,0.726150,1.137573,0.264989
1.463084,1.759982,-0.916636,0.355209,0.699826,-0.496814
-0.332935,0.532429,-0.986713,-0.053123,1.076389,-0.682288
1.030559,0.629184,-1.115747,0.848791,-0.309882,0.833718
1.303645,-0.087453,1.426594,0.321472,0.698830,-0.938120
1.312140,2.137054,0.397355,-0.087549,1.391636,1.744051
1.262673,1.507467,-0.374433,-0.010549,0.991285,0.228349
2.199677,1.461428,0.141474,-0.317751,2.058710,1.175307
1.559732,2.068281,-0.014827,-0.879000,-0.302428,0.812592
-0.295350,-1.277639,1.373616,1.597032,0.166364,0.314959
1.117087,1.977212,-0.852374,0.254722,-0.555847,0.211568
-0.390601,1.506928,0.650965,2.773006,0.010591,-1.354354
-0.731961,1.438220,1.222452,2.012126,-0.157205,1.481121
1.497181,0.662955,-0.795442,0.262454,1.049364,-0.279583
1.500205,0.057344,0.507035,0.058684,-0.529519,1.524889
0.610592,0.072252,0.426370,0.054465,-1.909965,1.025270
1.701326,-0.380120,0.755988,1.585676,-0.461962,0.780980
3.421246,1.297683,0.495859,-1.703835,-0.230084,0.157914
0.116643,1.621331,0.614482,1.359455,-0.031625,-0.679259
0.124563,1.436414,-0.129708,0.843803,0.642983,2.259273
0.381667,0.196385,0.053442,-0.252310,-0.929631,-0.167269
0.939275,-0.084190,0.950217,0.472519,0.068373,1.335429
1.268803,0.076877,0.195982,1.025156,1.369064,0.170817
1.047213,1.153141,-0.042832,-0.157819,2.694077,1.019478
-0.015024,0.785733,0.190117,-0.577364,0.141019,0.613115
-0.474329,1.665852,0.715421,0.680146,0.592415,2.543786
2.014812,1.395884,-0.752197,-0.561280,0.184333,-0.571702
1.338292,-0.087431,0.298150,2.003384,-0.850254,0.313120
0.918014,-0.405089,0.308849,-0.409428,-0.538360,0.314021
-0.627844,-0.212656,0.685219,-0.292266,-0.626567,-0.067716
-0.652424,2.718901,0.768312,1.468486,1.396533,-0.934876
-0.063230,-0.112235,1.415819,-1.826348,-0.714671,0.972806
1.008926,-0.155746,-0.843810,-0.722742,0.015693,1.317335
-0.298183,1.017870,-0.863933,-0.148896,-1.280209,1.040952
2.299394,0.029609,1.578962,1.289431,-0.603425,-1.319536
-0.089507,-0.825554,-0.752433,-1.595009,0.779690,0.290638
1.117029,1.240276,1.832786,1.232530,0.064653,1.489311
0.333260,0.218427,0.239270,1.499782,-0.575904,2.892015
-0.038094,-0.833455,1.368433,0.589479,1.766286,1.134250
1.271414,1.069072,-0.135059,1.779484,1.492216,1.968446
0.383943,1.270816,-0.760858,0.074438,-0.347652,-1.211081
-1.229648,-1.062324,0.762622,-0.829817,0.414209,0.313263
-0.418259,0.400234,-0.711316,-1.456581,1.796715,-0.332779
-0.812713,-1.118464,-0.650209,-1.448216,0.329804,1.673409
-0.030246,0.542053,-0.430582,-3.439186,0.034542,0.438403
-0.442940,-0.447129,0.987151,1.086530,0.749141,1.362910
0.989813,0.476320,-0.457416,0.732523,0.899496,2.433094
0.490066,3.284159,1.208655,0.805002,1.955057,2.507003
0.324184,0.624483,3.076500,1.194327,0.146447,1.771120
1.486176,0.509214,0.722281,0.467822,1.226026,-1.113215
1.149483,1.553242,1.208736,0.794416,0.569247,-0.245172
1.112559,0.559750,-1.419573,1.703739,0.776435,1.026920
2.119519,0.351163,1.466662,1.835135,0.675476,2.254787
2.270387,-0.719945,0.288427,0.603650,0.856461,-1.112561
0.782419,0.085985,-0.895309,1.029082,0.283026,-0.542720
3.004680,0.236874,0.906855,2.042200,-0.377010,0.198784
-1.337114,0.652391,0.976098,0.964709,0.888351,0.437780
0.690914,-1.524692,-1.190875,0.144776,-0.380225,-0.288925
0.375446,-0.190373,0.033514,0.713862,-0.322392,1.383025
1.611272,-1.649490,-0.671285,0.776512,0.187744,0.318433
-0.534933,0.096021,0.841545,0.194863,1.597260,1.509716
1.126917,-0.393419,-3.042433,-0.631458,0.244668,-1.136403
0.985430,1.596123,0.285448,0.825080,1.184031,1.245521
0.460456,0.847291,2.133288,-1.424260,-0.029364,1.033353
0.553975,0.395962,-0.052816,-0.779544,1.288885,0.964632
-0.270637,-0.148208,-0.130780,1.970935,0.763739,-0.533537
1.220036,2.558472,1.369573,-1.142016,1.435118,0.510179
-0.116810,-0.385892,-0.027204,0.310341,-0.346683,1.677184
1.459192,-0.879425,-0.116168,1.227550,0.882739,0.656911
2.473172,1.093738,0.464305,1.818278,-0.731830,-0.081346
0.287633,1.508862,1.450788,0.486737,-0.191913,-0.095957
0.947647,-0.105171,0.210149,2.411775,0.668027,-2.017594
1.187365,1.101477,0.211705,-0.060159,0.604579,0.348678
-0.502414,0.070455,0.073515,1.530483,0.730259,0.723900
2.555457,-0.320147,-0.643661,2.105876,-0.536203,0.909390
1.302198,-0.332402,0.020984,1.408972,0.888088,0.442008
-0.765271,0.257477,0.534751,0.998085,1.082985,0.574619
-0.041703,1.489521,1.543799,0.595544,1.128849,0.155018
0.208490,-0.095899,-0.736428,1.184247,1.080422,0.875703
2.568912,-0.091859,1.548133,-0.522945,-0.049932,0.203610
1.277363,0.483242,-0.478383,0.015936,1.564408,1.679190
0.000123,0.179746,0.230495,0.261091,-1.228461,0.610049
3.248319,-0.539798,-0.456086,-0.130348,0.855713,-0.944890
-0.167749,0.789988,-0.689064,-0.733197,-0.395398,1.553618
0.742285,-0.676504,-0.586621,1.215619,-1.422511,-0.392948
-0.310761,0.812682,-0.745193,-0.278678,0.914245,0.797812
0.257011,1.090893,1.915611,0.763489,1.000063,-0.146313
0.096148,1.237233,0.015664,-0.037412,0.795486,-0.066327
-1.713793,0.595656,1.012940,0.901667,0.215338,-0.537012
-0.780603,0.820793,-0.943611,1.608267,-0.053271,1.052379
0.065776,1.092580,0.495060,-0.857649,1.275539,1.113171
0.541006,1.701068,-0.974156,-0.725732,0.060582,0.501093
0.383729,0.741844,-0.955524,-0.263617,2.848567,-0.222240
1.493241,1.364300,1.057966,0.651986,0.956442,0.241500
0.899373,1.515585,0.802563,-0.386689,0.664380,2.339427
0.726678,3.651931,1.060872,0.211193,-0.988742,2.935080
1.194304,1.207862,0.872811,-0.863589,0.308106,2.290344
-0.014348,0.763341,1.345450,1.414193,1.107670,-0.139141
-0.279701,0.898179,1.793692,0.493996,-1.397094,0.268391
-0.461897,1.517791,0.493327,0.436423,-1.336842,1.404308
-0.675949,0.205346,-0.921303,1.390650,0.233411,0.739238
