0.620445,0.478543,0.628225,0.468081,0.504472,0.505810,0.535998,0.637982,0.602513,0.530992
0.729908,-1.578199,0.701278,1.144955,0.521083,1.089278,0.700594,1.922042,1.117036,0.973216
1.073934,-0.529046,-0.395979,0.568192,-0.598920,0.867320,0.062526,0.194136,0.356475,2.259235
0.192828,0.400555,0.192572,2.567451,1.585077,0.200717,-0.091747,0.865886,1.658757,1.327046
1.447086,-0.660540,0.214776,-1.048763,-0.382846,2.266165,1.025582,1.024496,0.680430,0.722081
0.418470,0.065467,0.130021,-0.374975,0.710796,0.485769,-0.369997,1.148087,-0.470124,1.122733
2.063979,1.562433,0.837139,0.271476,0.223278,0.306029,0.339961,0.211602,-0.094771,1.657673
0.352087,0.998233,0.082483,0.320459,1.045604,-1.239994,1.059449,0.253339,1.240992,0.528541
0.911729,-0.785326,-0.995667,0.802605,1.471063,1.554561,-0.589387,0.666846,0.704461,-0.317350
1.474021,-1.990087,-0.795878,-0.994336,-0.025843,-1.953785,1.433099,1.769288,0.113484,1.138516
-0.494507,0.955620,1.112919,1.221506,-0.139171,0.009266,-0.627105,2.054584,0.311803,-0.221514
-1.398785,1.751924,-0.215412,1.435378,-2.438750,0.657864,1.590451,0.608015,0.770682,0.686156
0.399361,1.422796,0.937506,-0.118858,1.360431,0.957079,-0.924600,-0.150428,0.952263,1.379545
-0.504854,-0.831704,-0.205566,0.643403,0.076659,1.606937,1.084717,0.154454,1.362448,-0.445775
-0.316966,-0.692054,2.227271,0.124102,1.548292,1.326083,-1.725391,-0.224017,-0.833306,0.548609
0.657719,1.386374,0.867138,1.748030,1.254811,0.972939,-0.826220,0.767559,-2.143509,1.627632
2.142197,-0.810735,0.886096,-0.403885,-0.083737,1.280886,0.584105,1.193815,-0.854444,0.072635
0.998130,0.795575,0.640552,1.789463,1.324115,0.316577,0.827967,0.863219,0.851627,0.379943
0.160717,0.862084,0.236540,1.026560,1.165501,0.264946,0.450198,-0.708383,0.040443,1.297710
-0.361162,1.064231,0.442101,0.460129,-1.293518,2.881247,0.965476,1.279757,0.724994,-0.548591
-0.641655,-0.376141,0.734025,0.063582,-2.908114,0.604387,0.564904,0.678931,1.582229,0.145854
2.108529,0.867599,2.039688,1.009458,0.809199,1.406637,1.217292,-1.581353,0.151726,0.753794
0.440030,-0.475623,0.044633,0.811765,1.124662,1.304166,1.834342,1.115232,1.005994,1.137052
1.323148,-0.003402,0.609908,0.037914,1.298340,1.553430,-0.227949,-0.217575,-0.295170,1.161868
0.457944,0.449488,-0.721980,-2.217962,-0.021463,0.605311,3.516313,0.354115,1.054899,-0.784025
0.105079,0.693023,0.583289,1.253425,-1.169898,2.408187,0.716392,-0.706140,1.564305,-1.365827
-0.611271,0.288144,1.103893,1.473310,-0.833076,-0.142406,2.052371,1.218522,-1.453082,0.284789
1.487770,-0.024241,0.414031,0.420673,1.424958,1.041609,1.631917,0.701824,1.388534,-0.545175
0.258550,0.006854,1.112030,-0.303496,0.128020,0.390196,0.732761,1.467762,-1.514752,1.782534
-0.144373,-0.559507,0.936305,2.244728,1.052039,2.475741,-1.342102,-2.076012,4.550147,0.259415
1.169013,0.146849,1.911544,-0.298453,0.928718,-0.508357,-0.226041,-0.562301,-0.292963,0.439222
0.366608,0.491562,0.880908,-0.099393,0.093882,-0.401072,1.725234,-0.904744,-0.356579,1.570139
-1.451450,1.328933,-2.094651,0.180788,0.835149,-0.878313,0.228641,-0.092391,1.788921,1.319842
1.353240,0.874012,0.848265,-0.252688,1.643242,0.567577,0.977471,0.230995,0.446666,0.494294
1.217939,0.237747,1.275077,0.524345,1.043207,1.577052,-0.127313,0.186063,1.992724,0.944853
0.773922,1.510474,-0.886133,0.166638,0.509869,-0.729389,-0.853618,3.078798,1.830852,0.392922
2.303234,-0.272649,2.123820,0.776006,0.199200,-0.105195,0.402739,0.274650,1.654028,2.241857
-0.617860,1.707600,0.962544,2.391073,0.344874,0.232103,0.187618,0.162879,0.302424,0.122838
0.459641,-1.222265,2.231557,0.492600,0.781839,-0.861696,-0.481952,-0.299031,2.468573,0.667469
0.777171,2.492762,1.105040,0.227393,2.820006,1.225058,0.531322,2.389470,1.195890,0.004283
-1.043471,-1.157502,0.780529,0.595188,0.592779,-0.274122,0.258283,0.153024,1.957508,1.142084
2.070603,1.885818,1.007241,-0.738299,0.821638,2.830201,-0.024555,0.767656,0.274576,0.965462
-0.719284,1.871726,-0.409420,-0.033990,1.623645,1.000453,0.834071,1.297674,1.695804,-1.073845
-1.292902,1.530217,1.483675,0.719730,-0.206390,-1.384957,0.349165,0.661149,-0.612935,1.905600
-0.191732,-0.580745,0.136851,-0.036151,1.659961,-0.215125,0.611842,0.988779,-1.299905,0.287705
0.883273,-1.505962,0.800652,1.415549,0.990619,-0.685196,0.164757,2.359139,-1.664327,0.559081
-0.523685,1.090228,0.529029,1.007217,2.119724,-0.004218,-0.117730,0.092647,1.431491,1.065282
3.047442,0.492045,0.728295,0.473810,0.101607,-0.087329,0.354575,0.402764,1.557777,1.017330
1.289100,0.671850,0.161505,1.028344,0.741047,-0.260075,0.859736,2.078687,-0.183637,0.789597
0.575327,1.333969,2.241704,1.373682,0.975479,0.247242,-0.056474,1.984242,1.195063,-1.901003
1.409750,1.974380,2.435063,2.434290,-0.794055,-0.389592,0.793489,0.677528,1.186131,1.140944
0.318060,0.316044,0.611273,1.005197,2.894243,0.382277,-0.170247,0.393713,0.214126,1.576851
0.568425,1.312787,1.648072,1.069862,1.015860,1.581957,1.008893,0.394270,2.018651,1.221443
1.010493,0.488019,1.944243,0.759455,1.189914,1.496662,0.545377,0.765896,-0.032506,1.123688
1.526110,0.333714,0.099836,0.486105,1.574579,0.016240,0.822508,0.704583,2.471167,-0.332730
0.570863,2.976478,0.086519,0.996752,1.357215,0.652883,-1.459936,1.788269,0.058708,-0.069383
0.703148,-0.102254,2.323339,1.232078,0.694615,1.780684,1.158923,2.816573,1.124237,0.415582
-0.323040,-0.535282,2.342808,-0.892280,-0.338068,-0.720965,1.241530,0.497096,1.245684,1.201607
0.871454,0.309808,1.462479,1.803655,2.533084,0.677035,-0.490768,0.867820,0.237642,0.897326
3.118065,1.654286,1.700712,0.218807,1.938531,1.087798,1.793286,1.222881,-0.538935,1.143442
0.682933,-0.098401,1.464492,-0.628318,0.410939,0.927003,-0.950694,0.883136,0.595511,0.165624
0.544949,-0.077932,1.196917,-0.809511,0.254267,0.037249,0.638009,-0.643288,0.228991,1.838684
1.576929,0.461562,0.555902,-0.518850,-0.433448,0.082996,-0.241823,1.447714,1.573524,1.964509
-0.629641,1.117585,0.144509,-0.001591,1.781965,0.095729,1.189291,-0.452355,-0.048614,1.367385
-1.547921,-0.674262,0.965061,0.523074,0.783738,-0.192317,2.326579,-1.776601,1.169609,0.950785
0.607482,0.456619,2.798709,2.587839,-0.117479,1.161203,-0.934682,1.132859,0.846351,0.077361
1.176066,-0.403253,-0.160644,-0.366969,1.146329,-0.857481,1.907084,-0.222454,1.054754,-0.349979
0.432347,0.323156,0.074117,2.205190,2.117737,-0.335297,2.335824,-0.909238,-0.878743,1.823997
0.647481,1.343127,2.917946,-0.354489,0.063066,2.383024,1.251148,0.907660,-0.297082,0.523432
1.365196,-1.716310,0.378376,1.805483,0.927165,-0.208219,1.430179,0.261100,-0.198102,-0.038617
-1.072783,0.885602,1.230262,-2.373001,0.209035,0.583681,0.345973,0.171584,0.696630,-0.687000
0.662410,0.947878,0.264035,1.916777,0.531111,0.205063,0.747812,-1.068741,0.261583,1.049579
2.466585,1.884642,-0.366384,-0.104626,1.198153,0.292263,1.434399,3.006730,1.166900,1.732320
2.487377,-0.039930,0.731800,0.903070,-0.757685,0.786749,0.693992,-0.624206,1.184010,0.187841
0.101519,1.404141,1.095985,0.468027,0.675994,-0.642607,1.547920,-0.108875,1.077304,1.078671
0.443721,0.748163,1.298985,2.320415,1.182774,1.360185,3.314761,2.153990,-1.086098,2.804851
-0.621507,1.587960,0.901152,0.954984,-0.624314,1.026113,1.851587,0.285129,1.636326,2.867163
1.219750,1.040290,0.535545,0.474403,0.531120,-2.544758,0.003119,0.723174,-0.562253,0.172591
2.904263,1.700869,1.633942,-1.459442,1.426610,0.795842,0.547429,0.838868,0.461208,-0.705365
1.002350,-0.590852,-0.676731,-0.016160,-1.145129,0.851984,1.247857,1.624164,1.257967,-0.077928
0.621210,-0.862332,0.511648,1.797441,1.342941,1.080306,1.479421,-0.642368,1.618542,0.197322
-0.747562,0.394651,0.020106,-0.009249,1.591885,-0.421080,1.186806,0.421229,-0.177031,1.224696
0.828065,0.455890,0.316982,-0.847989,0.218041,-0.759943,0.164818,0.252540,1.263726,0.204440
1.139928,1.668426,0.567370,-0.635942,1.760956,0.080851,-1.207146,0.020891,3.376382,1.094346
-0.274990,-0.586931,-0.017621,0.435209,-0.568434,0.999037,1.016331,0.722849,0.701514,-0.372459
0.824553,-0.645412,0.549552,0.712788,1.987526,1.362136,2.044145,0.570559,1.927825,1.336357
-1.197760,1.405818,-0.603851,1.311865,0.739219,0.949971,-0.810078,0.524197,0.462739,0.979150
0.198724,0.467269,-0.331316,1.203937,0.496996,-1.134509,-0.314395,0.645555,1.562260,1.708977
0.758546,-2.232126,-0.622103,1.576303,1.820549,1.191575,0.396219,1.315676,0.048796,1.837096
2.569808,-0.485909,2.424359,1.253705,0.757992,-0.290691,2.149383,-0.557823,1.171168,0.753567
1.242197,0.738303,-1.327348,1.489377,-0.192864,1.930103,1.052482,-0.683440,1.298753,0.711941
1.899382,1.019949,-1.168025,-0.740291,-0.060026,0.691818,-0.498214,0.609348,2.308212,-0.649157
1.054557,-0.190668,1.458994,0.319665,0.367205,2.616542,0.505768,1.536704,0.381281,-1.764748
1.186176,-0.036751,0.073636,1.165101,0.827923,1.846234,-2.245611,-0.573213,0.419873,0.026544
0.355143,1.212505,1.367567,-0.357525,-1.530269,0.260511,0.850150,1.833183,1.153480,1.029444
-0.373735,1.793160,1.827205,0.708322,0.908697,1.554071,0.076878,-0.465589,1.508134,0.645383
0.478287,0.735615,-0.113927,2.466694,2.284366,0.047638,0.529252,1.266973,0.434204,1.532204
-0.639680,1.960232,0.423851,0.185815,-0.492987,1.245652,1.896803,0.355720,0.831677,0.503935
1.180862,3.212441,0.266056,1.606815,-0.381028,-0.053489,0.353654,0.140647,1.940067,2.488204
0.455889,1.576575,1.104796,-0.565393,1.844697,0.750156,0.055629,0.058052,0.989264,3.114594
-0.292424,-1.358944,0.899431,1.631906,-0.896366,-1.702682,0.396264,0.179463,-0.851972,1.348219
0.431371,-0.366247,-0.458891,-0.911516,-0.800678,1.347373,0.100314,1.385317,0.609089,-0.110857
0.175479,-0.859936,2.620267,-1.222318,0.172384,0.174781,-0.342753,-1.357072,0.167976,0.820425
0.202603,0.795984,-0.314270,0.560285,0.273637,0.270230,-0.221917,1.645447,-0.807775,1.117600
-0.297430,-0.900991,0.272828,1.548496,0.414898,1.281857,0.964961,-0.112437,1.077456,1.460994
0.429474,-1.233084,1.749382,0.973227,0.488570,-1.170684,0.151030,0.627858,-0.315591,0.428578
0.203943,-0.479554,-0.596464,0.840450,0.087436,1.522163,1.077750,-1.229692,1.071432,0.500591
1.733853,2.522642,0.914962,1.599721,2.374925,-1.137062,1.171493,2.890795,-0.127451,0.444159
3.497918,0.132998,1.621016,1.479221,0.766422,1.070326,1.426540,1.742798,1.056252,0.622192
-0.616371,-0.106354,0.622506,0.569450,1.242718,0.836470,0.288657,-0.931884,-1.382520,0.468134
1.806162,0.416251,1.895069,-0.492310,-0.842264,-1.205078,0.422708,0.004255,0.223010,-0.239967
0.815460,1.723867,0.969748,-1.367076,0.324754,-0.720978,-0.732889,0.190873,1.280773,0.286518
1.933610,0.843253,-0.727156,0.651316,1.740530,-1.732385,1.262763,0.554778,1.198323,0.056594
2.555781,0.544313,0.392584,0.046399,0.752348,-0.074684,-0.527945,-0.067728,1.854577,1.590325
1.944465,-0.536000,-0.018938,1.222918,-0.926168,1.353174,0.565393,0.027747,-1.083665,0.210458
0.264841,-0.622896,0.075603,-0.167891,1.469257,1.701848,0.232320,1.134432,0.178665,0.253623
0.622641,0.133343,-0.879645,0.451435,0.681918,-0.110058,0.824040,1.113689,0.002325,0.256206
0.101131,-0.310837,-0.547696,0.246410,0.854149,0.354880,0.928993,0.371719,0.291217,0.910074
0.659183,1.505676,1.231112,1.600639,1.352840,0.282699,-0.052831,1.326816,1.957159,0.146534
-1.457753,-0.928742,1.717798,0.845149,0.204275,0.846172,0.388554,0.882151,1.441216,0.596745
1.557134,0.349862,2.239811,-0.401197,0.191510,0.325353,-0.202083,0.991468,1.037336,0.461162
-0.479763,0.728974,0.954958,1.285314,1.318356,1.181975,-0.384673,1.396569,0.619946,1.820278
2.690144,-1.264047,0.518826,0.030108,0.720883,-1.204946,1.656886,0.341250,0.143670,-0.003898
0.290307,1.450787,3.038120,1.703982,0.432943,-1.395101,1.032015,-0.121973,1.101623,-0.159190
1.680761,1.760890,-0.846034,1.098727,0.384365,0.485978,-0.644937,1.792621,1.134315,-1.285616
1.843777,2.466330,1.919906,-0.552467,-0.340479,-1.055802,0.026601,0.555399,0.584097,-0.099103
0.597072,0.806367,0.649906,1.972184,0.003963,1.015146,-0.488790,-1.363571,0.939464,1.604578
1.578955,0.105121,0.743674,0.398363,1.570355,-0.611215,0.527529,-0.630099,0.848230,-0.172471
-0.195753,0.410565,0.130606,1.767097,1.016790,1.199164,0.320656,1.975493,-0.430683,1.895928
0.376081,2.440264,-1.006465,-0.591116,0.284550,1.748963,-0.611400,0.367762,-0.174983,-0.250659
1.828020,-0.246553,2.153243,1.924233,0.564749,0.061086,0.815845,0.340644,0.395909,2.072270
-0.613771,1.581136,1.317769,2.872651,0.676194,3.086786,1.632299,0.421943,1.797783,0.898877
0.801280,-0.445287,0.466021,1.476860,1.317247,-2.242461,0.574465,2.280503,0.842554,0.207517
0.240688,-0.516238,0.350814,-0.792365,2.758378,-0.424750,1.168637,1.942153,2.264027,1.560012
1.237606,-0.141141,2.087206,1.101198,1.970424,1.244170,-0.688365,-1.409343,0.098026,-1.126411
-0.625558,-0.079018,-0.730341,1.589660,-0.322735,1.881970,-0.230574,-0.346119,-0.534202,0.153627
1.514133,2.166118,1.323268,2.519370,1.941765,0.167090,-1.099019,1.192413,1.488744,1.359308
-0.802637,-0.270169,0.767061,0.629550,2.575697,0.344357,0.503632,0.041006,-0.042505,-0.181209
1.257055,1.980544,0.622881,0.388557,-0.843126,2.444106,0.912287,0.997471,1.274376,2.086763
-0.322330,0.338035,0.796890,-1.103270,0.948480,0.025998,-0.158833,-1.481181,2.145954,1.447664
-0.060261,0.816249,-0.017782,-0.746390,0.897598,1.092812,0.472295,-0.489868,1.018958,-2.316298
2.073038,0.737473,-0.228382,-1.116654,0.743445,2.341856,0.636177,0.458183,-0.042902,-0.103795
-0.098690,-2.062967,-0.197248,2.364554,1.463041,1.318414,1.080419,1.293558,1.309803,-1.222227
2.727523,0.225236,0.712679,1.191364,-0.637674,-0.565324,1.548701,0.048319,-0.166351,0.134864
-0.065955,1.699665,-0.771084,3.102074,-0.149135,-0.083028,2.682562,0.589651,0.450409,0.255725
1.471176,1.903404,1.032029,1.181862,-1.799315,0.998815,2.154133,0.724042,2.319071,-0.175810
1.510024,-0.066006,0.435560,2.077015,1.441348,-1.233300,1.474879,0.961110,0.109755,0.188396
0.635040,-0.914749,0.082958,1.932329,0.468734,0.018187,0.403957,2.657333,3.242792,0.726624
0.273759,-0.899803,-0.680939,-0.987542,0.025481,1.316415,0.638266,0.462386,-0.395348,-0.772417
-0.355713,1.273889,0.771177,0.998190,1.329526,0.161800,0.510840,0.915194,0.775841,0.358209
0.821721,0.260481,0.841992,1.302166,-0.305387,1.356788,2.276675,1.670245,0.582000,2.528133
1.197411,0.935301,1.100862,-0.251795,-0.242421,1.310644,0.800738,0.820799,0.464485,1.505266
1.554136,1.053316,-0.656438,0.142305,-0.461086,0.042175,-0.414381,1.857767,-0.355507,1.379266
1.211461,0.102095,1.059245,0.862565,-0.429086,1.683671,-0.061764,0.148090,3.633297,-0.450890
0.836803,1.363165,0.643730,0.708788,1.328950,-0.130361,-0.707702,1.323725,-0.659528,-0.308825
0.416724,0.007059,1.126625,-0.485353,0.022066,2.307254,0.735562,0.679118,-0.129243,0.531336
0.606708,-0.486978,-0.691946,-0.848082,-0.585450,-1.430069,0.340411,0.869631,1.956923,0.445437
-0.531723,0.837661,1.668080,-0.200517,1.656491,0.152118,1.297234,0.888223,-0.308460,0.701161
1.903950,0.671924,1.364094,0.446103,0.642074,0.283266,0.549332,0.437353,-0.085958,2.422424
0.843442,-0.915191,1.635884,1.000561,-0.060292,1.276222,0.461708,1.276180,0.614077,2.554493
0.562806,2.109475,-0.217224,-0.605698,1.522037,-0.322345,1.002677,2.411693,0.618083,-0.075008
0.294414,1.274777,0.290876,2.142022,0.524248,-1.717083,0.741698,1.062159,1.493838,0.824792
-0.916041,1.230099,-0.493762,3.710953,-1.083852,1.628433,2.140871,0.963216,-0.307884,0.403919
0.450332,1.568770,-1.690994,0.345993,2.575378,0.840396,0.599753,0.279921,0.645338,0.119039
0.543776,1.609321,1.404269,0.072982,0.718035,0.347687,-1.544904,-0.072799,1.882577,0.493027
-0.259854,0.876143,1.570097,0.775591,-0.734753,-0.347773,-0.595531,0.841173,0.222433,-0.305460
-1.673286,2.010771,-0.524658,0.810962,0.417578,0.817441,0.764747,1.509817,2.353826,-0.093768
1.536590,1.182262,0.897511,0.553930,0.092619,1.405230,0.742419,0.299516,2.363326,0.795857
-0.716559,1.498623,2.004400,-0.423328,0.037105,1.698816,0.327050,-0.296377,0.761944,-0.351299
1.749399,2.863275,0.259409,2.048113,0.630667,-0.464018,0.019398,-0.991346,0.534560,0.539524
2.302778,1.285902,0.862587,-2.311675,0.389757,1.820464,0.594582,2.320547,1.395523,2.226064
0.397864,0.345558,0.758376,1.328699,0.081397,-0.149537,-0.072947,0.473236,0.208897,1.206190
-0.085139,0.391033,-0.692754,-0.358220,-1.466520,2.703930,-1.231000,-0.231477,-1.456708,-0.325732
0.523427,0.361434,1.278581,2.138204,0.343772,2.013106,-0.065064,-0.383329,2.082172,-0.988930
0.810579,0.667982,0.987390,0.803766,2.300969,2.467091,0.853251,1.081408,-0.698932,0.310262
1.980216,-0.820941,1.924063,1.594910,-0.078809,-0.464292,0.473675,-0.385934,0.874713,0.182011
0.278016,0.958939,0.659716,-1.049595,0.615432,0.825792,1.064417,-0.030201,-0.488594,1.242335
0.477457,0.223044,1.010328,0.498693,-0.252847,1.905484,1.178283,1.472958,0.935129,0.441525
-0.428226,2.658571,0.919447,-0.346181,-0.959529,1.646846,0.723094,-0.775777,2.613356,-0.390371
2.144624,-0.380214,2.613395,1.409178,0.980271,0.970894,-1.107834,-0.334528,0.133923,0.635506
-0.481444,0.538395,-1.392748,-0.185448,1.853719,0.219893,-0.305264,-0.357538,-0.490580,0.737266
1.888603,0.579487,0.301141,1.815022,2.053598,1.411037,0.829199,0.445966,1.204715,0.598072
0.660987,0.786423,-0.795277,2.355624,1.740069,-1.374226,0.391093,-0.008899,-0.506235,1.331232
0.482721,-1.525309,0.034191,1.204625,0.792462,0.872855,-0.414913,0.252906,-1.076907,0.608739
-0.702115,0.087205,-0.000674,1.024751,0.506215,-1.115721,1.714724,0.180666,0.699346,2.564672
1.399320,0.590519,2.394401,-0.108694,-0.547220,0.620383,0.877187,1.955130,3.010225,0.460532
-0.200138,0.708117,0.975572,1.217720,-0.096149,-0.156707,0.059877,-0.340761,-0.162740,1.180681
-1.247755,-1.653452,0.844043,0.482192,1.148231,0.690446,-0.706754,-1.478334,1.775248,1.804473
1.851022,0.684573,1.143276,1.380535,-1.479713,1.723522,0.906653,2.157953,0.339098,-1.054457
1.545098,1.864482,0.808910,0.019134,-0.391994,1.494997,0.090745,0.777153,1.216529,0.337897
1.321424,-0.192453,1.546834,0.012580,0.616280,1.592708,-0.639745,-1.814934,0.559864,2.205804
-0.373504,-0.193360,0.623419,-0.318651,0.797961,-0.590217,1.283080,-0.485549,-0.312258,1.563464
0.015638,0.092446,0.426042,0.625402,2.175706,-1.127022,1.652800,-0.129087,1.515685,1.231678
1.912691,-0.087255,-0.667408,-0.112785,-0.300083,1.177469,1.551029,0.521933,0.252199,1.190116
1.096273,1.025454,-0.131014,-0.779751,1.587203,-0.865101,-0.263496,-0.674660,0.443476,-0.628058
-0.246132,0.371004,2.447201,1.246053,0.786293,0.655677,0.565241,1.650687,0.141991,2.643206
0.169447,1.866801,0.133340,1.103809,0.496353,1.786225,2.507210,0.148190,0.452387,-0.863094
2.830672,1.499152,1.500040,-0.236054,1.506498,1.624539,0.914707,0.280537,0.903236,0.290698
1.917260,1.368988,2.027957,-0.840638,0.780857,0.445731,-0.638222,-0.637441,0.146959,1.505514
1.127673,0.759515,-0.183038,1.996534,-0.888110,0.874714,0.100171,0.569290,-0.114856,0.154723
-0.634255,-1.045207,0.073847,0.231521,-1.143377,0.919327,0.003475,0.402616,0.298289,-0.503241
1.126075,1.066518,1.130547,0.175657,-0.900923,0.538216,-0.360622,1.017462,-0.125278,1.543789
-1.113592,0.341612,1.824594,0.057773,1.378614,0.923641,0.557077,0.371712,1.007575,-0.765499
1.411426,0.124895,1.778976,0.037914,-1.385277,0.514838,0.179234,2.659988,1.108803,1.320000
-0.234168,0.887740,0.973843,-0.424236,0.701350,-0.190395,-0.715317,1.648817,0.537806,1.702702
1.095176,0.756300,0.142353,0.248170,-0.299183,0.786942,-0.015465,0.754387,0.046459,0.582987
-0.143732,1.468229,0.381318,1.297053,0.547796,-1.054145,-1.558059,0.060605,0.478115,-0.320147
-0.443013,0.404889,2.988927,0.433903,0.113836,1.501013,1.002128,-0.190761,0.750908,-0.335596
0.499862,0.420904,0.903104,0.583001,0.455133,1.876729,2.226666,-0.340530,1.566738,0.273356
1.461391,-0.547972,1.485393,0.149813,1.022331,0.135347,1.102167,0.301344,1.709848,0.674237
0.323401,0.664167,0.978690,-0.669195,1.570376,-0.288589,0.364409,0.344241,0.135653,-0.694098
1.708173,0.867492,1.571743,-1.165714,1.086637,-0.435375,0.527384,0.581998,-1.795365,1.574827
1.145169,-0.198174,2.271089,-0.248085,-0.028795,0.733791,1.552067,-0.420146,0.569454,-0.139204
-0.378943,-0.234017,1.428146,0.477500,-2.116492,-0.192148,0.971228,0.042337,1.101731,2.208939
-0.388613,0.099751,0.335455,0.924903,1.856547,1.990028,0.033339,1.216861,0.091037,0.036858
1.839198,-1.840020,1.288305,-3.120957,0.924644,1.935644,1.729434,1.624886,1.084432,0.128935
0.012781,0.948736,0.764122,0.462941,-0.602975,0.041647,-0.108452,1.072629,2.063343,2.145668
0.584621,0.454108,1.953209,0.088831,-0.080755,1.003372,1.013003,4.636504,1.345203,0.216012
2.886776,0.232127,0.726266,0.119289,2.268399,0.768246,1.301134,0.129736,1.565506,1.786843
0.595418,-0.623414,0.100041,-0.159102,1.408043,2.053609,0.695822,2.558814,0.798694,-0.653746
0.257800,-0.407764,2.045431,0.323654,-1.115890,-0.666932,1.397905,-0.868155,-0.093706,0.184443
2.750241,-0.900850,1.571042,1.303250,-0.250131,1.784458,-1.960564,1.292821,0.149723,0.400479
-0.160522,0.626330,-1.039549,0.240023,-0.683742,0.753891,0.756716,2.007780,0.627282,-2.046527
0.261113,0.360395,2.396715,-0.126633,0.881130,1.689882,-0.246813,0.936558,0.681755,0.682864
0.862446,1.149947,1.742592,-1.446824,0.344446,2.028057,-0.582474,0.640091,2.364386,0.337917
1.061373,-0.413405,2.399235,0.525242,1.002914,0.932903,1.367792,-0.807104,2.190921,0.242218
2.323574,1.902828,-0.383022,-1.383966,1.223882,1.684751,2.046865,-0.591895,0.996149,-1.617778
0.648559,0.142287,2.481233,1.817423,-0.835372,-0.103550,-0.944646,2.318008,0.849126,0.643064
-0.339283,-0.071520,-1.318102,-0.904599,0.284914,0.374240,0.294812,1.254583,1.901711,-2.352315
-1.177800,0.528401,1.827982,-0.200708,-0.182129,-0.760940,-0.562544,1.137786,0.158060,-0.141313
2.962307,1.467837,1.152968,2.252478,1.086416,1.719690,1.665969,-0.097723,1.271078,0.440639
0.424873,0.611817,0.322314,-0.276989,-0.214071,-0.730784,0.200587,0.263112,1.661670,0.254289
2.428032,1.842273,0.635414,2.062434,1.340302,1.386742,1.833005,-0.540764,0.776092,0.820548
0.244534,-0.533138,0.689633,0.927671,0.002164,0.198355,0.675192,1.406508,1.217556,-0.670186
-0.679390,0.966055,1.625982,-0.376580,0.890820,0.673373,2.115051,0.341560,1.345093,-1.336050
-0.493908,-1.426755,3.019234,-0.103268,1.883817,0.429207,0.764819,-0.317868,-0.793986,0.442302
2.544181,0.619018,1.033747,-0.520546,0.161402,-0.920744,0.623413,2.155732,-1.567882,-0.684139
2.667296,-0.552346,0.177090,1.371716,2.488613,-0.392012,1.089580,-0.329703,-0.152934,0.553685
1.097846,0.335725,1.383526,1.544339,-1.123405,1.526139,2.468456,1.376993,-0.541510,2.382299
0.650150,0.115486,1.459945,1.909025,0.569515,0.730447,0.287185,-1.091723,-0.000449,-1.117512
0.308532,0.240381,1.232132,0.272678,0.085617,-0.411824,0.560645,0.420706,1.320049,0.378579
0.893373,0.117526,-0.118250,2.370806,1.703453,1.476375,2.032616,-0.501588,-0.440045,0.338124
1.393295,1.286226,0.156736,1.418478,1.314511,2.117004,0.570782,-0.234759,0.942615,0.393936
1.713701,0.902201,-0.176278,-0.367818,-0.235896,0.043690,-0.988179,0.411377,-0.307204,0.657605
1.254158,0.461281,0.607459,1.059931,0.170973,1.052026,-0.564287,0.937757,-0.174054,1.910753
2.311209,-1.558601,2.034476,0.710758,-0.278372,0.243864,2.311620,0.683452,0.080825,0.214906
0.163577,-1.550861,1.754237,-0.005055,0.398883,-1.262189,0.207283,0.663942,0.311863,1.301301
0.606532,1.307194,1.316179,1.682658,0.489064,0.904441,0.123130,-0.271991,-0.423397,-0.210327
0.860985,1.869240,1.740301,1.261256,1.600901,1.511256,-0.280468,1.597459,1.149494,0.330118
0.945046,0.246181,1.145630,1.949434,0.844992,0.453733,0.917468,-0.658043,0.861885,-1.124216
0.506717,2.701756,1.455731,-0.105821,-0.061844,1.031807,-0.184035,-0.421091,-1.129672,0.641518
1.485649,1.704195,2.636845,-1.321598,-1.821005,1.347952,1.085924,2.476395,0.986684,1.524033
-0.278291,-0.840336,-0.582908,-1.622041,-0.751260,1.461526,1.138701,1.105137,1.664725,-0.475966
0.876185,1.667048,0.194784,-0.115903,0.392494,-0.573642,0.351653,1.511718,-0.753531,2.463948
-1.357355,1.956105,1.366700,1.195033,-0.872770,-0.054073,-1.103109,1.706893,2.099625,-0.117876
1.971000,0.714008,0.679188,-1.174546,1.994459,1.889257,0.579888,-2.497842,0.639856,0.572444
0.165271,-0.641481,0.674717,2.554300,0.931749,0.138384,0.917003,3.221695,1.583085,0.500693
2.743801,2.458659,1.488732,0.286311,0.847374,0.077408,0.213165,2.384980,2.170553,1.313200
0.642184,1.349763,0.497554,0.813640,0.641397,0.907845,0.622913,-0.088304,0.158060,-1.131065
1.065316,1.029972,-0.477675,0.587112,-0.134402,0.948048,-0.414143,0.777219,-0.739341,-0.944337
-1.069198,0.557325,0.527829,-1.165708,0.189929,1.586636,-0.377617,-0.208812,1.313328,0.000452
-1.038150,-0.577923,1.194432,-0.515812,0.008372,0.351514,0.857394,0.755889,0.334932,1.443062
1.880639,0.579169,0.129687,1.597859,0.529597,1.933078,0.981623,0.375269,-0.324241,0.667371
1.920883,-0.242526,0.261736,1.272053,1.378681,-0.440140,0.168035,1.169425,1.816551,-0.729061
1.093724,-0.691062,1.085903,-1.349132,1.027888,1.224973,1.504754,0.960214,-0.368248,0.072021
0.599215,1.627866,0.606876,0.770744,0.435357,0.704314,-0.110358,2.633415,0.222944,1.055573
2.471004,2.164278,-0.365999,0.407117,-0.457592,1.803805,-0.200372,0.793068,-0.807646,2.135746
2.850816,-0.873027,-0.033263,2.710427,-0.067108,-1.239099,-0.243795,1.647792,2.107889,0.383802
2.578636,2.335397,0.037269,0.241759,1.436387,0.631274,1.281218,1.590000,0.260358,0.547477
1.131511,1.920083,0.110584,1.029690,1.314011,0.900977,0.303565,1.314809,-0.475685,-0.889846
-0.454704,-0.101255,1.190583,-0.092660,0.302403,0.427424,0.189124,-1.267608,0.127085,0.334703
1.949008,-1.263891,1.017861,0.117964,1.007475,0.405960,-0.691847,-2.357266,0.690595,-1.246913
1.653291,0.357838,-1.274586,2.576777,-0.739901,0.916880,1.738881,0.161031,1.175228,1.124876
1.060777,-0.200839,1.304270,0.181884,-0.536399,0.211278,0.370174,0.572665,0.317172,1.676541
-0.055385,0.159315,0.472457,0.534788,0.245970,-0.432629,1.113625,1.092692,0.434861,-0.731676
-0.583841,0.959304,0.291292,-0.764739,-0.395523,0.953995,0.462530,0.002420,0.072102,0.879701
0.340919,0.859822,-0.500897,0.601557,0.754538,-0.947256,-0.426342,0.955126,0.332836,2.231135
-1.075808,1.015085,2.604932,-0.228103,0.718663,0.135184,1.584678,1.003699,2.193915,1.290679
1.087033,-0.128489,1.521192,0.435142,-0.396677,-1.256886,0.304142,0.683760,0.360470,-1.666464
-0.297329,-1.673667,1.579911,0.403884,-0.126791,1.262570,1.224141,-0.217359,0.729750,1.681743
0.099380,1.137158,1.000001,-0.151267,0.631070,1.331828,-0.874360,1.323043,1.982782,0.912243
0.895128,0.911876,0.423107,1.251698,1.125251,1.018417,1.586824,0.868293,1.245251,0.129112
0.204590,1.572033,1.026078,1.114279,0.403779,1.548617,2.747606,-0.464475,-0.280513,1.009275
2.566645,0.889070,0.626862,2.432127,0.505288,0.624486,-1.223988,1.009766,0.355562,-1.293812
0.723998,1.464223,-0.867799,0.347302,1.698668,-0.274703,1.214275,0.460881,0.472926,0.402445
0.857742,1.312640,1.704680,0.447739,-0.669768,0.069548,-0.007115,-0.063209,2.329133,0.401299
0.916459,-0.928764,0.391174,-1.632424,0.187700,1.148892,-1.055199,1.312818,-0.078346,-0.903884
0.436290,0.413538,-0.064171,1.018194,0.490081,-0.368724,-0.475624,-0.084602,0.353358,0.127735
-0.194382,2.802775,0.970312,1.218049,1.132346,1.450513,1.345426,0.995380,0.459784,-0.457604
0.070440,0.480832,0.863979,0.436494,-0.257477,0.967273,0.600064,1.348418,0.947437,-0.683240
2.106452,0.978572,0.160251,-0.162071,1.814903,-1.157027,-0.378787,0.602806,-0.888272,2.152772
-0.658159,-0.855380,0.847882,-0.891551,0.361031,0.800918,2.052719,-0.251920,-1.309502,1.860567
2.860965,1.027546,-0.488081,0.216138,1.446784,-0.421317,-0.423987,1.003054,1.580641,0.319625
1.411128,-0.104082,-0.858657,0.523764,-0.549067,0.761768,-0.927562,0.300358,1.574007,1.450084
-0.119223,1.554580,0.208880,1.728745,0.781599,0.920567,1.298032,-0.288032,-0.824631,1.378193
0.009044,0.174378,0.514755,0.774884,1.654111,-0.964312,-0.040524,0.538090,0.755320,-1.102917
1.495901,-0.394817,0.911502,1.364486,-0.020021,0.430110,0.006944,0.122735,0.972786,0.358921
0.505574,0.206048,1.333916,0.462326,0.933890,2.105933,0.268051,1.323158,0.244897,1.069863
1.454969,-1.942484,-0.203555,0.514871,0.652319,0.607482,-1.583905,-0.725982,0.614273,0.701928
-0.145144,0.676363,0.939579,0.598147,2.890255,0.643308,-1.098966,1.541924,-0.257611,1.076952
0.932505,-0.661730,-0.048746,-0.337908,0.825856,2.182553,0.922890,2.147699,0.613753,-0.298903
1.074098,-0.328072,1.564370,0.678422,0.761189,1.093484,-0.397608,-0.577978,2.169694,1.049488
0.237303,0.586746,1.549730,0.179535,-0.194714,2.754442,0.610321,-0.195712,1.243350,-0.889756
0.535066,-1.464769,0.021146,0.946748,1.074979,-0.069195,0.455620,-0.285038,1.931129,0.599429
-0.493674,0.673341,1.064025,-0.479230,0.634067,-0.912786,-1.425781,0.722488,1.286468,2.153931
0.709914,-0.072405,0.727846,-0.154235,0.653214,-0.075038,1.170914,0.268989,1.364018,-0.172925
3.542370,0.260086,-1.114233,-0.113218,-2.133106,0.396110,-0.393842,0.864529,0.438513,0.884110
1.854017,-0.237189,-0.971710,-1.640288,0.903076,1.543415,0.386359,0.735262,0.630269,1.553620
-0.885178,0.059045,0.912325,1.415616,0.430323,-0.468531,-0.567327,1.595090,0.853714,1.365341
0.387223,-0.330307,2.149556,-0.322994,0.143735,0.671595,0.090361,-0.501060,0.052869,0.069695
0.449995,0.504790,0.772554,0.454352,0.460138,0.807298,-1.365650,1.431295,-1.559189,1.630541
2.483812,2.285538,0.414276,0.311689,0.316295,0.275750,0.524461,0.717962,1.107000,-0.482582
2.599699,0.942303,-0.154802,-0.830234,0.051471,0.557343,-1.094229,0.849031,0.708780,1.468966
1.586392,0.086249,1.440163,1.147005,0.795535,-0.170369,-1.100735,-0.243639,0.728843,0.157266
0.198968,-0.402126,0.001445,-1.103263,0.461557,1.201634,0.691252,0.164552,-0.848076,0.769819
0.514854,-1.962681,0.277389,-0.553312,0.160340,-0.073822,1.748673,0.105070,0.391116,-1.081395
0.987595,1.267449,0.204591,2.011305,0.122714,-1.644319,1.153757,-0.665146,1.770465,0.061967
-0.818922,0.837688,0.845667,-1.346416,-0.203279,2.419327,0.439134,0.661261,0.188342,0.996286
1.202937,-0.470765,2.171776,-0.715224,1.717638,-1.482149,0.895492,1.658507,0.677791,2.861493
1.166967,1.348124,2.073206,1.006176,-1.937485,0.767854,3.425961,1.165302,-1.225752,0.603284
1.035041,0.571671,0.573850,1.333565,0.931972,0.331257,1.280141,-0.170664,-0.220801,0.605864
1.128508,-0.505224,1.729846,0.746700,0.276939,1.431424,-0.476583,0.815119,-0.066286,-0.953007
1.715445,1.846688,-0.044876,-0.618003,0.414568,0.372518,-0.404622,-0.552237,1.475935,-0.621191
2.445983,-0.098697,0.041389,0.521730,1.216741,1.290065,-0.718826,1.394104,1.492648,1.354249
0.821442,-0.279756,1.396305,1.315394,0.604650,-1.289944,2.438900,-0.960948,1.938262,-0.349976
0.477599,-0.516097,-0.517382,0.242395,0.615350,0.056846,1.641282,0.429227,-0.314512,-0.837096
0.914711,0.596121,-0.646772,1.174984,-0.622174,0.480958,1.454980,-0.100696,1.938213,0.507312
0.012523,0.957972,-0.831338,2.012051,-0.523915,1.420824,-0.001949,-1.423157,1.577662,-0.730193
-0.678596,1.214565,1.656176,0.281064,0.589826,1.231957,-0.039723,-1.247166,0.432422,1.474150
1.813276,0.278514,0.693952,0.209569,1.605987,1.255042,1.223068,0.185698,0.164579,2.320202
1.917327,0.933358,1.551369,0.428452,1.003527,-0.142990,0.504616,1.020117,2.209087,-0.079752
2.130460,0.318882,0.720652,-0.646346,0.561701,2.422818,1.383323,0.388329,1.800189,0.650200
-0.112727,1.931239,0.956532,1.778680,0.814254,1.692553,-1.303179,0.411330,0.593068,-0.589051
1.534660,0.349451,0.060419,-1.354195,1.412152,1.174558,1.838728,0.082493,1.917471,2.135438
-0.894709,-0.267839,1.633333,1.147233,0.432626,0.601967,-0.103649,0.481478,2.608619,-0.203190
-0.064935,-0.619080,1.915542,0.416063,1.450567,-0.019146,-0.195119,-0.571523,0.738032,1.167840
1.339676,-0.123546,2.053950,2.405912,0.248314,2.321894,0.399187,0.370720,1.177668,-0.062797
-0.007319,-1.629221,0.169573,0.768900,0.970287,-0.635772,-0.490760,0.048526,-0.052176,2.308269
0.803217,-0.021271,1.869490,0.634648,-0.265952,0.341527,0.366319,-1.211558,1.850342,1.196620
0.715090,1.926536,0.477185,0.734967,1.086277,1.246579,0.366945,-0.951405,1.845345,0.415564
-0.860728,0.999025,2.384698,-0.311288,1.520277,-0.763657,1.567310,1.152680,-0.135456,1.643728
1.386109,0.026956,-0.445331,0.591379,0.508687,1.327447,0.802500,0.248833,0.477220,0.705470
1.643893,0.224014,2.725506,1.867794,0.235184,1.218954,1.330145,2.487279,-0.327383,1.538495
0.911723,1.089075,0.096824,-0.727299,-0.652872,1.375697,-0.304398,0.611132,1.368045,-2.073661
0.542801,0.291688,1.597379,-0.608342,-1.829043,0.997494,0.500244,-0.154023,-0.227749,1.037755
-0.698910,1.490697,0.130848,-0.362915,2.019175,0.081155,1.468133,-0.507760,-0.796106,0.384308
-0.620365,-1.290878,0.672956,2.087733,1.500533,-0.056964,2.973398,-1.372974,1.278295,-1.265182
-0.956263,0.825570,0.791659,0.417891,-0.384067,-0.536797,1.453276,0.292728,2.621852,0.079781
1.686692,0.590458,0.978599,-0.446692,0.785530,0.871640,0.927793,0.854401,0.267145,1.301902
-1.167232,0.568750,-0.366432,-0.562255,0.560140,-0.640409,-0.162168,0.937187,0.528841,0.536602
-1.289739,0.071054,2.612376,3.059103,-0.055541,2.544964,1.879059,1.419769,0.885481,-1.155003
1.619325,0.725183,-0.137623,-0.905868,0.974104,0.709168,1.620975,0.145496,-1.250475,2.193153
0.962143,-0.402162,1.181028,-0.498297,0.788332,-0.345905,1.308008,0.120877,1.444381,-1.099418
1.675316,1.603833,2.108332,1.076114,0.249870,0.077813,-0.687719,-0.259149,0.103998,-0.080487
0.071785,0.612944,0.325447,1.139043,-0.042658,-0.677698,0.114836,0.707577,2.378114,0.479271
0.599171,0.765733,-0.344792,0.292917,1.659406,0.986719,-0.446884,0.895906,-0.490695,0.509753
2.178526,1.244349,0.848723,-1.090373,1.184884,0.291463,0.890820,1.047183,0.359308,1.388855
1.195998,-0.954890,0.642063,0.384186,0.041707,0.781583,0.554331,-1.105797,0.695244,0.313814
0.464136,0.361583,-1.363813,0.651083,0.939223,0.338718,0.935391,-0.483983,0.960811,-0.102378
-0.595346,1.424480,1.285531,1.561399,0.910409,0.258765,-0.199676,0.634219,0.114026,0.576235
1.870499,2.194889,1.520812,1.168004,-0.164670,-0.160603,-0.172916,1.970891,-1.489725,0.873622
0.734355,-1.372239,0.628669,0.557190,-0.515431,0.979122,0.993147,-0.748370,-0.012701,2.489612
0.466599,0.202167,-1.030567,1.190549,0.449267,-0.089370,-0.675293,1.225024,2.153278,-0.471782
0.847050,-0.737847,-0.515935,0.536352,2.084439,0.499547,2.279556,2.064431,1.455303,0.969920
1.824361,0.991544,0.864033,3.154717,-0.694557,0.127982,-0.330587,1.182074,-0.134674,2.830380
1.625256,0.378919,-1.575979,-0.406233,-0.061097,-1.380493,-0.063743,1.419647,1.353252,0.556143
0.737937,-0.156956,0.236774,-0.387636,0.359330,0.786541,1.033196,1.464224,1.899742,-0.525047
-1.542612,0.954733,1.240458,-0.435281,0.789104,0.336596,1.571265,-0.152438,0.535611,1.777660
-0.190958,1.666909,-0.774085,0.993223,0.672134,-0.351279,0.136271,1.840980,-0.009763,1.583525
0.642416,0.781431,1.695920,-0.296391,-0.668297,1.576182,1.295386,-1.233136,0.456074,1.877223
1.171658,1.813253,-0.242386,1.000602,1.341978,1.057017,0.699155,0.361607,-1.018385,-0.044696
1.727198,0.629021,1.444623,0.452419,2.489772,-1.750704,-0.504066,-0.119764,0.451181,0.919831
-0.349660,0.760020,1.175277,-0.892065,0.999066,0.184966,2.301507,2.477517,1.425922,1.248113
-0.322326,0.847390,-0.472211,0.153467,1.425477,0.271288,1.786719,0.086846,0.970721,-1.063276
-0.711800,1.196770,0.267251,0.759034,1.212417,-0.203340,1.195845,-0.210981,1.777891,-0.029782
-1.240651,0.133385,-0.400832,0.717847,0.459284,-1.041048,0.534431,-1.076889,0.969282,1.231432
2.503404,2.854860,0.130441,1.073481,0.532892,0.287013,-0.899213,0.103392,0.940815,1.250987
0.414081,0.260322,2.093101,1.418193,0.210638,0.250230,1.863625,1.186361,0.754519,-0.238101
2.535680,2.215908,0.846461,-0.563408,1.549769,-0.368271,0.299304,1.213739,1.869827,2.347234
1.670689,0.785981,1.479893,0.839341,-0.360362,1.900304,-0.138085,0.586821,-0.728855,0.562680
0.474855,-0.389905,0.164245,0.769843,-0.042432,1.630084,1.190491,-1.024630,-0.140722,0.660510
0.513490,0.066201,2.074811,0.151236,0.540579,2.194408,0.724814,1.800748,0.056646,-0.991620
-1.230288,0.750301,0.305126,0.567684,0.717469,1.046719,0.607398,0.667427,-0.556131,-0.410371
-0.940207,0.839421,1.291938,-0.230368,-0.913341,0.190193,-1.141195,0.408523,0.697565,0.815295
-0.966502,0.846873,0.453609,1.257843,-1.383860,0.061991,1.799323,0.662271,0.347657,0.413050
-1.040626,0.456897,2.489975,1.309982,2.531831,1.097514,1.623490,1.255156,0.889484,1.442697
0.702564,-0.221597,-0.346332,0.284676,0.203102,0.012510,-0.026982,1.457430,0.091261,1.347924
0.977105,-0.578731,1.785229,-0.162155,0.357610,-0.425294,-3.031130,1.713592,1.006365,1.674596
-0.217829,0.525244,-0.572415,1.361243,-0.235064,1.485548,1.641490,2.850057,1.885482,0.782299
-0.390987,0.637218,0.754685,2.025163,0.208318,-1.188514,-0.296855,1.469371,-0.048067,-0.208609
1.299060,1.617090,-0.059992,0.650223,1.827423,-0.002708,1.155113,0.110525,1.416617,0.820972
0.018621,-0.546917,0.903494,-0.448824,-1.568588,0.432939,2.257931,0.005140,-1.286192,1.988425
0.369168,1.877135,2.210570,0.756183,2.193248,-0.245765,1.447942,-0.178140,-1.845455,0.236816
0.061127,0.851286,-0.726924,1.478517,-0.189853,-1.198245,2.392232,0.429119,0.022052,0.362810
1.582345,0.086283,0.706520,0.706844,0.647542,0.623471,-1.675733,-1.639649,1.019078,-0.395946
-0.218159,2.115436,1.853267,1.436045,1.688829,-0.249402,1.313996,1.382078,1.570163,1.148040
0.861418,0.903168,3.167926,-0.205443,0.196568,0.269700,0.366404,0.846606,-0.135471,1.138449
-0.226798,1.802496,2.111668,-0.421233,1.513290,0.027975,-0.443806,1.218951,-0.508060,0.951742
1.113551,0.064929,0.845155,1.642399,-0.532799,-1.118733,1.371396,1.222885,-0.217305,-1.088603
-0.440164,0.810594,-0.692132,-0.571835,0.142426,0.029438,1.507423,0.928525,1.042160,-0.527916
0.215460,0.958339,-0.927170,-0.489256,1.353629,0.933097,0.071493,1.665060,-0.107794,-1.217179
1.690064,0.623477,-0.979316,2.503120,0.254404,0.380308,0.073164,1.274880,1.720751,-1.505403
-0.472872,1.799413,1.850865,2.170691,0.322064,1.800603,0.571298,0.926847,-1.260171,0.974813
-0.354734,1.240309,1.326985,-0.645539,1.192833,-0.764355,0.047928,0.361996,1.165898,0.246618
1.647563,-0.484142,0.320175,2.070645,1.596795,1.329906,0.177170,0.245980,1.359589,0.348767
1.899973,0.438715,1.505299,1.049638,1.739035,0.798069,0.967512,0.092748,0.218449,0.050131
-0.146571,-0.596135,1.360797,0.053088,0.570368,1.362329,-0.998095,0.326514,-0.045503,0.489766
1.702311,0.764268,2.282777,2.371624,1.120852,0.803461,-0.540314,-0.851056,0.421611,-0.420648
0.182013,-0.060590,0.399753,-0.310613,-0.588393,-0.187343,1.747350,0.651996,1.534482,-0.189384
1.720557,-1.186495,1.574105,0.801164,1.685779,-0.263270,0.230063,1.021114,1.723906,1.306304
2.890283,0.613452,0.146165,0.129634,0.274897,1.048687,1.479800,1.887832,-1.313012,1.385658
1.409238,0.380200,1.943104,-0.574024,0.061618,0.356114,0.107032,1.066516,-0.097791,1.175972
0.431760,0.250378,0.230578,1.927842,1.894809,0.397091,0.171559,1.257899,0.364646,-0.007300
0.374174,0.850339,0.045622,0.985453,0.866642,0.503971,-0.305681,1.164676,1.489989,2.111274
0.168000,2.185309,0.474006,1.122669,-0.143998,0.807471,-0.360001,1.024078,0.266347,0.210234
-0.374809,2.363193,-0.349851,0.174443,0.257117,0.194383,1.069326,1.030427,1.028605,0.304788
-0.440954,0.922582,0.827772,0.148956,0.724183,-0.459960,0.135022,2.431654,1.054949,1.895048
-0.003303,0.413163,1.665943,0.976963,-2.277261,1.140503,-0.683321,0.915044,1.703213,2.032089
-0.900410,-0.095962,1.269683,-0.472404,1.939453,0.185763,1.946123,2.659206,-0.086041,-1.946660
1.137565,-0.501298,0.168072,2.713705,1.302036,1.990669,0.383080,-0.270134,0.803780,0.674757
-0.134119,0.935706,0.955868,0.685638,0.213568,0.141813,0.534332,0.846621,-0.844618,1.984256
2.481172,0.265254,0.324185,1.287277,2.271815,0.410222,0.963656,0.893749,2.113599,2.479617
0.444139,0.629632,1.050620,0.470502,-0.223098,1.263601,1.811513,1.426324,1.192240,0.896154
1.032470,0.583784,1.268130,1.222150,1.076010,-0.128442,2.108753,-0.566040,0.995095,1.859638
1.895204,-0.577293,0.596784,2.213026,0.531681,0.582282,0.377322,0.793610,-0.069794,0.513279
1.361339,0.570261,-0.408454,0.015617,-0.335707,1.059589,1.432293,-0.639946,0.172499,0.416451
1.222762,-0.075956,-0.849474,1.559965,-0.215929,-0.617762,0.989634,1.123538,0.947720,0.378649
0.103677,1.141314,-0.453650,0.120510,0.548155,0.258647,0.869189,-0.173237,0.885434,1.571640
0.985183,2.497660,-1.089611,0.785676,0.058632,1.255238,0.920800,-0.366077,3.058241,-0.554523
0.624830,1.003720,1.371439,1.127790,0.718346,1.220063,0.684129,1.904254,0.789652,2.378283
1.232575,0.143867,0.542627,-0.801798,2.292966,0.060529,1.496701,0.669586,1.587477,1.330657
0.855673,-0.909113,1.434023,-0.439757,0.774582,-0.862900,-0.455340,0.619054,1.172787,-0.107608
1.366621,0.079442,0.423274,0.334410,1.092623,1.481508,0.428469,1.132341,1.571909,0.434586
0.266349,0.613481,-1.569620,2.437429,-0.526085,-2.133168,-0.491512,-0.271903,0.812525,0.651430
1.632301,0.953602,-0.062258,-0.601503,1.064705,1.122334,1.931536,-0.472736,0.496110,3.398914
0.862613,1.273895,0.587367,1.814840,0.507684,0.026745,0.420237,1.893658,0.931449,-0.149009
-0.896393,-0.667418,-0.104453,0.331690,0.366609,1.280808,0.652683,-0.376077,0.235327,1.459376
0.641683,2.975402,0.111256,-0.305602,1.358902,0.870765,-1.749746,0.884155,1.028974,-0.121212
0.260499,-0.132013,-0.219629,2.488491,0.710935,-0.029487,-0.768047,1.769288,0.884160,0.351963
-1.012977,-1.078786,-0.250933,0.487507,0.984744,0.641033,-0.782652,0.719484,0.052701,-1.077479
-0.000353,-0.740839,1.408832,2.297545,-0.368271,2.987043,1.764109,0.601996,0.302097,0.820715
2.253516,2.245412,0.106782,0.788639,-0.381701,2.579826,0.071337,1.270847,0.415048,0.031693
2.040950,2.047716,-0.672857,0.314558,0.381400,0.685108,-0.681822,0.187005,0.869573,1.443708
-0.436966,-0.101191,1.379146,1.408665,0.884634,1.191409,0.521337,-0.638559,0.654290,0.422002
0.288556,1.432220,0.354020,1.089585,1.343669,0.254502,-0.059805,1.289506,1.903975,-0.732857
1.206634,-0.959178,1.078303,-1.803565,0.079741,1.030624,1.757608,-0.298474,1.848280,0.504008
0.097548,0.478473,1.636336,0.480282,1.867324,-0.218781,1.140923,0.701385,1.558554,1.773815
0.878373,1.903920,0.969054,0.960130,-0.363523,-0.863253,2.171882,-1.124427,1.566468,0.937745
2.475841,0.204472,1.787308,-0.482207,-0.061770,0.577283,-0.507556,1.413856,2.282721,1.599622
-0.048906,-0.057998,0.231294,1.861885,0.587826,2.458657,0.087742,-0.274918,0.202990,1.613850
1.079420,-0.539840,0.899467,1.833859,-0.363353,0.863076,-0.558990,1.562875,0.440372,0.585815
1.713258,0.505763,1.705945,1.223376,-0.716851,2.646913,1.141445,-1.300422,0.291327,2.302357
-0.603774,0.902985,0.180707,0.258319,-0.504942,0.229493,0.101504,0.208670,1.357217,-0.361762
1.386594,1.119134,2.592686,2.483174,-1.404645,-0.602695,-1.384674,-0.438378,1.621454,1.109902
0.095557,0.521685,0.588157,0.349261,1.145754,-0.241936,-0.087473,0.255068,1.411662,0.265355
0.807202,-0.554300,1.821196,-1.237864,-1.049615,0.369616,1.160346,0.448154,-0.255821,1.505869
-0.213396,2.145874,0.132567,1.301450,1.610414,-1.814029,1.327195,0.534455,1.454576,0.986291
0.692206,-0.731452,0.169928,1.625477,0.691308,0.698452,1.036402,1.918631,1.010592,-0.906811
1.483901,0.221697,-0.995012,0.908244,0.992834,0.587990,-0.146797,-0.131601,1.372744,0.749537
-0.411427,0.599454,1.897128,-0.364192,-0.417589,0.967152,0.943483,0.209880,-0.387007,-0.541736
-1.199706,0.033658,-0.742208,0.364596,1.146085,0.845256,1.229594,1.492777,0.783922,1.272959
-0.232162,-1.143839,-1.396092,-0.799905,0.294881,-0.216198,-1.148327,0.316936,0.385644,0.303262
1.736077,0.273018,1.988822,-0.511290,0.707843,1.279624,0.903535,1.560285,0.155567,0.620452
0.792022,0.445966,1.676643,0.216011,2.507832,1.167343,1.108097,-0.553556,-0.639299,-0.025432
0.857621,-1.858592,0.252064,0.300505,0.782910,0.864306,-0.004844,1.211272,0.214242,1.766614
0.883208,1.082838,0.470733,2.494786,1.124557,-0.860142,0.502788,-1.121092,0.182331,-0.770586
0.156941,1.636895,1.865284,2.249371,0.547028,-0.424821,0.479998,-0.347876,-0.062890,-0.053751
1.558101,2.054206,1.659486,-1.137710,-0.008881,-0.871973,0.205844,1.013779,-0.651086,0.966331
0.763787,0.478384,0.120075,1.062223,0.108934,-1.380006,0.742507,0.536613,0.867666,0.999962
-2.680555,-1.562470,1.554129,1.842296,0.475043,-0.025856,0.899001,-0.373066,1.819149,0.613735
-0.487120,1.217138,-0.355147,1.933413,1.860093,-0.024649,-0.382561,1.113376,-0.107951,0.676263
0.847065,-0.026810,1.753827,0.204350,0.449485,-0.189810,1.113117,0.377084,0.322694,-0.161423
2.232064,2.166462,0.021781,0.078577,0.718501,0.435902,-0.795287,2.343771,1.923432,0.963851
-0.110063,0.133122,0.177755,0.986094,-0.112635,0.962674,0.929564,-0.686947,1.330468,0.043150
1.267720,-1.579020,1.788007,-0.921547,1.495648,0.959654,-0.659823,0.950993,0.901842,0.672827
0.570873,1.887554,0.836877,-0.090734,0.559324,1.436280,1.870117,1.180231,2.548723,-0.601432
0.944358,1.469743,1.635779,-0.910573,1.291434,-0.758617,0.591212,1.082502,1.173560,0.752709
-1.456723,2.246324,-0.011027,2.459245,2.557503,-0.927545,0.998673,2.017996,0.096355,-0.001098
1.874012,1.882439,-0.536359,0.350814,-0.900594,-0.710481,0.541966,0.128097,1.361821,0.360658
0.770186,1.209966,-0.136540,-0.006049,-0.244242,0.995656,0.275357,-0.254656,1.638464,1.100931
0.414476,0.404827,0.704771,1.364942,-0.002525,0.058325,0.534062,0.732153,0.945586,0.548664
-0.285104,1.310384,2.942888,0.905825,-0.130690,1.891754,0.552125,0.274174,-0.178325,0.779877
1.718214,-0.992838,0.983168,-0.044915,0.135143,0.376258,-0.035207,0.692398,0.753844,0.021423
-0.808429,-0.882983,1.019072,-1.887884,0.209539,-0.251304,0.108905,0.763417,0.339034,1.329542
0.763857,0.951031,1.658048,1.124297,0.346440,-0.341832,0.413854,0.999288,0.433820,-0.148343
-0.328778,-1.952741,0.980894,1.413275,0.112975,-0.115434,0.299832,1.491866,0.574953,0.441894
1.396646,2.778007,-0.142543,-0.264706,-1.571409,-1.333926,-0.865210,0.678520,0.069571,-0.238448
-1.154274,1.326248,-1.970277,0.512624,2.067171,-0.662142,0.974613,1.167763,0.810246,0.663179
-0.133579,0.923049,-1.059382,0.265046,-0.338391,-0.449024,1.254513,1.377592,0.298247,2.965523
2.736246,1.504211,0.867408,0.336537,0.983995,1.501853,-0.000546,0.522866,0.981258,2.743703
-0.099588,-1.267557,0.674706,0.446173,1.055285,0.213623,1.851852,0.209039,-0.805104,2.344042
-1.083718,0.363203,0.634029,-1.230378,0.375045,1.544364,2.058365,-0.038746,1.495281,0.138729
1.076626,1.007899,2.340652,0.432652,1.345996,1.680193,0.708641,-1.609389,0.193849,0.403950
1.620826,1.403832,1.061050,-1.032828,0.760018,0.440517,1.307150,0.043808,-0.114796,1.010185
1.280590,-1.623351,1.348289,-0.812868,0.106538,-0.516038,1.032987,-0.090727,0.735233,-1.019465
1.066808,-1.191867,1.081899,0.797769,-0.148470,-0.646210,0.676677,1.742140,1.861772,2.351751
1.350269,-2.419740,1.907351,0.351409,1.109153,1.806137,1.039732,0.877709,1.008969,0.068585
2.731847,-0.223692,0.803188,1.372905,1.630237,-1.233096,-0.374474,0.672862,0.199682,1.759554
1.644802,0.438415,-1.578553,-0.421396,0.334650,0.069432,0.550387,0.747148,0.699509,0.789428
0.464258,-0.724340,-0.363277,0.829890,1.861517,-0.718693,2.627527,0.728567,-1.368838,1.372748
-0.811842,1.403203,0.338878,0.805157,-0.279438,0.924310,0.404001,-1.165369,-1.454055,1.014090
1.443204,2.150091,1.899598,1.936782,-0.595087,0.098425,1.084362,-1.041180,1.425847,0.849356
1.066316,1.289595,0.500957,2.101139,2.421951,1.821410,0.220606,-0.231530,2.687856,1.156976
0.739821,-0.807533,2.457242,0.734182,-1.426285,1.146603,-0.301780,-0.052116,2.235768,-0.842503
-0.228819,0.892776,2.104737,1.652748,-0.299630,-0.067578,0.554619,1.739462,1.678892,0.581046
1.239024,1.091709,-0.504675,1.250982,1.125464,-0.225131,0.136453,-0.200482,1.021418,0.066285
0.298859,1.253098,0.170720,-0.032946,2.144559,0.058009,0.453399,-0.028636,-1.240377,-0.110912
-0.439329,-0.867524,0.634722,3.048966,0.980943,0.392683,1.150983,1.011757,1.746560,0.700769
0.567652,0.767061,0.196205,-0.021741,1.243588,1.893123,-0.129893,-0.490457,1.243951,-0.256301
0.825807,3.221486,1.005704,1.961486,1.231292,0.289805,0.758173,0.427711,2.484936,0.849420
0.152621,0.693250,0.853893,0.326397,1.243252,-0.064180,1.602472,0.247036,0.029261,-0.730416
1.093100,1.701919,-0.226311,1.873735,1.109477,0.971856,1.884049,0.500266,1.460267,-0.667774
1.639183,-0.071919,0.783321,0.577563,1.056627,0.118114,-1.242950,-0.027674,0.696009,0.295198
1.884618,-0.624980,-0.421277,0.232731,0.564947,0.757304,1.221869,1.829487,1.417434,0.591853
-0.052831,-0.072747,1.290849,2.202454,1.198607,1.235344,-0.668968,0.323192,-0.290267,2.073652
-0.156301,0.573386,1.391589,1.215033,-0.077930,-0.005911,0.318257,0.513692,1.528244,-1.847691
1.151026,-0.353913,-0.384006,1.560278,-1.319987,1.975436,-0.128746,1.130870,1.471907,0.850753
-0.190988,0.467508,-0.755044,1.180592,-0.209868,-0.330650,0.706183,0.761956,0.391371,-0.121495
-0.039225,1.349184,0.929131,-0.005062,-1.645698,0.183695,0.081067,0.113400,-0.691409,1.030623
-0.811613,0.518372,-0.192189,-1.086784,0.400097,0.177867,0.871756,0.855628,0.628557,1.438821
0.951229,-1.476962,1.840791,0.765785,1.655680,1.507747,0.992497,1.493707,-1.457810,1.108683
1.342666,0.389920,0.737190,0.590507,-1.492301,0.878691,1.337444,-1.003420,1.378336,1.112290
0.684098,0.311887,0.221619,0.871617,0.005897,1.394439,0.056778,-0.640751,3.116283,0.200152
0.996719,0.679449,0.746682,-1.267916,-0.351771,1.169870,0.377676,0.199775,1.252182,1.413401
-0.336058,-0.926769,-0.050030,0.959009,0.229610,0.138393,-1.269654,1.859091,-1.594378,-0.273022
0.248256,1.200173,-0.347337,0.940488,0.307387,-1.468130,0.519749,1.296730,1.301761,0.863302
0.292806,-1.709116,0.823748,2.266690,1.457343,0.977612,2.196862,0.992298,2.444994,1.485434
0.655437,1.107167,0.622670,-1.185878,1.485482,0.720913,0.290509,1.349659,1.043936,0.329247
0.662585,2.823554,1.565335,0.159723,-0.271776,-0.719212,2.893537,0.724837,0.429033,-0.953697
-0.047574,-1.557194,-0.558925,-0.538907,0.611160,-0.553492,1.695579,1.524625,0.702318,2.199529
1.356428,2.000306,-0.194295,-0.051014,-0.489394,2.004100,-1.639420,-0.478800,2.078173,-0.564585
0.504680,0.844113,2.303737,1.213343,1.252414,0.380633,-0.035593,-0.133440,-0.044628,1.925601
1.009091,1.881347,-0.061418,1.648793,0.792857,0.234811,1.684904,0.477884,0.083541,1.548225
0.741420,0.441682,1.830142,0.614817,1.378463,-0.249644,0.976867,0.316689,1.572021,-0.177906
1.160980,0.304058,2.272978,1.393354,-0.337877,-0.248056,0.609147,0.776830,1.535085,0.165940
1.842921,-0.727673,-0.158312,0.791918,-0.445601,2.044317,-0.542634,0.805096,2.340708,0.033016
1.282684,-0.458074,1.728033,1.949971,1.138631,0.931477,0.963922,1.156822,2.448824,0.631400
-1.048995,0.418935,1.392953,0.741866,0.973455,-0.983638,0.253356,0.272959,1.268591,0.848118
-0.061823,1.610274,0.625546,2.672923,0.326734,1.010992,1.576334,0.976577,0.481501,0.832787
1.314178,2.215038,0.192171,0.264707,0.287130,-1.017332,-0.250200,-0.530561,1.077803,1.223387
1.659914,0.449330,2.011766,1.084402,0.103535,-0.099902,2.211328,-0.242244,-0.164293,0.680679
2.139098,0.406140,0.793007,1.170071,0.349258,1.301983,-0.896691,-0.422623,-0.261112,1.252138
1.656233,1.031287,1.024949,1.033613,1.072933,0.052894,-0.970401,1.740285,1.302664,1.146727
-0.280749,2.328080,0.316527,0.601310,-0.842889,-0.380481,-1.578695,0.748986,0.460591,0.731835
1.217907,-0.826279,0.764961,-0.915123,2.235478,0.617163,1.300342,2.172870,1.656416,2.339092
1.409806,1.422501,1.950428,-0.178227,1.442581,-0.282437,1.116926,1.578300,0.190733,0.534936
2.417950,0.416168,1.861262,-0.751029,-1.194150,-1.073176,0.809674,3.879028,-0.789220,0.843634
1.199641,0.470235,1.073079,-0.727236,-0.035701,1.805633,0.788574,-0.030719,0.393697,-0.793276
0.508160,0.685775,0.933378,-0.377100,1.163097,-0.251900,1.815993,1.121412,0.617478,-0.782845
0.072602,-0.194043,1.473088,0.085386,1.374898,1.189380,1.073595,1.669863,-1.739182,1.143978
1.330418,2.346361,1.236292,0.215778,2.736203,1.351315,0.938925,1.102962,0.353965,1.166602
0.162918,2.144360,-0.642465,1.259539,-0.283303,1.782027,-0.338458,0.207918,0.661006,-1.044897
0.000588,0.718813,-0.045772,0.549724,1.246495,-0.484207,0.310906,1.943829,0.080355,1.073211
-0.986809,0.299036,1.207558,-0.325767,-1.554162,0.511437,1.101551,1.432705,-0.153047,0.829546
-0.633236,-1.344773,2.342416,1.676095,2.239489,-0.856496,1.523277,0.987596,0.012493,1.549565
-0.200290,0.025049,1.110668,-0.063041,-0.303220,2.037463,1.283449,0.949353,0.686886,2.044484
0.541394,-0.242318,-0.610759,-0.886335,0.227201,1.304448,0.326970,-0.354662,-1.387770,0.746432
0.901551,0.824001,1.476219,1.889937,-0.003750,-0.168383,0.285093,1.917718,0.356936,1.009775
1.427470,1.366326,-1.050805,1.493508,-0.791709,0.477391,-0.382936,0.316774,1.444257,0.906650
1.070267,1.914606,0.790431,-0.884556,0.776034,1.486267,-1.190078,2.126967,0.320468,1.021054
1.187635,1.229068,2.144952,0.861931,1.132252,0.835322,1.905554,0.605869,-0.040074,1.656807
3.086412,0.464616,1.013169,2.884552,-0.575188,0.477047,0.442935,1.831869,1.461064,-1.277405
0.375719,-0.052205,-0.327294,1.503888,0.757768,0.492949,0.125672,1.975405,-0.079567,0.248929
-1.248511,-0.919823,0.307037,-0.338372,0.192008,1.197069,-0.096459,1.117379,0.943616,-0.020754
0.400388,0.207268,-0.817887,-0.084728,0.072269,0.444249,-0.264353,1.212555,1.084477,-0.038281
-0.085868,-1.374969,2.415703,1.475681,0.703763,0.729020,2.230904,0.161307,1.324431,2.909384
0.272337,0.101413,-0.281324,-0.690926,-0.375240,0.196347,0.843116,2.560579,1.291910,1.684599
0.744854,2.104557,1.063554,2.258129,-1.387025,-0.029938,1.407958,-0.543171,0.144201,1.859501
0.159939,0.283923,0.412659,0.610105,2.271815,2.700561,0.746888,1.782029,0.685449,-0.608035
2.013084,0.940995,-0.212928,1.769250,0.395895,1.505428,0.377068,-0.126720,-0.826938,-0.493178
0.746238,0.629850,1.331296,3.265594,1.352465,-0.526321,1.174356,-0.140325,-0.080317,-0.492258
1.612113,1.526915,0.181339,2.084530,0.273467,0.633372,0.374565,0.582996,0.191851,0.699947
-0.339157,-0.493142,2.666992,0.400859,0.758115,0.632599,-0.881638,0.410054,0.149200,-0.068825
0.800738,-0.904526,-0.759813,1.628020,1.509529,-0.126606,0.193260,0.178087,0.876576,-1.219242
-1.200943,-0.585891,0.460948,0.823541,0.635423,-0.393840,-0.305792,-0.022012,1.685961,-1.875603
-1.219896,1.521883,1.549334,1.860978,-0.972618,-1.898266,1.777409,-0.795492,0.832173,2.329783
-0.282881,-1.084359,0.400581,1.355395,0.167892,0.027068,1.719532,-0.146403,2.290618,0.947489
1.083956,-0.130822,1.252438,0.605161,-0.942165,1.608972,-1.738846,-0.003658,-0.303700,0.496555
-0.109646,-0.821740,0.690991,-0.332895,-0.220999,-0.617095,1.072372,1.686985,0.779908,1.023514
-0.346265,-0.013928,1.493371,-0.846469,0.184037,0.040647,0.269466,3.171291,0.535356,0.233442
-0.503825,-0.338364,-1.118858,0.277936,1.059294,-1.184315,0.227904,0.096278,0.499681,0.517498
0.089248,-0.324075,0.748477,0.114697,-0.073831,0.062748,0.634605,0.883707,1.289732,-0.236263
1.474346,-0.087710,0.753523,-0.735651,2.438539,-0.804919,0.285588,1.089133,0.772779,0.883684
-0.897525,0.468179,1.315312,-0.309408,1.751844,0.493103,1.917222,0.692209,-1.154923,1.150095
0.384783,1.746873,1.356205,-0.178631,-0.734127,1.837053,0.382102,-0.078881,-0.997609,0.518297
1.622598,0.451122,2.449042,0.249125,2.315602,0.911774,0.815085,0.757647,1.081813,0.594974
0.176561,-0.518045,1.673934,-0.194645,0.358430,0.989098,-0.575392,-0.151005,0.884198,1.239923
0.949093,1.164927,0.534919,0.049581,1.620026,-0.146655,1.664840,2.778357,-0.280480,-0.177297
1.256149,0.595146,0.385115,0.519128,0.561243,2.402645,1.802561,-0.316237,-1.076475,-0.648042
1.540454,-0.150118,1.230810,-0.347395,0.467293,-0.587123,0.778146,0.426597,1.999746,-0.383310
0.914953,2.352961,1.263582,-1.795100,0.802870,-0.693653,0.742276,1.474323,-0.858859,-0.059503
2.156728,0.024177,-0.129145,1.056357,0.583937,0.720415,1.612879,1.797466,1.531088,0.334546
2.987597,1.131065,0.130709,1.053567,0.222857,0.759651,2.387911,1.037444,0.585083,0.685352
0.965852,-0.188996,1.032686,1.841993,1.221191,0.468358,0.675639,0.755960,0.034789,1.025055
-0.191084,0.435043,-0.322789,0.769935,1.158773,-0.220203,1.624861,0.535072,0.002018,1.530510
0.033898,-0.425048,2.259678,0.090971,-0.356130,-0.597694,1.341025,0.229693,0.902673,0.899859
-0.449195,-0.717294,0.035706,0.469228,2.585293,0.839054,-0.729822,1.641974,0.711868,0.613382
-0.370894,1.399955,1.711072,0.425845,1.808759,-0.008764,1.302383,2.165912,1.266856,0.871004
0.330296,-0.041621,1.617913,0.766978,1.614405,0.713345,-0.442156,1.707241,1.236602,1.708955
1.196162,1.068098,0.046313,1.266665,-0.489182,1.325188,1.242090,1.499735,0.420108,-0.768252
-0.211262,1.281778,0.609227,1.157546,0.627177,0.907634,-0.855052,1.182922,1.532799,0.997876
1.458294,0.967868,1.043522,0.620903,0.793546,1.700957,0.241883,0.740444,0.208543,-0.122803
-0.395706,1.719096,1.995658,1.125897,-0.019572,-0.718207,0.171326,-1.019355,1.068291,1.586385
1.596192,0.517264,0.589752,1.581562,0.143109,-1.225759,0.685518,0.310543,0.711508,1.734489
-0.586705,1.225917,0.624861,0.696525,1.486888,1.572552,-0.761495,1.538857,-0.512167,0.496657
2.546024,-0.951155,0.622782,0.835559,-0.816217,1.990235,2.167041,-2.044299,1.208952,0.854944
3.547175,1.132814,-0.664434,-0.540288,-0.352611,-0.348326,0.965582,0.995998,0.598805,2.030899
0.665509,0.613535,-0.182952,0.077103,2.664732,-0.815034,2.109131,2.716985,-1.160004,-0.609198
2.349659,1.835751,0.884187,0.433258,0.008263,1.284321,0.289461,0.966807,-0.774406,-0.193470
-0.295012,-0.323902,1.075680,0.230142,1.177721,1.813061,0.382004,1.992301,0.351772,0.405490
0.099189,1.237726,0.880574,1.041109,1.387649,-0.590289,1.314701,-0.288533,1.408636,-1.526605
1.326103,0.301338,0.179182,-0.351370,0.058740,1.351048,1.524629,0.330798,1.052440,0.788455
-0.477778,-0.749244,1.263803,-0.129803,0.419216,-0.048190,-1.111971,-0.267604,0.448952,-0.313893
0.128606,0.047105,0.145504,0.649493,0.521479,0.908722,-0.708681,0.587250,0.534961,0.459947
1.860183,2.171813,0.096886,-0.872312,1.011848,-0.387726,0.290850,1.431811,1.666707,1.036228
1.950007,1.168027,0.886478,0.821673,2.133254,1.640053,-0.176789,1.835226,0.666875,-0.143117
0.370683,1.486085,0.153273,1.277752,2.215658,-0.110273,-0.215654,0.118384,0.357922,-0.568907
1.279534,1.923538,-0.990678,-0.808667,1.058230,2.127086,2.153300,2.604982,-0.317654,0.731205
0.377853,-1.195130,1.229483,0.507731,0.138102,0.827909,1.736437,-0.345539,0.760997,1.351816
0.096676,2.333821,1.054832,0.774711,-0.396206,1.265412,-1.316107,-0.984545,2.971546,0.978015
1.707852,0.934289,0.342823,-0.303215,-0.623196,0.339292,0.516864,0.542518,1.234039,0.087036
0.987677,0.030493,0.489555,-0.128785,0.854901,0.890659,1.137224,0.961284,1.199527,1.122219
0.498319,1.042306,0.250003,1.714754,0.881211,1.494892,-0.075497,0.260533,0.485299,0.978616
1.132095,1.182579,0.158821,-1.687672,0.363772,1.606128,1.187236,1.055767,-0.188837,1.163197
1.161683,1.639548,1.140585,1.810614,0.432416,-0.714692,2.527733,-0.082799,-0.092765,1.174522
-0.530684,-0.544738,1.228463,1.430892,0.282112,1.027167,2.522036,1.133944,-0.694261,-0.781204
0.794140,1.159196,0.303050,1.540529,-0.478337,1.132674,0.486924,0.189055,-0.511725,1.219898
0.547788,-0.400847,0.541407,1.214966,-0.255432,1.306472,0.678933,1.338737,-0.946940,-0.852708
-0.758463,1.731620,1.763151,2.213043,0.676285,0.576454,0.839322,0.164696,1.413718,0.118487
-0.334312,0.993917,1.225605,0.101542,0.236743,0.333382,2.635209,1.978614,0.710431,1.327710
1.621944,0.804176,1.480890,0.321146,0.315042,-0.932316,1.212906,2.259270,-0.547938,0.542341
0.142824,0.594094,0.571885,0.263684,2.080378,0.364830,1.916095,-0.834980,-0.611911,-0.490930
0.219754,1.136776,0.765937,0.483967,-0.778013,0.840734,-0.703030,2.773744,-0.824631,0.961992
-1.012603,0.456616,1.861531,0.447550,0.045719,1.731220,0.120718,0.800851,-2.421892,0.784567
1.019344,1.143675,0.167333,1.934605,1.130609,2.134686,1.156884,1.317100,2.829948,1.707773
2.267209,-0.885845,2.374964,1.049390,1.374492,-0.739717,-0.080863,-0.055811,2.590273,1.081715
0.464385,-0.045501,0.363647,-0.480270,-0.527400,0.501537,-1.362704,0.731380,0.719124,0.394484
1.002031,2.440130,-0.175946,1.994624,0.554368,-0.305873,0.573730,1.662264,1.854141,1.941543
0.974923,1.370340,-2.061226,-0.595248,-0.043653,0.131983,0.059974,1.852871,1.913076,0.369009
-0.203368,-0.290155,-0.198147,-0.826343,-0.114627,-0.028447,-0.267272,-0.361853,1.330894,1.164993
0.237011,1.679749,-1.635318,0.355129,-0.918487,1.179849,1.273543,0.888527,0.073680,1.820829
-0.282748,1.828491,1.852480,-1.340207,-0.668584,-0.548398,-0.413302,0.960742,2.685307,1.005405
1.665694,0.406417,-0.145206,1.206083,0.696268,-0.052691,1.463842,2.178714,0.507564,2.512116
1.372830,-1.304776,1.264266,1.504760,0.619849,1.370038,-0.711366,1.148552,0.638495,-0.178750
1.029937,0.792329,-0.100354,0.676282,2.362431,1.304754,0.613124,0.286231,0.737586,-0.221896
1.091051,0.829372,0.746649,0.974182,-0.941103,1.395377,1.128769,1.335226,1.226366,1.805684
0.454573,0.904921,1.177131,0.808848,1.010255,2.567624,0.401694,-0.238816,-0.579865,-0.221070
0.508988,2.052842,1.155237,-0.730248,1.606122,-1.139862,0.643334,-1.827260,3.169407,0.389600
2.626735,-0.100324,0.910434,-1.538124,0.636138,1.625542,0.040648,0.378912,1.195336,0.911332
-1.034276,0.215743,0.613034,-0.232728,0.333189,-0.555368,-0.781783,0.293193,0.835492,1.922257
0.988091,1.599761,0.905417,-2.358851,0.331914,2.259857,1.219752,0.876947,-0.080379,0.858292
0.637314,1.474785,-1.428107,0.634130,-0.547073,-0.403408,0.610149,0.053766,2.545556,-0.298027
0.583189,1.264577,0.974190,1.618875,0.211024,0.768107,0.606381,-0.253507,2.063272,-0.896803
-0.961977,0.453516,0.381478,-0.227660,-1.387946,1.594080,-1.096545,-0.223218,0.431705,0.204902
0.360528,1.400985,0.018502,-0.360457,-0.933395,1.337864,1.586722,-0.274599,3.191517,0.944843
0.919773,-0.538429,2.892531,0.115713,-0.321067,-0.092311,1.642533,0.775872,1.888335,2.088519
1.377484,0.729788,-0.654798,0.659427,0.004127,2.076813,0.107490,0.478039,2.422599,1.901535
1.037417,0.032931,-0.136236,0.687899,2.033764,0.344422,0.269327,1.120455,0.456641,0.955100
-0.359632,1.589218,1.316714,0.119660,1.367520,0.136323,-0.048967,0.201941,1.711238,0.598991
-1.214129,2.223792,1.464107,0.765559,0.500751,0.569511,1.225901,-0.738705,0.397696,0.665162
2.251411,1.230297,-0.457101,-0.101819,0.051601,0.365666,0.446470,-0.587424,0.483914,1.747821
1.053267,1.508822,1.522197,-0.416070,1.477653,-1.447061,0.820522,0.804441,0.089751,0.074183
-0.984685,0.687084,0.902081,0.087753,-0.424710,1.667534,-0.545955,1.432823,-0.285842,-0.448853
0.958663,1.531909,-0.012317,0.729711,2.145303,1.470795,-0.871499,2.036952,1.117190,-0.553146
1.665889,0.965683,-0.397157,0.304496,-0.276094,0.875785,-0.100686,1.025056,0.839327,2.784067
0.486863,2.143453,0.081156,-0.662338,0.039904,0.307859,-0.406438,-0.512237,1.264772,1.326115
0.925004,0.517567,0.338805,0.245635,-0.699928,0.685030,-0.639948,2.191804,-0.765007,1.592609
-0.335703,2.555769,0.192261,1.303908,0.952108,1.018080,0.224817,0.042635,0.350952,1.168955
0.514878,0.391198,0.631650,0.838272,0.163162,1.248523,-0.044683,1.050967,0.214725,1.314567
-0.203053,-0.162774,0.394434,1.734616,0.989162,1.973948,-0.328728,0.871008,0.687386,1.473947
0.256843,2.198849,0.275786,0.079515,0.236177,-0.665967,-0.003419,0.987031,-0.425125,0.685165
0.336015,0.704494,1.282218,-0.371810,0.061857,3.416717,1.603843,0.115514,1.662625,0.236439
-1.095104,1.169755,1.445489,1.166257,1.591783,0.712807,0.210401,1.467958,1.448662,2.490652
0.924615,0.988942,0.320029,0.917277,-0.104939,-1.011956,0.228776,1.362572,1.186147,1.752159
0.684802,0.826391,2.249008,-0.125053,0.663856,2.433048,1.433891,0.008290,0.126363,-0.726149
0.118045,-0.507033,0.054488,1.528604,-1.613611,0.311252,-0.200410,0.112248,-0.376179,0.992019
-0.200310,0.015648,1.383554,0.715048,0.195700,1.873233,1.567392,0.733860,-0.413182,-0.428516
0.767367,-0.412873,2.013068,0.305159,0.313026,1.059482,0.440499,1.012589,2.875769,1.664921
0.183893,0.070897,1.445241,0.908046,0.731184,-0.342179,1.640108,1.846526,0.735672,1.880780
1.133879,1.641816,0.650269,0.975843,-0.003959,-0.791795,2.180389,1.165990,2.253907,-0.495381
0.238364,0.136048,-1.406809,0.337539,0.830008,1.142270,2.903185,1.822084,0.057143,0.010824
1.124665,1.284736,-1.344194,2.269752,0.232325,2.720927,-0.343182,1.221962,-0.341194,1.233067
2.059614,-1.003655,0.712279,1.459976,-0.584360,0.870246,2.354324,1.401167,-0.267584,0.963608
1.727357,-0.024066,0.095796,-0.135324,1.226139,0.525964,-0.105963,-0.040008,1.041724,0.953720
-0.830641,1.744081,0.962060,0.109130,-1.111366,-0.586173,1.995608,-1.159592,1.425534,-0.083357
-0.329682,2.460708,-0.097542,0.451306,0.082189,2.084402,1.368244,2.710940,0.706457,-1.501721
0.471705,0.821921,-0.583217,0.582940,-1.012837,0.026279,-0.068343,3.311689,-0.702003,1.802863
0.160518,0.103269,0.822373,0.913173,-2.510211,0.686745,0.978777,-1.571360,1.915799,-1.182813
2.319249,0.416287,0.849517,0.843650,1.055644,-0.165137,0.705963,1.166589,1.163775,0.480552
0.740526,2.447379,2.116522,1.368832,-1.099215,0.748804,1.035990,1.990926,1.797393,0.410534
0.218597,0.608197,0.972587,1.148867,1.559671,0.243650,-0.828438,1.539293,1.396515,0.899984
-1.764680,0.283849,0.163292,0.286195,1.871987,0.037772,-2.184372,-0.059870,-0.125351,0.538383
0.608554,1.064992,0.542369,-1.328621,1.251216,-1.100556,-0.874886,-0.652499,1.569839,1.109666
0.497552,1.275955,0.637940,0.827478,0.001361,-0.031586,0.760310,1.401186,0.684451,-0.254429
0.514239,0.507577,0.995513,1.575953,-0.289440,-0.928354,0.317682,1.061056,0.878550,-0.408901
1.669523,0.570850,1.382907,-0.043604,0.299273,-0.825155,1.063484,-0.252574,0.048850,1.717792
0.608869,-0.402144,0.297007,1.807681,0.361632,1.240584,3.086818,-0.514544,-0.234641,1.926935
0.408992,0.706373,0.938005,0.920321,1.801468,1.129909,0.244889,0.679104,0.517371,1.949816
0.443885,0.939736,1.273025,0.435259,0.536084,0.651889,0.532871,0.023335,1.414003,1.207442
0.894551,1.772086,0.366186,1.088585,0.108350,-0.200546,1.996444,-1.004686,0.883910,-1.334678
1.461400,0.824976,0.769812,1.994362,-0.462628,-0.631686,0.561038,1.283898,1.657238,0.380134
0.379818,1.711212,-1.015964,1.178913,0.619828,2.936211,-0.401853,0.220689,-0.146100,0.819012
-0.040537,-0.649022,0.818382,-0.071027,-0.681107,0.619787,-1.662593,0.257916,0.166924,-0.032069
0.557376,-0.051523,0.538168,0.895395,0.804464,2.749955,1.544804,1.153682,0.685359,0.563996
2.756437,-1.107326,0.432212,1.199528,0.497477,-1.511966,-0.814347,0.229734,-0.797862,-3.158420
0.469825,0.088684,0.767274,0.805893,-0.069940,0.960906,2.027664,0.877837,0.088238,1.978139
-0.102981,0.265540,0.518466,-0.461965,1.479980,1.270770,-1.073375,1.660985,1.490688,-0.408045
1.528744,-0.032298,1.269291,-0.904175,-0.564910,0.871484,0.486988,-0.238351,0.409085,-0.426410
0.387177,0.431234,-0.290477,0.518237,1.363957,0.147269,1.072989,-1.290704,1.424065,2.162798
-1.152655,-0.626977,2.514117,0.355774,0.674454,0.611862,-0.449404,1.751655,1.283088,-0.337318
0.727542,1.370729,1.162051,0.595669,2.614163,-0.707789,0.207814,0.450129,-1.468974,0.052815
1.341524,0.666859,-0.279618,2.194423,1.032567,-0.070431,0.498602,-0.036296,1.155357,-0.751629
-0.592679,-0.989068,0.138072,0.007012,1.406052,2.665964,1.041344,0.387644,0.295705,0.528067
0.652329,0.373432,0.692183,0.277809,0.596682,0.516927,1.164067,-1.025075,-0.120799,-1.077367
0.651912,-0.134171,0.371523,0.050749,-0.596994,-0.273542,-0.734935,0.840359,2.444152,-0.719224
3.160333,1.274650,1.052720,-1.106175,2.090224,-0.412559,1.899849,1.287058,1.451169,1.084292
1.559215,0.054627,-0.291952,-0.159968,1.706178,0.108687,1.194665,1.120332,1.742454,0.136841
-0.027500,0.783203,1.337233,0.636171,0.048919,2.188837,0.672954,1.436836,0.714577,0.703612
1.073705,-0.187890,0.200106,0.559685,0.723669,-0.213260,1.704613,-0.262132,1.827248,1.024859
2.457037,1.672893,0.945330,0.358774,1.113558,-1.494636,2.254717,0.993157,3.232411,0.026975
-1.194499,0.293124,0.160868,0.440544,0.865925,-0.402548,0.096942,0.306073,2.562622,-0.670994
1.447534,1.342464,0.617056,-0.246876,0.728947,2.225402,1.153854,1.311058,-0.014496,0.106662
0.299775,0.385969,-0.090929,0.326111,1.289166,-1.803638,-0.487630,0.004415,-0.355715,1.304156
0.395090,0.876214,-0.158003,2.673050,0.807776,0.976435,1.291706,0.641419,1.205213,2.813822
-0.096991,-0.162703,0.367883,-0.554546,-0.742959,1.033876,1.118795,0.737285,-0.597535,-0.488120
-1.536812,1.105137,0.136934,0.478840,-1.055944,1.951829,-0.374334,1.215734,0.677436,1.890905
-1.502782,1.886462,-0.105172,-1.150958,1.398671,0.999051,1.763536,0.915772,0.386140,2.678778
0.375736,-1.414460,-0.275630,0.822526,0.127841,-0.613878,2.038947,2.170777,2.929488,0.711203
1.103977,-0.018102,0.944545,1.041491,1.905861,0.394456,-1.147513,0.114711,0.361784,1.219540
-0.451782,0.921692,0.445584,-0.887686,0.440392,2.426390,0.628450,0.978838,0.726222,-0.380608
-1.439718,1.092963,0.006299,0.784482,0.269284,-0.603118,1.557083,0.367152,0.994925,1.323898
-0.340402,1.517016,-0.513479,1.281327,1.040369,0.769055,0.364175,1.084104,2.394179,0.915917
1.799924,-0.922355,1.696924,1.589662,1.929238,-0.246353,-0.029134,-0.970619,1.622619,1.020111
-0.041312,-0.256425,-0.819191,2.013362,1.485449,0.041640,-0.004262,-0.697701,0.407459,1.351467
-1.164313,-0.700782,-0.839307,0.617009,0.894791,1.433137,-0.682387,1.250784,1.128148,1.554341
-0.946852,-1.065882,0.749439,-0.266419,1.990004,0.059731,-0.298699,0.611656,-0.193696,1.199105
0.049491,-0.628330,0.545259,-0.178289,-0.537993,0.160502,0.372610,1.614586,-0.764057,-0.236049
0.798650,-1.678880,0.342626,0.839355,0.293044,-0.281649,0.888660,0.902285,0.215636,0.670628
0.626249,2.496001,-0.345965,0.241327,1.855661,-0.626127,0.901583,0.523649,1.040605,-1.213609
-0.173437,-0.464429,2.012759,0.906071,1.024981,0.659018,1.157932,-0.533246,-0.042296,0.076881
0.319196,-0.558809,-1.651413,-1.176549,0.528497,-0.065862,1.072408,-1.259193,0.344490,0.134368
-0.261726,-1.259037,1.874593,0.414251,-0.892023,1.629373,0.442255,2.811812,1.132694,1.202365
0.420810,2.363684,2.758753,1.572410,1.945626,0.206151,1.150034,-0.266359,-0.243750,0.470398
2.443378,1.724052,1.526615,1.504541,1.609495,-0.814654,0.102027,1.029593,0.516953,2.105650
1.493605,-2.251631,-0.109265,0.662067,1.690757,2.182383,3.393084,-0.314456,0.497875,1.425660
1.478543,-0.727445,0.362009,0.851729,-0.196242,-1.511225,-1.549581,2.343208,-1.330440,-0.580683
-0.239306,0.889514,-0.015504,0.116366,0.065010,-0.205583,1.429545,1.579475,1.373509,-0.678335
-0.767222,1.425120,0.854121,1.059844,0.672507,0.878733,0.246908,1.059947,1.889095,0.180936
0.255228,1.854936,2.261456,1.695507,1.844681,2.114630,0.792447,0.590629,-1.685809,-0.068331
1.841877,0.535878,0.541051,0.964650,0.418328,-0.674499,0.898908,-0.603263,2.033283,0.420554
0.713753,0.686748,0.099421,-0.222564,1.391310,0.859858,0.279397,-1.230384,0.957501,-0.167417
0.616518,0.681782,0.910071,0.542730,0.789605,0.874242,-0.354349,0.267349,0.248707,0.612410
-0.605957,1.485825,1.572263,-0.666613,1.648014,-0.208020,0.546199,1.395760,1.385914,2.091533
1.298231,-0.047055,1.147434,0.573272,1.559888,0.950842,-1.419871,1.375707,0.201869,-0.792238
0.755248,1.275798,0.170905,0.871864,2.283628,0.146053,-0.673542,0.971222,1.574220,0.174638
1.221971,1.860976,2.199105,-2.633373,-1.049118,0.989680,0.509503,0.776501,-0.013956,1.456445
1.688710,0.560574,-0.728682,-0.846255,-1.014760,1.257016,0.064149,1.871307,-1.487218,-0.959398
0.911221,-0.240644,1.945809,-0.048545,1.555811,1.203352,0.217203,2.749004,1.057445,0.427785
1.677047,3.208118,-0.006211,1.017240,0.003522,1.444502,1.467456,0.665452,0.220611,0.054484
1.840808,0.341349,0.028384,0.522503,1.023064,1.406913,1.699802,2.346830,0.879388,-0.184725
0.748250,-1.268833,2.633121,0.806085,-0.411262,-0.022254,0.432686,0.512492,1.359674,2.261111
3.455837,0.946692,1.047693,1.584077,0.972990,0.189043,1.476221,-0.348482,1.151996,0.435045
-0.068840,-0.429318,-0.933866,-0.808285,0.692277,-0.154185,-0.545069,1.001564,1.989549,1.692566
0.003705,0.467995,0.799537,-0.680533,0.092739,1.276226,-0.098951,0.252738,0.992183,0.661965
-0.110914,0.124814,1.800755,2.293731,0.465676,0.798301,1.159287,-0.708779,-0.337346,-0.092252
0.339668,0.210238,0.441681,-0.496986,1.661912,-1.191146,-1.264711,-0.245948,-0.258514,-1.287004
0.099028,1.519899,1.249265,-0.268937,0.575868,0.282180,-0.116717,0.974887,2.117894,1.450414
0.782328,1.179779,-0.446539,0.060164,0.072683,0.644320,-1.007360,0.223493,0.093350,0.143209
1.677397,0.504535,1.567927,0.964808,0.767187,1.683394,-0.725318,-0.028442,0.961516,0.264646
0.527277,-0.773315,1.887927,0.391624,-1.703773,0.351393,2.144952,-0.309549,-0.562923,0.409360
3.413346,-0.084368,0.300106,0.533711,1.476461,0.438815,-0.229305,2.374983,-0.455978,0.313346
0.953916,0.998276,-1.030556,-0.888035,1.014303,-0.190777,0.316506,-1.190786,0.519213,0.259709
1.741666,0.527800,0.748262,-0.389151,0.020518,-0.953107,-0.063666,-0.891922,0.086421,-0.628703
2.379786,-0.111845,0.574212,0.387266,0.659211,1.554834,0.043737,-0.747139,0.923094,1.448992
-0.169405,-0.589319,-1.154312,-0.087941,0.650274,0.867040,0.027647,2.189198,3.726543,1.217721
0.175621,-0.382823,0.304782,-0.456193,0.441668,0.061911,-0.572049,-0.854441,-0.369494,0.497576
-0.207179,-0.020635,1.400753,-1.294950,1.152659,2.692734,-1.337133,0.854058,1.649919,0.462881
-0.018919,-0.406678,1.628920,1.757934,-1.895107,0.331280,-0.168218,0.173238,0.442755,0.415297
1.992270,-0.758842,1.576742,0.957066,0.568132,-0.247783,1.256296,2.161667,-0.329540,-0.591253
-1.493142,0.147109,0.688992,-1.975659,-0.993317,-0.498431,1.785608,-0.017736,-0.511446,0.386128
1.504550,0.896675,-0.178761,0.664652,0.156658,-0.452093,0.127383,-0.450122,0.153534,0.582990
-0.538258,-0.350553,1.089625,0.269362,-0.481795,-0.634838,0.702524,0.141143,1.802337,0.936356
1.070286,0.247349,-1.363372,-0.570810,-0.687308,-1.424046,0.970478,2.196492,0.787452,0.688986
2.439772,-1.378689,1.433883,1.579985,1.351783,0.243854,1.760354,2.067469,1.472716,2.178578
1.365956,1.474120,0.432503,1.448513,-0.238116,1.462803,1.393062,1.375477,-0.237425,-0.743060
1.524285,-0.619981,1.298942,0.305693,-0.226033,2.067255,-0.207710,0.093951,0.599306,0.567722
1.401895,-0.613217,-0.035445,-0.386799,-1.022864,2.417356,0.788901,2.397870,0.647495,-0.066704
0.652479,0.815225,-0.036238,0.919015,-1.284039,0.106019,0.968912,-2.119453,-0.227789,0.209253
1.089521,1.979252,1.611355,0.911393,1.103402,1.297701,0.297517,0.532585,0.711895,-0.784128
2.143309,2.270573,0.779988,0.327853,1.463209,1.647646,-1.297091,0.484440,0.340598,-0.249197
1.067959,-0.573927,2.000824,0.432539,0.838914,2.027154,1.762136,1.307641,0.744002,1.131684
1.222886,-1.300887,0.286875,0.520769,1.498094,-0.329550,-0.290978,0.955869,-1.048094,0.257647
1.973669,-1.109121,3.209110,-0.556345,1.813431,0.775146,0.574261,-1.105310,-0.641707,0.641090
2.600972,0.144081,-0.822095,0.065563,0.828857,0.642679,-1.397521,-0.017153,1.653744,1.001050
1.753344,2.243995,0.450680,0.233329,0.413893,-1.332204,0.772477,-1.041972,1.120481,-0.016925
0.901994,-2.579501,-1.080263,1.554276,0.677863,0.375787,1.122795,-1.433957,-0.779745,0.419095
1.436716,2.225784,1.030526,0.391395,3.689005,1.275238,1.345310,0.041482,1.020197,0.528480
1.381914,0.406025,-1.481706,1.518072,-0.319056,1.113548,-0.246519,-0.832998,0.963715,0.879206
0.616497,1.369671,1.080768,0.260087,2.328739,0.780967,2.420002,0.648351,0.481599,-1.427400
1.922984,-0.087834,1.094962,-0.443667,0.650143,0.589776,1.218113,1.120325,1.107477,0.581664
2.854405,0.280287,-0.616586,0.569426,0.888561,1.049751,1.156230,2.607626,3.214373,1.633985
1.740079,0.342265,1.323576,-0.232616,-0.686164,0.327945,-0.389619,1.581921,0.965358,0.307303
0.348817,1.775924,1.789682,1.050255,1.343194,0.551122,1.059126,-0.559995,-0.233637,0.287560
1.629888,1.094755,0.762883,0.009745,-0.242412,-1.633747,-0.589676,0.669339,-0.407361,0.961729
0.296096,-0.664245,-0.782387,1.191617,-1.129944,0.783605,0.557816,-1.080944,-0.556042,1.518175
-0.295447,2.901915,1.291596,-0.352712,1.014575,-0.129161,1.270915,1.400493,-1.079159,0.092033
1.813169,-1.391921,1.371779,-0.164927,0.091286,0.125173,0.946509,0.302434,1.869655,-0.694158
1.411271,-0.519980,0.506169,1.516305,-0.536490,0.414075,0.741885,-0.630900,0.653555,2.648008
-0.558837,0.873256,1.164933,1.114351,0.413195,0.246829,0.115630,2.142607,1.774829,0.185936
1.111885,-0.233181,1.624479,0.359927,0.291532,1.251689,-0.608067,1.896556,1.565206,-0.888952
0.292926,0.257314,1.160703,1.328890,1.406485,-0.605127,0.245030,0.355231,0.322035,2.831003
0.445073,0.658188,1.099193,1.474439,0.032897,0.712386,1.505773,-0.013271,0.573714,1.290150
1.318630,0.465152,-0.518223,-0.658240,1.772849,-0.706353,-1.446050,1.101325,0.635705,0.171874
-0.497927,1.216664,1.576580,1.836327,1.613305,0.376798,1.040753,1.561925,0.945956,-0.652616
0.850080,-1.258322,1.609311,0.174315,-0.842303,1.606428,-0.574551,0.899934,-0.037346,0.861224
0.697642,-0.222584,1.073221,-0.144850,-0.272414,0.597803,1.999725,-0.178352,0.276372,0.720147
1.089297,-0.551979,-0.094969,0.167796,0.377402,1.260889,0.448540,-0.596057,0.404657,1.604765
1.123788,0.153702,-0.104468,-0.839645,-1.018113,0.506333,1.139657,1.600800,0.474609,-0.533688
1.303709,-1.784213,-0.850111,-0.241565,-0.907227,-0.669583,-0.214349,-0.989249,-0.489774,2.079181
2.109859,1.095378,1.681555,0.149759,-0.694353,1.976123,-1.007615,0.708260,1.089623,-0.840007
-0.158687,0.254248,1.369555,-0.004705,-1.008822,2.181619,2.481007,0.584148,0.060803,-0.236775
-0.539713,-0.575133,2.252594,-0.671158,0.830369,-0.466528,-0.598413,1.242539,1.649571,-0.352094
1.411500,1.010903,1.195218,0.912226,0.313680,1.262471,0.754831,1.085354,1.058217,0.379386
-1.184517,0.578111,0.463448,0.980096,0.672177,0.586460,-0.714975,0.495601,-0.065414,1.738241
0.787178,-1.679961,0.828957,0.840352,0.952985,0.499354,0.162629,1.259132,1.180126,-0.151762
0.827134,-0.372103,3.297296,1.703882,2.697409,0.604254,0.757047,0.758788,2.078875,1.491707
0.689803,2.292892,0.847356,2.829788,-0.273439,0.566202,0.156931,0.612409,-0.458365,3.544872
1.060914,0.303798,0.349945,0.454622,0.170931,0.853529,0.186551,2.571254,-2.451079,0.729604
0.362685,1.145823,-0.559005,-0.397336,1.325487,-0.946506,1.326760,0.944604,1.047625,0.989577
0.472637,-1.241653,-0.434698,-1.159832,1.156924,-0.334093,-1.190485,1.783555,1.916585,1.834823
0.487738,-1.011859,1.162261,1.673480,2.027659,-0.397983,0.492325,1.284073,1.169388,-2.414271
1.343406,0.985897,1.216557,0.758669,0.889641,0.852315,0.479030,1.664913,2.590802,1.683838
1.628199,-1.406818,1.862349,2.012017,1.065156,0.824815,-1.290834,1.176386,0.926027,0.330263
1.004333,-0.017998,0.991856,1.228493,0.412862,0.564778,0.075864,0.708695,1.798036,-0.844358
-1.696312,1.014625,-0.053522,0.250413,-0.321527,0.845088,-0.667417,0.055101,-0.309903,0.727752
-0.993155,-0.574244,2.391875,0.135202,0.911444,1.739533,0.795897,0.943215,0.131339,0.227535
-0.149348,0.110923,-1.159478,-0.247264,0.369316,0.871465,1.716409,-1.196844,-1.606401,2.300209
2.096806,1.172684,-0.028429,2.000783,-0.663768,1.669417,0.469610,-0.591239,-0.209244,0.954306
-0.018915,1.134903,2.502932,1.297609,1.194748,0.205870,1.441926,0.743713,-0.312718,0.291227
0.616212,1.152334,-0.077034,0.383056,2.097918,1.530208,-0.567302,1.278713,2.154925,0.876415
0.750690,0.208174,-1.068717,-0.421466,0.836877,1.558690,-0.657000,-0.193642,1.077627,-1.040260
0.851471,0.446075,0.738847,-0.621186,0.584753,0.754113,2.960463,0.100804,1.269724,-0.814456
1.278925,-1.058817,1.984688,-2.218454,-0.702607,-0.119479,1.891906,2.427117,3.390837,0.719902
2.326114,1.677805,0.529116,0.741020,-0.320070,-1.014587,0.879743,1.122093,-1.448862,-0.129364
0.534413,-0.058728,0.492472,0.393233,1.259232,0.233142,0.357628,0.103050,0.455391,-0.206242
0.982520,0.503286,-1.007174,1.865690,1.474355,1.765381,-0.411537,1.206537,-0.700791,1.473135
0.402364,1.363680,0.854631,1.864383,0.152069,-0.249638,-0.863815,1.047318,0.036917,-0.594959
2.301163,-0.231008,1.550744,0.566619,1.287982,0.607104,-0.589092,0.793941,0.627485,1.391215
-0.063617,-0.408757,1.118403,2.099137,-0.163960,0.518997,1.969867,0.715795,0.370680,0.606196
1.036786,-0.500032,0.053277,0.549182,1.613278,1.580059,0.690563,1.221798,-0.329329,0.429730
1.071980,-0.000240,1.502999,-0.379124,-0.443543,0.875708,0.111240,0.826291,-0.131118,-0.631853
1.215853,2.195241,1.578120,0.766217,0.367404,-1.574349,0.066618,0.679879,0.550092,0.706655
1.725149,-0.439055,1.524515,1.514721,0.824199,0.986518,1.088081,0.645263,1.249430,0.375634
-1.447116,-0.582259,-1.175501,1.084041,-0.321308,1.419141,0.392998,0.498563,0.190389,-0.666394
0.349457,1.220530,-0.489154,1.523483,0.061439,-0.040753,-0.490564,-0.846183,0.245398,0.495986
-0.340354,-0.017296,0.648423,1.829419,1.684314,2.024993,0.735283,-0.334279,1.194396,0.042101
-0.297892,1.506355,0.440155,2.312222,1.406201,0.979062,-0.298519,0.997974,-0.098532,-1.232266
1.253963,-0.574756,1.476954,0.223610,-0.833597,2.340398,0.774915,-0.584697,0.526540,0.580215
0.897141,1.975675,1.954479,0.730373,0.257319,0.982277,1.056093,-0.297300,-0.326740,0.951147
0.200677,2.417448,1.127391,1.891587,1.757463,1.307878,1.765466,0.637480,0.776147,0.204496
1.335894,-0.419153,3.096259,1.003923,1.025761,0.688077,1.615045,0.331477,0.924213,1.500299
1.694638,0.719500,1.770015,1.332873,0.439074,0.192676,0.404938,0.952029,0.095770,0.155293
2.099680,0.084262,1.477021,-0.004749,1.011135,-0.266018,-0.413864,-0.880551,0.838885,0.259634
-0.164653,-0.078273,2.002621,-0.280799,1.834308,-0.199747,0.340375,0.137025,1.556711,0.109173
0.957929,-0.244562,-0.589293,0.971809,-0.098129,1.385577,0.248079,-0.771426,1.123541,0.401450
0.484610,-1.915811,-0.365225,2.220922,-0.779664,0.056351,2.257276,0.953370,1.370914,-1.044139
0.936041,-0.397629,0.855278,-0.095939,-0.457215,1.910994,-0.681291,0.460976,2.233241,0.026471
-0.603419,0.809129,0.566903,1.933691,-0.417540,0.977695,1.305020,-1.738736,0.442736,-0.456707
1.081261,-2.446529,1.093811,1.496720,0.390404,1.291408,1.153620,0.587169,-0.343619,1.448588
-0.101663,0.778449,-1.387767,2.297152,1.454112,0.956294,1.441511,1.745805,-0.909335,-0.838463
-0.745237,0.892812,-0.433057,2.064651,-1.966506,-0.320057,-0.021115,2.130449,0.558619,1.356290
0.802559,0.897548,-0.195720,0.009765,-1.242441,-0.075487,-0.251912,-1.281709,2.222326,0.497518
0.084031,1.042771,0.161669,0.426906,0.220767,1.391442,2.563150,-0.537248,-0.995768,0.604268
1.253312,1.830655,-0.495115,0.216184,2.191634,1.892567,1.426782,1.896902,1.029971,-0.332017
0.877698,0.831930,0.408439,0.760621,0.729592,1.212146,1.032148,0.718301,2.383887,0.454422
0.765217,0.708371,1.464315,-2.740423,0.682500,2.400166,-0.332147,-0.478919,-0.531795,0.622573
1.548216,-0.985349,0.136331,1.419393,1.125606,-1.495094,0.960059,0.667126,1.100943,1.971962
-0.388221,-0.281236,0.102763,0.852094,0.706797,0.262698,1.403323,0.640391,-0.935095,0.726692
0.784702,1.957462,3.391243,0.275136,1.366554,0.006896,0.765765,1.391900,1.408629,-0.338046
1.842276,1.127212,1.020133,-0.296779,0.928556,0.529439,-1.625488,0.215369,-0.796768,2.882018
0.141484,0.085618,-0.260544,2.000913,-0.183034,0.475661,0.554566,0.437160,1.151446,1.529005
-0.595686,1.445436,-0.116741,2.861426,1.090978,1.145170,0.919190,-0.107321,-0.939416,0.780654
1.120709,2.255067,1.031173,0.725091,1.809590,2.498517,0.376609,-0.307567,0.474291,0.584179
-0.455272,-0.827538,1.662563,0.492249,-0.259403,0.397604,0.392207,-1.918840,-0.045249,0.230440
2.572576,0.436302,0.771713,-0.330940,1.049450,0.100049,1.163945,1.361614,-2.241578,1.084280
-0.883480,1.503283,-0.828468,0.891082,0.882784,1.219641,-0.411125,2.280135,0.404083,0.721263
1.752958,0.888909,-0.273749,1.129703,-0.053246,1.101354,1.306583,0.911024,0.165986,-0.773762
0.125755,0.615025,0.919526,1.376168,-0.101053,0.591491,0.144821,1.006036,-0.164805,1.069686
-1.184669,-1.037557,1.279674,0.528106,0.278669,0.427177,-0.136373,-0.879884,-1.491020,0.483376
0.780537,2.144836,-0.062000,-0.119501,0.761068,1.178236,-0.167658,0.916210,2.376744,0.865629
1.896274,-1.187875,-0.051141,0.731509,0.442920,2.308147,-0.093038,1.289885,1.114572,0.586842
-0.052350,1.233567,-0.169999,-1.161741,1.550014,0.348754,1.131326,1.251566,1.210039,-0.063956
2.024672,1.046548,1.068483,1.049925,0.676952,2.029277,-0.297728,0.854859,0.973053,0.617758
-0.251680,1.691117,1.515394,0.988464,1.880584,0.386766,0.653523,1.926492,2.303506,2.581369
-0.179079,0.988887,-1.746352,-1.413738,0.056895,-0.728019,0.869192,1.150272,1.401968,-0.852235
0.695675,0.777588,-0.230429,1.209642,1.296180,1.276793,0.067767,0.877638,0.345288,0.830730
1.810964,1.270001,0.410225,0.446887,0.412191,-0.167536,0.909172,-1.145927,1.381333,0.569246
0.859904,0.010211,1.255767,0.406641,0.285173,0.122099,0.099677,0.256012,3.088325,-0.125718
0.513257,-2.485104,1.072975,-1.173366,1.279298,0.718258,0.265319,1.516611,0.514708,1.740881
-0.869014,-0.267362,1.531338,-0.020348,0.373322,0.210967,-0.380151,1.551440,0.666866,0.929533
0.016293,0.701291,0.264989,0.549323,0.661095,0.726150,1.137573,-0.269800,0.308143,-0.629014
2.706792,1.056119,-0.496814,0.933078,-0.916636,0.355209,0.699826,0.548342,1.759982,1.463084
-0.191069,0.419158,-0.682288,0.712994,-0.986713,-0.053123,1.076389,1.550733,0.532429,-0.332935
0.641735,0.064038,0.833718,0.640242,-1.115747,0.848791,-0.309882,-0.110713,0.629184,1.030559
1.800399,-0.579881,-0.938120,0.312315,1.426594,0.321472,0.698830,0.259846,-0.087453,1.303645
1.122202,-0.311578,1.744051,2.001652,0.397355,-0.087549,1.391636,-0.054962,2.137054,1.312140
1.005903,1.695265,0.228349,-0.141860,-0.374433,-0.010549,0.991285,0.421594,1.507467,1.262673
-0.519356,-1.236441,1.175307,0.380406,0.141474,-0.317751,2.058710,0.401151,1.461428,2.199677
2.004591,-0.576402,0.812592,0.117330,-0.014827,-0.879000,-0.302428,2.383921,2.068281,1.559732
1.099162,0.059823,0.314959,1.064787,1.373616,1.597032,0.166364,1.099226,-1.277639,-0.295350
1.247631,1.964769,0.211568,0.297743,-0.852374,0.254722,-0.555847,0.453233,1.977212,1.117087
0.683279,1.133079,-1.354354,0.018004,0.650965,2.773006,0.010591,-0.266183,1.506928,-0.390601
-0.490303,0.667043,1.481121,0.373421,1.222452,2.012126,-0.157205,0.283391,1.438220,-0.731961
1.628030,-0.191742,-0.279583,0.005223,-0.795442,0.262454,1.049364,-0.405784,0.662955,1.497181
0.602084,0.259122,1.524889,-0.297782,0.507035,0.058684,-0.529519,-0.108646,0.057344,1.500205
0.320948,1.074398,1.025270,-0.589442,0.426370,0.054465,-1.909965,1.102510,0.072252,0.610592
0.488812,-0.054751,0.780980,1.176391,0.755988,1.585676,-0.461962,0.850614,-0.380120,1.701326
1.070549,-0.271151,0.157914,0.257991,0.495859,-1.703835,-0.230084,0.695011,1.297683,3.421246
-0.553373,0.316439,-0.679259,-0.133775,0.614482,1.359455,-0.031625,1.673851,1.621331,0.116643
0.938577,0.061257,2.259273,-0.394853,-0.129708,0.843803,0.642983,-0.603309,1.436414,0.124563
-0.518291,0.009783,-0.167269,1.196925,0.053442,-0.252310,-0.929631,1.328102,0.196385,0.381667
-0.188892,0.715655,1.335429,2.312354,0.950217,0.472519,0.068373,0.446094,-0.084190,0.939275
0.522137,1.689264,0.170817,-1.744257,0.195982,1.025156,1.369064,0.037359,0.076877,1.268803
-0.340121,-0.441832,1.019478,0.912930,-0.042832,-0.157819,2.694077,1.710200,1.153141,1.047213
0.021545,0.137273,0.613115,0.065579,0.190117,-0.577364,0.141019,1.964116,0.785733,-0.015024
0.687410,0.529080,2.543786,-0.436810,0.715421,0.680146,0.592415,-0.953727,1.665852,-0.474329
3.820122,0.917308,-0.571702,-0.288966,-0.752197,-0.561280,0.184333,2.259005,1.395884,2.014812
1.376998,1.149980,0.313120,-0.230868,0.298150,2.003384,-0.850254,1.723360,-0.087431,1.338292
-1.102248,1.361925,0.314021,-0.316793,0.308849,-0.409428,-0.538360,0.859343,-0.405089,0.918014
-0.450520,1.237225,-0.067716,-0.203719,0.685219,-0.292266,-0.626567,1.439119,-0.212656,-0.627844
1.123497,-1.162140,-0.934876,-1.388940,0.768312,1.468486,1.396533,2.047121,2.718901,-0.652424
-0.157631,0.399247,0.972806,0.356301,1.415819,-1.826348,-0.714671,0.934806,-0.112235,-0.063230
1.284569,1.569078,1.317335,0.357197,-0.843810,-0.722742,0.015693,1.658152,-0.155746,1.008926
0.450036,-0.771315,1.040952,1.471676,-0.863933,-0.148896,-1.280209,0.419351,1.017870,-0.298183
0.161711,1.865653,-1.319536,-0.017849,1.578962,1.289431,-0.603425,-0.896852,0.029609,2.299394
1.662902,-0.037237,0.290638,-0.689051,-0.752433,-1.595009,0.779690,-0.549644,-0.825554,-0.089507
1.155748,-0.086027,1.489311,-1.690822,1.832786,1.232530,0.064653,0.469566,1.240276,1.117029
0.488074,-0.213029,2.892015,0.984191,0.239270,1.499782,-0.575904,2.481035,0.218427,0.333260
1.750580,0.973225,1.134250,0.185082,1.368433,0.589479,1.766286,2.226734,-0.833455,-0.038094
1.791182,1.645339,1.968446,0.888525,-0.135059,1.779484,1.492216,2.130644,1.069072,1.271414
-0.754171,0.493513,-1.211081,1.343761,-0.760858,0.074438,-0.347652,0.280607,1.270816,0.383943
0.014133,1.623648,0.313263,0.319966,0.762622,-0.829817,0.414209,-0.462888,-1.062324,-1.229648
1.043833,1.034938,-0.332779,1.065986,-0.711316,-1.456581,1.796715,0.686773,0.400234,-0.418259
1.426959,-0.106236,1.673409,1.131530,-0.650209,-1.448216,0.329804,-0.237414,-1.118464,-0.812713
-0.196866,1.357671,0.438403,0.949287,-0.430582,-3.439186,0.034542,0.975030,0.542053,-0.030246
-0.809149,1.549969,1.362910,0.861440,0.987151,1.086530,0.749141,0.210861,-0.447129,-0.442940
1.232860,-1.240569,2.433094,0.744461,-0.457416,0.732523,0.899496,1.040092,0.476320,0.989813
-0.071208,-0.485344,2.507003,2.542891,1.208655,0.805002,1.955057,0.821658,3.284159,0.490066
-0.214447,-0.685992,1.771120,0.875810,3.076500,1.194327,0.146447,-0.988535,0.624483,0.324184
0.892448,-0.597084,-1.113215,-0.538499,0.722281,0.467822,1.226026,1.273539,0.509214,1.486176
0.275718,2.489726,-0.245172,0.726332,1.208736,0.794416,0.569247,0.339765,1.553242,1.149483
0.301930,-0.168059,1.026920,0.387533,-1.419573,1.703739,0.776435,0.211414,0.559750,1.112559
1.330673,1.026478,2.254787,-1.438927,1.466662,1.835135,0.675476,1.300558,0.351163,2.119519
0.295349,0.947258,-1.112561,1.720102,0.288427,0.603650,0.856461,0.667764,-0.719945,2.270387
0.492924,1.046376,-0.542720,-0.906862,-0.895309,1.029082,0.283026,0.599200,0.085985,0.782419
-1.644193,-0.822671,0.198784,0.343778,0.906855,2.042200,-0.377010,1.657181,0.236874,3.004680
3.194112,0.741911,0.437780,0.415156,0.976098,0.964709,0.888351,1.459293,0.652391,-1.337114
0.099624,0.730361,-0.288925,0.996985,-1.190875,0.144776,-0.380225,-0.183827,-1.524692,0.690914
0.402110,-0.061876,1.383025,0.284048,0.033514,0.713862,-0.322392,-0.341745,-0.190373,0.375446
1.153982,-0.900413,0.318433,-1.708682,-0.671285,0.776512,0.187744,0.710947,-1.649490,1.611272
1.766985,1.373768,1.509716,0.613006,0.841545,0.194863,1.597260,1.473702,0.096021,-0.534933
-0.003607,-0.574230,-1.136403,0.206053,-3.042433,-0.631458,0.244668,0.553062,-0.393419,1.126917
1.498982,1.524098,1.245521,-0.467423,0.285448,0.825080,1.184031,0.616717,1.596123,0.985430
1.202930,1.675208,1.033353,-0.170439,2.133288,-1.424260,-0.029364,0.108196,0.847291,0.460456
0.303426,-0.042712,0.964632,0.432916,-0.052816,-0.779544,1.288885,-0.814037,0.395962,0.553975
0.052505,1.897234,-0.533537,0.962257,-0.130780,1.970935,0.763739,0.411295,-0.148208,-0.270637
0.311424,-0.337824,0.510179,1.249423,1.369573,-1.142016,1.435118,-0.235372,2.558472,1.220036
-1.493734,2.075519,1.677184,1.040268,-0.027204,0.310341,-0.346683,1.117667,-0.385892,-0.116810
-0.925775,-1.047251,0.656911,0.433926,-0.116168,1.227550,0.882739,-0.398723,-0.879425,1.459192
0.614446,1.099938,-0.081346,1.274343,0.464305,1.818278,-0.731830,-0.086013,1.093738,2.473172
1.097630,0.206644,-0.095957,0.357287,1.450788,0.486737,-0.191913,1.141912,1.508862,0.287633
-0.304586,1.217304,-2.017594,1.128797,0.210149,2.411775,0.668027,0.439111,-0.105171,0.947647
1.281854,1.289481,0.348678,1.173551,0.211705,-0.060159,0.604579,0.420458,1.101477,1.187365
0.470412,-1.884942,0.723900,0.468354,0.073515,1.530483,0.730259,0.635617,0.070455,-0.502414
0.809239,0.666565,0.909390,-0.922091,-0.643661,2.105876,-0.536203,-1.066383,-0.320147,2.555457
0.920001,0.674647,0.442008,0.474048,0.020984,1.408972,0.888088,1.501642,-0.332402,1.302198
-0.441705,2.083495,0.574619,1.140778,0.534751,0.998085,1.082985,1.021730,0.257477,-0.765271
0.484131,1.571287,0.155018,1.937314,1.543799,0.595544,1.128849,-1.162551,1.489521,-0.041703
0.084636,1.123220,0.875703,1.393810,-0.736428,1.184247,1.080422,0.683070,-0.095899,0.208490
-0.370698,0.581250,0.203610,-0.593955,1.548133,-0.522945,-0.049932,0.996373,-0.091859,2.568912
0.776264,0.056012,1.679190,-0.149463,-0.478383,0.015936,1.564408,1.852812,0.483242,1.277363
-1.223246,0.534649,0.610049,0.386944,0.230495,0.261091,-1.228461,0.606378,0.179746,0.000123
2.041648,0.800513,-0.944890,2.223789,-0.456086,-0.130348,0.855713,0.726758,-0.539798,3.248319
-0.858276,0.570972,1.553618,0.597851,-0.689064,-0.733197,-0.395398,1.147980,0.789988,-0.167749
-0.336931,0.553548,-0.392948,-0.010121,-0.586621,1.215619,-1.422511,2.755266,-0.676504,0.742285
0.179841,0.427004,0.797812,0.344678,-0.745193,-0.278678,0.914245,0.925926,0.812682,-0.310761
0.513803,0.547129,-0.146313,2.175808,1.915611,0.763489,1.000063,0.938509,1.090893,0.257011
1.532154,-0.756378,-0.066327,0.639175,0.015664,-0.037412,0.795486,-0.902304,1.237233,0.096148
0.499926,0.584901,-0.537012,-0.814561,1.012940,0.901667,0.215338,1.286634,0.595656,-1.713793
0.692563,-0.062871,1.052379,1.146892,-0.943611,1.608267,-0.053271,0.481008,0.820793,-0.780603
1.870655,0.182457,1.113171,-0.485255,0.495060,-0.857649,1.275539,-0.011205,1.092580,0.065776
-0.074484,-1.194542,0.501093,0.410570,-0.974156,-0.725732,0.060582,2.457955,1.701068,0.541006
-0.824670,1.136325,-0.222240,0.258859,-0.955524,-0.263617,2.848567,-1.310168,0.741844,0.383729
1.005879,0.160157,0.241500,0.459675,1.057966,0.651986,0.956442,1.656383,1.364300,1.493241
0.369197,1.461912,2.339427,1.379556,0.802563,-0.386689,0.664380,1.945423,1.515585,0.899373
-0.062115,0.422752,2.935080,1.355239,1.060872,0.211193,-0.988742,0.535938,3.651931,0.726678
-1.095023,1.381565,2.290344,-0.724257,0.872811,-0.863589,0.308106,0.547153,1.207862,1.194304
-0.300584,-1.079212,-0.139141,0.203236,1.345450,1.414193,1.107670,1.016059,0.763341,-0.014348
1.256168,0.720584,0.268391,2.436892,1.793692,0.493996,-1.397094,-0.391772,0.898179,-0.279701
0.048609,0.814432,1.404308,0.053158,0.493327,0.436423,-1.336842,0.109451,1.517791,-0.461897
0.606826,-1.123193,0.739238,-1.276571,-0.921303,1.390650,0.233411,-1.133717,0.205346,-0.675949
