0.530992,0.504472,0.535998,0.602513,0.505810,0.628225
0.973216,0.521083,0.700594,1.117036,1.089278,0.701278
2.259235,-0.598920,0.062526,0.356475,0.867320,-0.395979
1.327046,1.585077,-0.091747,1.658757,0.200717,0.192572
0.722081,-0.382846,1.025582,0.680430,2.266165,0.214776
1.122733,0.710796,-0.369997,-0.470124,0.485769,0.130021
1.657673,0.223278,0.339961,-0.094771,0.306029,0.837139
0.528541,1.045604,1.059449,1.240992,-1.239994,0.082483
-0.317350,1.471063,-0.589387,0.704461,1.554561,-0.995667
1.138516,-0.025843,1.433099,0.113484,-1.953785,-0.795878
-0.221514,-0.139171,-0.627105,0.311803,0.009266,1.112919
0.686156,-2.438750,1.590451,0.770682,0.657864,-0.215412
1.379545,1.360431,-0.924600,0.952263,0.957079,0.937506
-0.445775,0.076659,1.084717,1.362448,1.606937,-0.205566
0.548609,1.548292,-1.725391,-0.833306,1.326083,2.227271
1.627632,1.254811,-0.826220,-2.143509,0.972939,0.867138
0.072635,-0.083737,0.584105,-0.854444,1.280886,0.886096
0.379943,1.324115,0.827967,0.851627,0.316577,0.640552
1.297710,1.165501,0.450198,0.040443,0.264946,0.236540
-0.548591,-1.293518,0.965476,0.724994,2.881247,0.442101
0.145854,-2.908114,0.564904,1.582229,0.604387,0.734025
0.753794,0.809199,1.217292,0.151726,1.406637,2.039688
1.137052,1.124662,1.834342,1.005994,1.304166,0.044633
1.161868,1.298340,-0.227949,-0.295170,1.553430,0.609908
-0.784025,-0.021463,3.516313,1.054899,0.605311,-0.721980
-1.365827,-1.169898,0.716392,1.564305,2.408187,0.583289
0.284789,-0.833076,2.052371,-1.453082,-0.142406,1.103893
-0.545175,1.424958,1.631917,1.388534,1.041609,0.414031
1.782534,0.128020,0.732761,-1.514752,0.390196,1.112030
0.259415,1.052039,-1.342102,4.550147,2.475741,0.936305
0.439222,0.928718,-0.226041,-0.292963,-0.508357,1.911544
1.570139,0.093882,1.725234,-0.356579,-0.401072,0.880908
1.319842,0.835149,0.228641,1.788921,-0.878313,-2.094651
0.494294,1.643242,0.977471,0.446666,0.567577,0.848265
0.944853,1.043207,-0.127313,1.992724,1.577052,1.275077
0.392922,0.509869,-0.853618,1.830852,-0.729389,-0.886133
2.241857,0.199200,0.402739,1.654028,-0.105195,2.123820
0.122838,0.344874,0.187618,0.302424,0.232103,0.962544
0.667469,0.781839,-0.481952,2.468573,-0.861696,2.231557
0.004283,2.820006,0.531322,1.195890,1.225058,1.105040
1.142084,0.592779,0.258283,1.957508,-0.274122,0.780529
0.965462,0.821638,-0.024555,0.274576,2.830201,1.007241
-1.073845,1.623645,0.834071,1.695804,1.000453,-0.409420
1.905600,-0.206390,0.349165,-0.612935,-1.384957,1.483675
0.287705,1.659961,0.611842,-1.299905,-0.215125,0.136851
0.559081,0.990619,0.164757,-1.664327,-0.685196,0.800652
1.065282,2.119724,-0.117730,1.431491,-0.004218,0.529029
1.017330,0.101607,0.354575,1.557777,-0.087329,0.728295
0.789597,0.741047,0.859736,-0.183637,-0.260075,0.161505
-1.901003,0.975479,-0.056474,1.195063,0.247242,2.241704
1.140944,-0.794055,0.793489,1.186131,-0.389592,2.435063
1.576851,2.894243,-0.170247,0.214126,0.382277,0.611273
1.221443,1.015860,1.008893,2.018651,1.581957,1.648072
1.123688,1.189914,0.545377,-0.032506,1.496662,1.944243
-0.332730,1.574579,0.822508,2.471167,0.016240,0.099836
-0.069383,1.357215,-1.459936,0.058708,0.652883,0.086519
0.415582,0.694615,1.158923,1.124237,1.780684,2.323339
1.201607,-0.338068,1.241530,1.245684,-0.720965,2.342808
0.897326,2.533084,-0.490768,0.237642,0.677035,1.462479
1.143442,1.938531,1.793286,-0.538935,1.087798,1.700712
0.165624,0.410939,-0.950694,0.595511,0.927003,1.464492
1.838684,0.254267,0.638009,0.228991,0.037249,1.196917
1.964509,-0.433448,-0.241823,1.573524,0.082996,0.555902
1.367385,1.781965,1.189291,-0.048614,0.095729,0.144509
0.950785,0.783738,2.326579,1.169609,-0.192317,0.965061
0.077361,-0.117479,-0.934682,0.846351,1.161203,2.798709
-0.349979,1.146329,1.907084,1.054754,-0.857481,-0.160644
1.823997,2.117737,2.335824,-0.878743,-0.335297,0.074117
0.523432,0.063066,1.251148,-0.297082,2.383024,2.917946
-0.038617,0.927165,1.430179,-0.198102,-0.208219,0.378376
-0.687000,0.209035,0.345973,0.696630,0.583681,1.230262
1.049579,0.531111,0.747812,0.261583,0.205063,0.264035
1.732320,1.198153,1.434399,1.166900,0.292263,-0.366384
0.187841,-0.757685,0.693992,1.184010,0.786749,0.731800
1.078671,0.675994,1.547920,1.077304,-0.642607,1.095985
2.804851,1.182774,3.314761,-1.086098,1.360185,1.298985
2.867163,-0.624314,1.851587,1.636326,1.026113,0.901152
0.172591,0.531120,0.003119,-0.562253,-2.544758,0.535545
-0.705365,1.426610,0.547429,0.461208,0.795842,1.633942
-0.077928,-1.145129,1.247857,1.257967,0.851984,-0.676731
0.197322,1.342941,1.479421,1.618542,1.080306,0.511648
1.224696,1.591885,1.186806,-0.177031,-0.421080,0.020106
0.204440,0.218041,0.164818,1.263726,-0.759943,0.316982
1.094346,1.760956,-1.207146,3.376382,0.080851,0.567370
-0.372459,-0.568434,1.016331,0.701514,0.999037,-0.017621
1.336357,1.987526,2.044145,1.927825,1.362136,0.549552
0.979150,0.739219,-0.810078,0.462739,0.949971,-0.603851
1.708977,0.496996,-0.314395,1.562260,-1.134509,-0.331316
1.837096,1.820549,0.396219,0.048796,1.191575,-0.622103
0.753567,0.757992,2.149383,1.171168,-0.290691,2.424359
0.711941,-0.192864,1.052482,1.298753,1.930103,-1.327348
-0.649157,-0.060026,-0.498214,2.308212,0.691818,-1.168025
-1.764748,0.367205,0.505768,0.381281,2.616542,1.458994
0.026544,0.827923,-2.245611,0.419873,1.846234,0.073636
1.029444,-1.530269,0.850150,1.153480,0.260511,1.367567
0.645383,0.908697,0.076878,1.508134,1.554071,1.827205
1.532204,2.284366,0.529252,0.434204,0.047638,-0.113927
0.503935,-0.492987,1.896803,0.831677,1.245652,0.423851
2.488204,-0.381028,0.353654,1.940067,-0.053489,0.266056
3.114594,1.844697,0.055629,0.989264,0.750156,1.104796
1.348219,-0.896366,0.396264,-0.851972,-1.702682,0.899431
-0.110857,-0.800678,0.100314,0.609089,1.347373,-0.458891
0.820425,0.172384,-0.342753,0.167976,0.174781,2.620267
1.117600,0.273637,-0.221917,-0.807775,0.270230,-0.314270
1.460994,0.414898,0.964961,1.077456,1.281857,0.272828
0.428578,0.488570,0.151030,-0.315591,-1.170684,1.749382
0.500591,0.087436,1.077750,1.071432,1.522163,-0.596464
0.444159,2.374925,1.171493,-0.127451,-1.137062,0.914962
0.622192,0.766422,1.426540,1.056252,1.070326,1.621016
0.468134,1.242718,0.288657,-1.382520,0.836470,0.622506
-0.239967,-0.842264,0.422708,0.223010,-1.205078,1.895069
0.286518,0.324754,-0.732889,1.280773,-0.720978,0.969748
0.056594,1.740530,1.262763,1.198323,-1.732385,-0.727156
1.590325,0.752348,-0.527945,1.854577,-0.074684,0.392584
0.210458,-0.926168,0.565393,-1.083665,1.353174,-0.018938
0.253623,1.469257,0.232320,0.178665,1.701848,0.075603
0.256206,0.681918,0.824040,0.002325,-0.110058,-0.879645
0.910074,0.854149,0.928993,0.291217,0.354880,-0.547696
0.146534,1.352840,-0.052831,1.957159,0.282699,1.231112
0.596745,0.204275,0.388554,1.441216,0.846172,1.717798
0.461162,0.191510,-0.202083,1.037336,0.325353,2.239811
1.820278,1.318356,-0.384673,0.619946,1.181975,0.954958
-0.003898,0.720883,1.656886,0.143670,-1.204946,0.518826
-0.159190,0.432943,1.032015,1.101623,-1.395101,3.038120
-1.285616,0.384365,-0.644937,1.134315,0.485978,-0.846034
-0.099103,-0.340479,0.026601,0.584097,-1.055802,1.919906
1.604578,0.003963,-0.488790,0.939464,1.015146,0.649906
-0.172471,1.570355,0.527529,0.848230,-0.611215,0.743674
1.895928,1.016790,0.320656,-0.430683,1.199164,0.130606
-0.250659,0.284550,-0.611400,-0.174983,1.748963,-1.006465
2.072270,0.564749,0.815845,0.395909,0.061086,2.153243
0.898877,0.676194,1.632299,1.797783,3.086786,1.317769
0.207517,1.317247,0.574465,0.842554,-2.242461,0.466021
1.560012,2.758378,1.168637,2.264027,-0.424750,0.350814
-1.126411,1.970424,-0.688365,0.098026,1.244170,2.087206
0.153627,-0.322735,-0.230574,-0.534202,1.881970,-0.730341
1.359308,1.941765,-1.099019,1.488744,0.167090,1.323268
-0.181209,2.575697,0.503632,-0.042505,0.344357,0.767061
2.086763,-0.843126,0.912287,1.274376,2.444106,0.622881
1.447664,0.948480,-0.158833,2.145954,0.025998,0.796890
-2.316298,0.897598,0.472295,1.018958,1.092812,-0.017782
-0.103795,0.743445,0.636177,-0.042902,2.341856,-0.228382
-1.222227,1.463041,1.080419,1.309803,1.318414,-0.197248
0.134864,-0.637674,1.548701,-0.166351,-0.565324,0.712679
0.255725,-0.149135,2.682562,0.450409,-0.083028,-0.771084
-0.175810,-1.799315,2.154133,2.319071,0.998815,1.032029
0.188396,1.441348,1.474879,0.109755,-1.233300,0.435560
0.726624,0.468734,0.403957,3.242792,0.018187,0.082958
-0.772417,0.025481,0.638266,-0.395348,1.316415,-0.680939
0.358209,1.329526,0.510840,0.775841,0.161800,0.771177
2.528133,-0.305387,2.276675,0.582000,1.356788,0.841992
1.505266,-0.242421,0.800738,0.464485,1.310644,1.100862
1.379266,-0.461086,-0.414381,-0.355507,0.042175,-0.656438
-0.450890,-0.429086,-0.061764,3.633297,1.683671,1.059245
-0.308825,1.328950,-0.707702,-0.659528,-0.130361,0.643730
0.531336,0.022066,0.735562,-0.129243,2.307254,1.126625
0.445437,-0.585450,0.340411,1.956923,-1.430069,-0.691946
0.701161,1.656491,1.297234,-0.308460,0.152118,1.668080
2.422424,0.642074,0.549332,-0.085958,0.283266,1.364094
2.554493,-0.060292,0.461708,0.614077,1.276222,1.635884
-0.075008,1.522037,1.002677,0.618083,-0.322345,-0.217224
0.824792,0.524248,0.741698,1.493838,-1.717083,0.290876
0.403919,-1.083852,2.140871,-0.307884,1.628433,-0.493762
0.119039,2.575378,0.599753,0.645338,0.840396,-1.690994
0.493027,0.718035,-1.544904,1.882577,0.347687,1.404269
-0.305460,-0.734753,-0.595531,0.222433,-0.347773,1.570097
-0.093768,0.417578,0.764747,2.353826,0.817441,-0.524658
0.795857,0.092619,0.742419,2.363326,1.405230,0.897511
-0.351299,0.037105,0.327050,0.761944,1.698816,2.004400
0.539524,0.630667,0.019398,0.534560,-0.464018,0.259409
2.226064,0.389757,0.594582,1.395523,1.820464,0.862587
1.206190,0.081397,-0.072947,0.208897,-0.149537,0.758376
-0.325732,-1.466520,-1.231000,-1.456708,2.703930,-0.692754
-0.988930,0.343772,-0.065064,2.082172,2.013106,1.278581
0.310262,2.300969,0.853251,-0.698932,2.467091,0.987390
0.182011,-0.078809,0.473675,0.874713,-0.464292,1.924063
1.242335,0.615432,1.064417,-0.488594,0.825792,0.659716
0.441525,-0.252847,1.178283,0.935129,1.905484,1.010328
-0.390371,-0.959529,0.723094,2.613356,1.646846,0.919447
0.635506,0.980271,-1.107834,0.133923,0.970894,2.613395
0.737266,1.853719,-0.305264,-0.490580,0.219893,-1.392748
0.598072,2.053598,0.829199,1.204715,1.411037,0.301141
1.331232,1.740069,0.391093,-0.506235,-1.374226,-0.795277
0.608739,0.792462,-0.414913,-1.076907,0.872855,0.034191
2.564672,0.506215,1.714724,0.699346,-1.115721,-0.000674
0.460532,-0.547220,0.877187,3.010225,0.620383,2.394401
1.180681,-0.096149,0.059877,-0.162740,-0.156707,0.975572
1.804473,1.148231,-0.706754,1.775248,0.690446,0.844043
-1.054457,-1.479713,0.906653,0.339098,1.723522,1.143276
0.337897,-0.391994,0.090745,1.216529,1.494997,0.808910
2.205804,0.616280,-0.639745,0.559864,1.592708,1.546834
1.563464,0.797961,1.283080,-0.312258,-0.590217,0.623419
1.231678,2.175706,1.652800,1.515685,-1.127022,0.426042
1.190116,-0.300083,1.551029,0.252199,1.177469,-0.667408
-0.628058,1.587203,-0.263496,0.443476,-0.865101,-0.131014
2.643206,0.786293,0.565241,0.141991,0.655677,2.447201
-0.863094,0.496353,2.507210,0.452387,1.786225,0.133340
0.290698,1.506498,0.914707,0.903236,1.624539,1.500040
1.505514,0.780857,-0.638222,0.146959,0.445731,2.027957
0.154723,-0.888110,0.100171,-0.114856,0.874714,-0.183038
-0.503241,-1.143377,0.003475,0.298289,0.919327,0.073847
1.543789,-0.900923,-0.360622,-0.125278,0.538216,1.130547
-0.765499,1.378614,0.557077,1.007575,0.923641,1.824594
1.320000,-1.385277,0.179234,1.108803,0.514838,1.778976
1.702702,0.701350,-0.715317,0.537806,-0.190395,0.973843
0.582987,-0.299183,-0.015465,0.046459,0.786942,0.142353
-0.320147,0.547796,-1.558059,0.478115,-1.054145,0.381318
-0.335596,0.113836,1.002128,0.750908,1.501013,2.988927
0.273356,0.455133,2.226666,1.566738,1.876729,0.903104
0.674237,1.022331,1.102167,1.709848,0.135347,1.485393
-0.694098,1.570376,0.364409,0.135653,-0.288589,0.978690
1.574827,1.086637,0.527384,-1.795365,-0.435375,1.571743
-0.139204,-0.028795,1.552067,0.569454,0.733791,2.271089
2.208939,-2.116492,0.971228,1.101731,-0.192148,1.428146
0.036858,1.856547,0.033339,0.091037,1.990028,0.335455
0.128935,0.924644,1.729434,1.084432,1.935644,1.288305
2.145668,-0.602975,-0.108452,2.063343,0.041647,0.764122
0.216012,-0.080755,1.013003,1.345203,1.003372,1.953209
1.786843,2.268399,1.301134,1.565506,0.768246,0.726266
-0.653746,1.408043,0.695822,0.798694,2.053609,0.100041
0.184443,-1.115890,1.397905,-0.093706,-0.666932,2.045431
0.400479,-0.250131,-1.960564,0.149723,1.784458,1.571042
-2.046527,-0.683742,0.756716,0.627282,0.753891,-1.039549
0.682864,0.881130,-0.246813,0.681755,1.689882,2.396715
0.337917,0.344446,-0.582474,2.364386,2.028057,1.742592
0.242218,1.002914,1.367792,2.190921,0.932903,2.399235
-1.617778,1.223882,2.046865,0.996149,1.684751,-0.383022
0.643064,-0.835372,-0.944646,0.849126,-0.103550,2.481233
-2.352315,0.284914,0.294812,1.901711,0.374240,-1.318102
-0.141313,-0.182129,-0.562544,0.158060,-0.760940,1.827982
0.440639,1.086416,1.665969,1.271078,1.719690,1.152968
0.254289,-0.214071,0.200587,1.661670,-0.730784,0.322314
0.820548,1.340302,1.833005,0.776092,1.386742,0.635414
-0.670186,0.002164,0.675192,1.217556,0.198355,0.689633
-1.336050,0.890820,2.115051,1.345093,0.673373,1.625982
0.442302,1.883817,0.764819,-0.793986,0.429207,3.019234
-0.684139,0.161402,0.623413,-1.567882,-0.920744,1.033747
0.553685,2.488613,1.089580,-0.152934,-0.392012,0.177090
2.382299,-1.123405,2.468456,-0.541510,1.526139,1.383526
-1.117512,0.569515,0.287185,-0.000449,0.730447,1.459945
0.378579,0.085617,0.560645,1.320049,-0.411824,1.232132
0.338124,1.703453,2.032616,-0.440045,1.476375,-0.118250
0.393936,1.314511,0.570782,0.942615,2.117004,0.156736
0.657605,-0.235896,-0.988179,-0.307204,0.043690,-0.176278
1.910753,0.170973,-0.564287,-0.174054,1.052026,0.607459
0.214906,-0.278372,2.311620,0.080825,0.243864,2.034476
1.301301,0.398883,0.207283,0.311863,-1.262189,1.754237
-0.210327,0.489064,0.123130,-0.423397,0.904441,1.316179
0.330118,1.600901,-0.280468,1.149494,1.511256,1.740301
-1.124216,0.844992,0.917468,0.861885,0.453733,1.145630
0.641518,-0.061844,-0.184035,-1.129672,1.031807,1.455731
1.524033,-1.821005,1.085924,0.986684,1.347952,2.636845
-0.475966,-0.751260,1.138701,1.664725,1.461526,-0.582908
2.463948,0.392494,0.351653,-0.753531,-0.573642,0.194784
-0.117876,-0.872770,-1.103109,2.099625,-0.054073,1.366700
0.572444,1.994459,0.579888,0.639856,1.889257,0.679188
0.500693,0.931749,0.917003,1.583085,0.138384,0.674717
1.313200,0.847374,0.213165,2.170553,0.077408,1.488732
-1.131065,0.641397,0.622913,0.158060,0.907845,0.497554
-0.944337,-0.134402,-0.414143,-0.739341,0.948048,-0.477675
0.000452,0.189929,-0.377617,1.313328,1.586636,0.527829
1.443062,0.008372,0.857394,0.334932,0.351514,1.194432
0.667371,0.529597,0.981623,-0.324241,1.933078,0.129687
-0.729061,1.378681,0.168035,1.816551,-0.440140,0.261736
0.072021,1.027888,1.504754,-0.368248,1.224973,1.085903
1.055573,0.435357,-0.110358,0.222944,0.704314,0.606876
2.135746,-0.457592,-0.200372,-0.807646,1.803805,-0.365999
0.383802,-0.067108,-0.243795,2.107889,-1.239099,-0.033263
0.547477,1.436387,1.281218,0.260358,0.631274,0.037269
-0.889846,1.314011,0.303565,-0.475685,0.900977,0.110584
0.334703,0.302403,0.189124,0.127085,0.427424,1.190583
-1.246913,1.007475,-0.691847,0.690595,0.405960,1.017861
1.124876,-0.739901,1.738881,1.175228,0.916880,-1.274586
1.676541,-0.536399,0.370174,0.317172,0.211278,1.304270
-0.731676,0.245970,1.113625,0.434861,-0.432629,0.472457
0.879701,-0.395523,0.462530,0.072102,0.953995,0.291292
2.231135,0.754538,-0.426342,0.332836,-0.947256,-0.500897
1.290679,0.718663,1.584678,2.193915,0.135184,2.604932
-1.666464,-0.396677,0.304142,0.360470,-1.256886,1.521192
1.681743,-0.126791,1.224141,0.729750,1.262570,1.579911
0.912243,0.631070,-0.874360,1.982782,1.331828,1.000001
0.129112,1.125251,1.586824,1.245251,1.018417,0.423107
1.009275,0.403779,2.747606,-0.280513,1.548617,1.026078
-1.293812,0.505288,-1.223988,0.355562,0.624486,0.626862
0.402445,1.698668,1.214275,0.472926,-0.274703,-0.867799
0.401299,-0.669768,-0.007115,2.329133,0.069548,1.704680
-0.903884,0.187700,-1.055199,-0.078346,1.148892,0.391174
0.127735,0.490081,-0.475624,0.353358,-0.368724,-0.064171
-0.457604,1.132346,1.345426,0.459784,1.450513,0.970312
-0.683240,-0.257477,0.600064,0.947437,0.967273,0.863979
2.152772,1.814903,-0.378787,-0.888272,-1.157027,0.160251
1.860567,0.361031,2.052719,-1.309502,0.800918,0.847882
0.319625,1.446784,-0.423987,1.580641,-0.421317,-0.488081
1.450084,-0.549067,-0.927562,1.574007,0.761768,-0.858657
1.378193,0.781599,1.298032,-0.824631,0.920567,0.208880
-1.102917,1.654111,-0.040524,0.755320,-0.964312,0.514755
0.358921,-0.020021,0.006944,0.972786,0.430110,0.911502
1.069863,0.933890,0.268051,0.244897,2.105933,1.333916
0.701928,0.652319,-1.583905,0.614273,0.607482,-0.203555
1.076952,2.890255,-1.098966,-0.257611,0.643308,0.939579
-0.298903,0.825856,0.922890,0.613753,2.182553,-0.048746
1.049488,0.761189,-0.397608,2.169694,1.093484,1.564370
-0.889756,-0.194714,0.610321,1.243350,2.754442,1.549730
0.599429,1.074979,0.455620,1.931129,-0.069195,0.021146
2.153931,0.634067,-1.425781,1.286468,-0.912786,1.064025
-0.172925,0.653214,1.170914,1.364018,-0.075038,0.727846
0.884110,-2.133106,-0.393842,0.438513,0.396110,-1.114233
1.553620,0.903076,0.386359,0.630269,1.543415,-0.971710
1.365341,0.430323,-0.567327,0.853714,-0.468531,0.912325
0.069695,0.143735,0.090361,0.052869,0.671595,2.149556
1.630541,0.460138,-1.365650,-1.559189,0.807298,0.772554
-0.482582,0.316295,0.524461,1.107000,0.275750,0.414276
1.468966,0.051471,-1.094229,0.708780,0.557343,-0.154802
0.157266,0.795535,-1.100735,0.728843,-0.170369,1.440163
0.769819,0.461557,0.691252,-0.848076,1.201634,0.001445
-1.081395,0.160340,1.748673,0.391116,-0.073822,0.277389
0.061967,0.122714,1.153757,1.770465,-1.644319,0.204591
0.996286,-0.203279,0.439134,0.188342,2.419327,0.845667
2.861493,1.717638,0.895492,0.677791,-1.482149,2.171776
0.603284,-1.937485,3.425961,-1.225752,0.767854,2.073206
0.605864,0.931972,1.280141,-0.220801,0.331257,0.573850
-0.953007,0.276939,-0.476583,-0.066286,1.431424,1.729846
-0.621191,0.414568,-0.404622,1.475935,0.372518,-0.044876
1.354249,1.216741,-0.718826,1.492648,1.290065,0.041389
-0.349976,0.604650,2.438900,1.938262,-1.289944,1.396305
-0.837096,0.615350,1.641282,-0.314512,0.056846,-0.517382
0.507312,-0.622174,1.454980,1.938213,0.480958,-0.646772
-0.730193,-0.523915,-0.001949,1.577662,1.420824,-0.831338
1.474150,0.589826,-0.039723,0.432422,1.231957,1.656176
2.320202,1.605987,1.223068,0.164579,1.255042,0.693952
-0.079752,1.003527,0.504616,2.209087,-0.142990,1.551369
0.650200,0.561701,1.383323,1.800189,2.422818,0.720652
-0.589051,0.814254,-1.303179,0.593068,1.692553,0.956532
2.135438,1.412152,1.838728,1.917471,1.174558,0.060419
-0.203190,0.432626,-0.103649,2.608619,0.601967,1.633333
1.167840,1.450567,-0.195119,0.738032,-0.019146,1.915542
-0.062797,0.248314,0.399187,1.177668,2.321894,2.053950
2.308269,0.970287,-0.490760,-0.052176,-0.635772,0.169573
1.196620,-0.265952,0.366319,1.850342,0.341527,1.869490
0.415564,1.086277,0.366945,1.845345,1.246579,0.477185
1.643728,1.520277,1.567310,-0.135456,-0.763657,2.384698
0.705470,0.508687,0.802500,0.477220,1.327447,-0.445331
1.538495,0.235184,1.330145,-0.327383,1.218954,2.725506
-2.073661,-0.652872,-0.304398,1.368045,1.375697,0.096824
1.037755,-1.829043,0.500244,-0.227749,0.997494,1.597379
0.384308,2.019175,1.468133,-0.796106,0.081155,0.130848
-1.265182,1.500533,2.973398,1.278295,-0.056964,0.672956
0.079781,-0.384067,1.453276,2.621852,-0.536797,0.791659
1.301902,0.785530,0.927793,0.267145,0.871640,0.978599
0.536602,0.560140,-0.162168,0.528841,-0.640409,-0.366432
-1.155003,-0.055541,1.879059,0.885481,2.544964,2.612376
2.193153,0.974104,1.620975,-1.250475,0.709168,-0.137623
-1.099418,0.788332,1.308008,1.444381,-0.345905,1.181028
-0.080487,0.249870,-0.687719,0.103998,0.077813,2.108332
0.479271,-0.042658,0.114836,2.378114,-0.677698,0.325447
0.509753,1.659406,-0.446884,-0.490695,0.986719,-0.344792
1.388855,1.184884,0.890820,0.359308,0.291463,0.848723
0.313814,0.041707,0.554331,0.695244,0.781583,0.642063
-0.102378,0.939223,0.935391,0.960811,0.338718,-1.363813
0.576235,0.910409,-0.199676,0.114026,0.258765,1.285531
0.873622,-0.164670,-0.172916,-1.489725,-0.160603,1.520812
2.489612,-0.515431,0.993147,-0.012701,0.979122,0.628669
-0.471782,0.449267,-0.675293,2.153278,-0.089370,-1.030567
0.969920,2.084439,2.279556,1.455303,0.499547,-0.515935
2.830380,-0.694557,-0.330587,-0.134674,0.127982,0.864033
0.556143,-0.061097,-0.063743,1.353252,-1.380493,-1.575979
-0.525047,0.359330,1.033196,1.899742,0.786541,0.236774
1.777660,0.789104,1.571265,0.535611,0.336596,1.240458
1.583525,0.672134,0.136271,-0.009763,-0.351279,-0.774085
1.877223,-0.668297,1.295386,0.456074,1.576182,1.695920
-0.044696,1.341978,0.699155,-1.018385,1.057017,-0.242386
0.919831,2.489772,-0.504066,0.451181,-1.750704,1.444623
1.248113,0.999066,2.301507,1.425922,0.184966,1.175277
-1.063276,1.425477,1.786719,0.970721,0.271288,-0.472211
-0.029782,1.212417,1.195845,1.777891,-0.203340,0.267251
1.231432,0.459284,0.534431,0.969282,-1.041048,-0.400832
1.250987,0.532892,-0.899213,0.940815,0.287013,0.130441
-0.238101,0.210638,1.863625,0.754519,0.250230,2.093101
2.347234,1.549769,0.299304,1.869827,-0.368271,0.846461
0.562680,-0.360362,-0.138085,-0.728855,1.900304,1.479893
0.660510,-0.042432,1.190491,-0.140722,1.630084,0.164245
-0.991620,0.540579,0.724814,0.056646,2.194408,2.074811
-0.410371,0.717469,0.607398,-0.556131,1.046719,0.305126
0.815295,-0.913341,-1.141195,0.697565,0.190193,1.291938
0.413050,-1.383860,1.799323,0.347657,0.061991,0.453609
1.442697,2.531831,1.623490,0.889484,1.097514,2.489975
1.347924,0.203102,-0.026982,0.091261,0.012510,-0.346332
1.674596,0.357610,-3.031130,1.006365,-0.425294,1.785229
0.782299,-0.235064,1.641490,1.885482,1.485548,-0.572415
-0.208609,0.208318,-0.296855,-0.048067,-1.188514,0.754685
0.820972,1.827423,1.155113,1.416617,-0.002708,-0.059992
1.988425,-1.568588,2.257931,-1.286192,0.432939,0.903494
0.236816,2.193248,1.447942,-1.845455,-0.245765,2.210570
0.362810,-0.189853,2.392232,0.022052,-1.198245,-0.726924
-0.395946,0.647542,-1.675733,1.019078,0.623471,0.706520
1.148040,1.688829,1.313996,1.570163,-0.249402,1.853267
1.138449,0.196568,0.366404,-0.135471,0.269700,3.167926
0.951742,1.513290,-0.443806,-0.508060,0.027975,2.111668
-1.088603,-0.532799,1.371396,-0.217305,-1.118733,0.845155
-0.527916,0.142426,1.507423,1.042160,0.029438,-0.692132
-1.217179,1.353629,0.071493,-0.107794,0.933097,-0.927170
-1.505403,0.254404,0.073164,1.720751,0.380308,-0.979316
0.974813,0.322064,0.571298,-1.260171,1.800603,1.850865
0.246618,1.192833,0.047928,1.165898,-0.764355,1.326985
0.348767,1.596795,0.177170,1.359589,1.329906,0.320175
0.050131,1.739035,0.967512,0.218449,0.798069,1.505299
0.489766,0.570368,-0.998095,-0.045503,1.362329,1.360797
-0.420648,1.120852,-0.540314,0.421611,0.803461,2.282777
-0.189384,-0.588393,1.747350,1.534482,-0.187343,0.399753
1.306304,1.685779,0.230063,1.723906,-0.263270,1.574105
1.385658,0.274897,1.479800,-1.313012,1.048687,0.146165
1.175972,0.061618,0.107032,-0.097791,0.356114,1.943104
-0.007300,1.894809,0.171559,0.364646,0.397091,0.230578
2.111274,0.866642,-0.305681,1.489989,0.503971,0.045622
0.210234,-0.143998,-0.360001,0.266347,0.807471,0.474006
0.304788,0.257117,1.069326,1.028605,0.194383,-0.349851
1.895048,0.724183,0.135022,1.054949,-0.459960,0.827772
2.032089,-2.277261,-0.683321,1.703213,1.140503,1.665943
-1.946660,1.939453,1.946123,-0.086041,0.185763,1.269683
0.674757,1.302036,0.383080,0.803780,1.990669,0.168072
1.984256,0.213568,0.534332,-0.844618,0.141813,0.955868
2.479617,2.271815,0.963656,2.113599,0.410222,0.324185
0.896154,-0.223098,1.811513,1.192240,1.263601,1.050620
1.859638,1.076010,2.108753,0.995095,-0.128442,1.268130
0.513279,0.531681,0.377322,-0.069794,0.582282,0.596784
0.416451,-0.335707,1.432293,0.172499,1.059589,-0.408454
0.378649,-0.215929,0.989634,0.947720,-0.617762,-0.849474
1.571640,0.548155,0.869189,0.885434,0.258647,-0.453650
-0.554523,0.058632,0.920800,3.058241,1.255238,-1.089611
2.378283,0.718346,0.684129,0.789652,1.220063,1.371439
1.330657,2.292966,1.496701,1.587477,0.060529,0.542627
-0.107608,0.774582,-0.455340,1.172787,-0.862900,1.434023
0.434586,1.092623,0.428469,1.571909,1.481508,0.423274
0.651430,-0.526085,-0.491512,0.812525,-2.133168,-1.569620
3.398914,1.064705,1.931536,0.496110,1.122334,-0.062258
-0.149009,0.507684,0.420237,0.931449,0.026745,0.587367
1.459376,0.366609,0.652683,0.235327,1.280808,-0.104453
-0.121212,1.358902,-1.749746,1.028974,0.870765,0.111256
0.351963,0.710935,-0.768047,0.884160,-0.029487,-0.219629
-1.077479,0.984744,-0.782652,0.052701,0.641033,-0.250933
0.820715,-0.368271,1.764109,0.302097,2.987043,1.408832
0.031693,-0.381701,0.071337,0.415048,2.579826,0.106782
1.443708,0.381400,-0.681822,0.869573,0.685108,-0.672857
0.422002,0.884634,0.521337,0.654290,1.191409,1.379146
-0.732857,1.343669,-0.059805,1.903975,0.254502,0.354020
0.504008,0.079741,1.757608,1.848280,1.030624,1.078303
1.773815,1.867324,1.140923,1.558554,-0.218781,1.636336
0.937745,-0.363523,2.171882,1.566468,-0.863253,0.969054
1.599622,-0.061770,-0.507556,2.282721,0.577283,1.787308
1.613850,0.587826,0.087742,0.202990,2.458657,0.231294
0.585815,-0.363353,-0.558990,0.440372,0.863076,0.899467
2.302357,-0.716851,1.141445,0.291327,2.646913,1.705945
-0.361762,-0.504942,0.101504,1.357217,0.229493,0.180707
1.109902,-1.404645,-1.384674,1.621454,-0.602695,2.592686
0.265355,1.145754,-0.087473,1.411662,-0.241936,0.588157
1.505869,-1.049615,1.160346,-0.255821,0.369616,1.821196
0.986291,1.610414,1.327195,1.454576,-1.814029,0.132567
-0.906811,0.691308,1.036402,1.010592,0.698452,0.169928
0.749537,0.992834,-0.146797,1.372744,0.587990,-0.995012
-0.541736,-0.417589,0.943483,-0.387007,0.967152,1.897128
1.272959,1.146085,1.229594,0.783922,0.845256,-0.742208
0.303262,0.294881,-1.148327,0.385644,-0.216198,-1.396092
0.620452,0.707843,0.903535,0.155567,1.279624,1.988822
-0.025432,2.507832,1.108097,-0.639299,1.167343,1.676643
1.766614,0.782910,-0.004844,0.214242,0.864306,0.252064
-0.770586,1.124557,0.502788,0.182331,-0.860142,0.470733
-0.053751,0.547028,0.479998,-0.062890,-0.424821,1.865284
0.966331,-0.008881,0.205844,-0.651086,-0.871973,1.659486
0.999962,0.108934,0.742507,0.867666,-1.380006,0.120075
0.613735,0.475043,0.899001,1.819149,-0.025856,1.554129
0.676263,1.860093,-0.382561,-0.107951,-0.024649,-0.355147
-0.161423,0.449485,1.113117,0.322694,-0.189810,1.753827
0.963851,0.718501,-0.795287,1.923432,0.435902,0.021781
0.043150,-0.112635,0.929564,1.330468,0.962674,0.177755
0.672827,1.495648,-0.659823,0.901842,0.959654,1.788007
-0.601432,0.559324,1.870117,2.548723,1.436280,0.836877
0.752709,1.291434,0.591212,1.173560,-0.758617,1.635779
-0.001098,2.557503,0.998673,0.096355,-0.927545,-0.011027
0.360658,-0.900594,0.541966,1.361821,-0.710481,-0.536359
1.100931,-0.244242,0.275357,1.638464,0.995656,-0.136540
0.548664,-0.002525,0.534062,0.945586,0.058325,0.704771
0.779877,-0.130690,0.552125,-0.178325,1.891754,2.942888
0.021423,0.135143,-0.035207,0.753844,0.376258,0.983168
1.329542,0.209539,0.108905,0.339034,-0.251304,1.019072
-0.148343,0.346440,0.413854,0.433820,-0.341832,1.658048
0.441894,0.112975,0.299832,0.574953,-0.115434,0.980894
-0.238448,-1.571409,-0.865210,0.069571,-1.333926,-0.142543
0.663179,2.067171,0.974613,0.810246,-0.662142,-1.970277
2.965523,-0.338391,1.254513,0.298247,-0.449024,-1.059382
2.743703,0.983995,-0.000546,0.981258,1.501853,0.867408
2.344042,1.055285,1.851852,-0.805104,0.213623,0.674706
0.138729,0.375045,2.058365,1.495281,1.544364,0.634029
0.403950,1.345996,0.708641,0.193849,1.680193,2.340652
1.010185,0.760018,1.307150,-0.114796,0.440517,1.061050
-1.019465,0.106538,1.032987,0.735233,-0.516038,1.348289
2.351751,-0.148470,0.676677,1.861772,-0.646210,1.081899
0.068585,1.109153,1.039732,1.008969,1.806137,1.907351
1.759554,1.630237,-0.374474,0.199682,-1.233096,0.803188
0.789428,0.334650,0.550387,0.699509,0.069432,-1.578553
1.372748,1.861517,2.627527,-1.368838,-0.718693,-0.363277
1.014090,-0.279438,0.404001,-1.454055,0.924310,0.338878
0.849356,-0.595087,1.084362,1.425847,0.098425,1.899598
1.156976,2.421951,0.220606,2.687856,1.821410,0.500957
-0.842503,-1.426285,-0.301780,2.235768,1.146603,2.457242
0.581046,-0.299630,0.554619,1.678892,-0.067578,2.104737
0.066285,1.125464,0.136453,1.021418,-0.225131,-0.504675
-0.110912,2.144559,0.453399,-1.240377,0.058009,0.170720
0.700769,0.980943,1.150983,1.746560,0.392683,0.634722
-0.256301,1.243588,-0.129893,1.243951,1.893123,0.196205
0.849420,1.231292,0.758173,2.484936,0.289805,1.005704
-0.730416,1.243252,1.602472,0.029261,-0.064180,0.853893
-0.667774,1.109477,1.884049,1.460267,0.971856,-0.226311
0.295198,1.056627,-1.242950,0.696009,0.118114,0.783321
0.591853,0.564947,1.221869,1.417434,0.757304,-0.421277
2.073652,1.198607,-0.668968,-0.290267,1.235344,1.290849
-1.847691,-0.077930,0.318257,1.528244,-0.005911,1.391589
0.850753,-1.319987,-0.128746,1.471907,1.975436,-0.384006
-0.121495,-0.209868,0.706183,0.391371,-0.330650,-0.755044
1.030623,-1.645698,0.081067,-0.691409,0.183695,0.929131
1.438821,0.400097,0.871756,0.628557,0.177867,-0.192189
1.108683,1.655680,0.992497,-1.457810,1.507747,1.840791
1.112290,-1.492301,1.337444,1.378336,0.878691,0.737190
0.200152,0.005897,0.056778,3.116283,1.394439,0.221619
1.413401,-0.351771,0.377676,1.252182,1.169870,0.746682
-0.273022,0.229610,-1.269654,-1.594378,0.138393,-0.050030
0.863302,0.307387,0.519749,1.301761,-1.468130,-0.347337
1.485434,1.457343,2.196862,2.444994,0.977612,0.823748
0.329247,1.485482,0.290509,1.043936,0.720913,0.622670
-0.953697,-0.271776,2.893537,0.429033,-0.719212,1.565335
2.199529,0.611160,1.695579,0.702318,-0.553492,-0.558925
-0.564585,-0.489394,-1.639420,2.078173,2.004100,-0.194295
1.925601,1.252414,-0.035593,-0.044628,0.380633,2.303737
1.548225,0.792857,1.684904,0.083541,0.234811,-0.061418
-0.177906,1.378463,0.976867,1.572021,-0.249644,1.830142
0.165940,-0.337877,0.609147,1.535085,-0.248056,2.272978
0.033016,-0.445601,-0.542634,2.340708,2.044317,-0.158312
0.631400,1.138631,0.963922,2.448824,0.931477,1.728033
0.848118,0.973455,0.253356,1.268591,-0.983638,1.392953
0.832787,0.326734,1.576334,0.481501,1.010992,0.625546
1.223387,0.287130,-0.250200,1.077803,-1.017332,0.192171
0.680679,0.103535,2.211328,-0.164293,-0.099902,2.011766
1.252138,0.349258,-0.896691,-0.261112,1.301983,0.793007
1.146727,1.072933,-0.970401,1.302664,0.052894,1.024949
0.731835,-0.842889,-1.578695,0.460591,-0.380481,0.316527
2.339092,2.235478,1.300342,1.656416,0.617163,0.764961
0.534936,1.442581,1.116926,0.190733,-0.282437,1.950428
0.843634,-1.194150,0.809674,-0.789220,-1.073176,1.861262
-0.793276,-0.035701,0.788574,0.393697,1.805633,1.073079
-0.782845,1.163097,1.815993,0.617478,-0.251900,0.933378
1.143978,1.374898,1.073595,-1.739182,1.189380,1.473088
1.166602,2.736203,0.938925,0.353965,1.351315,1.236292
-1.044897,-0.283303,-0.338458,0.661006,1.782027,-0.642465
1.073211,1.246495,0.310906,0.080355,-0.484207,-0.045772
0.829546,-1.554162,1.101551,-0.153047,0.511437,1.207558
1.549565,2.239489,1.523277,0.012493,-0.856496,2.342416
2.044484,-0.303220,1.283449,0.686886,2.037463,1.110668
0.746432,0.227201,0.326970,-1.387770,1.304448,-0.610759
1.009775,-0.003750,0.285093,0.356936,-0.168383,1.476219
0.906650,-0.791709,-0.382936,1.444257,0.477391,-1.050805
1.021054,0.776034,-1.190078,0.320468,1.486267,0.790431
1.656807,1.132252,1.905554,-0.040074,0.835322,2.144952
-1.277405,-0.575188,0.442935,1.461064,0.477047,1.013169
0.248929,0.757768,0.125672,-0.079567,0.492949,-0.327294
-0.020754,0.192008,-0.096459,0.943616,1.197069,0.307037
-0.038281,0.072269,-0.264353,1.084477,0.444249,-0.817887
2.909384,0.703763,2.230904,1.324431,0.729020,2.415703
1.684599,-0.375240,0.843116,1.291910,0.196347,-0.281324
1.859501,-1.387025,1.407958,0.144201,-0.029938,1.063554
-0.608035,2.271815,0.746888,0.685449,2.700561,0.412659
-0.493178,0.395895,0.377068,-0.826938,1.505428,-0.212928
-0.492258,1.352465,1.174356,-0.080317,-0.526321,1.331296
0.699947,0.273467,0.374565,0.191851,0.633372,0.181339
-0.068825,0.758115,-0.881638,0.149200,0.632599,2.666992
-1.219242,1.509529,0.193260,0.876576,-0.126606,-0.759813
-1.875603,0.635423,-0.305792,1.685961,-0.393840,0.460948
2.329783,-0.972618,1.777409,0.832173,-1.898266,1.549334
0.947489,0.167892,1.719532,2.290618,0.027068,0.400581
0.496555,-0.942165,-1.738846,-0.303700,1.608972,1.252438
1.023514,-0.220999,1.072372,0.779908,-0.617095,0.690991
0.233442,0.184037,0.269466,0.535356,0.040647,1.493371
0.517498,1.059294,0.227904,0.499681,-1.184315,-1.118858
-0.236263,-0.073831,0.634605,1.289732,0.062748,0.748477
0.883684,2.438539,0.285588,0.772779,-0.804919,0.753523
1.150095,1.751844,1.917222,-1.154923,0.493103,1.315312
0.518297,-0.734127,0.382102,-0.997609,1.837053,1.356205
0.594974,2.315602,0.815085,1.081813,0.911774,2.449042
1.239923,0.358430,-0.575392,0.884198,0.989098,1.673934
-0.177297,1.620026,1.664840,-0.280480,-0.146655,0.534919
-0.648042,0.561243,1.802561,-1.076475,2.402645,0.385115
-0.383310,0.467293,0.778146,1.999746,-0.587123,1.230810
-0.059503,0.802870,0.742276,-0.858859,-0.693653,1.263582
0.334546,0.583937,1.612879,1.531088,0.720415,-0.129145
0.685352,0.222857,2.387911,0.585083,0.759651,0.130709
1.025055,1.221191,0.675639,0.034789,0.468358,1.032686
1.530510,1.158773,1.624861,0.002018,-0.220203,-0.322789
0.899859,-0.356130,1.341025,0.902673,-0.597694,2.259678
0.613382,2.585293,-0.729822,0.711868,0.839054,0.035706
0.871004,1.808759,1.302383,1.266856,-0.008764,1.711072
1.708955,1.614405,-0.442156,1.236602,0.713345,1.617913
-0.768252,-0.489182,1.242090,0.420108,1.325188,0.046313
0.997876,0.627177,-0.855052,1.532799,0.907634,0.609227
-0.122803,0.793546,0.241883,0.208543,1.700957,1.043522
1.586385,-0.019572,0.171326,1.068291,-0.718207,1.995658
1.734489,0.143109,0.685518,0.711508,-1.225759,0.589752
0.496657,1.486888,-0.761495,-0.512167,1.572552,0.624861
0.854944,-0.816217,2.167041,1.208952,1.990235,0.622782
2.030899,-0.352611,0.965582,0.598805,-0.348326,-0.664434
-0.609198,2.664732,2.109131,-1.160004,-0.815034,-0.182952
-0.193470,0.008263,0.289461,-0.774406,1.284321,0.884187
0.405490,1.177721,0.382004,0.351772,1.813061,1.075680
-1.526605,1.387649,1.314701,1.408636,-0.590289,0.880574
0.788455,0.058740,1.524629,1.052440,1.351048,0.179182
-0.313893,0.419216,-1.111971,0.448952,-0.048190,1.263803
0.459947,0.521479,-0.708681,0.534961,0.908722,0.145504
1.036228,1.011848,0.290850,1.666707,-0.387726,0.096886
-0.143117,2.133254,-0.176789,0.666875,1.640053,0.886478
-0.568907,2.215658,-0.215654,0.357922,-0.110273,0.153273
0.731205,1.058230,2.153300,-0.317654,2.127086,-0.990678
1.351816,0.138102,1.736437,0.760997,0.827909,1.229483
0.978015,-0.396206,-1.316107,2.971546,1.265412,1.054832
0.087036,-0.623196,0.516864,1.234039,0.339292,0.342823
1.122219,0.854901,1.137224,1.199527,0.890659,0.489555
0.978616,0.881211,-0.075497,0.485299,1.494892,0.250003
1.163197,0.363772,1.187236,-0.188837,1.606128,0.158821
1.174522,0.432416,2.527733,-0.092765,-0.714692,1.140585
-0.781204,0.282112,2.522036,-0.694261,1.027167,1.228463
1.219898,-0.478337,0.486924,-0.511725,1.132674,0.303050
-0.852708,-0.255432,0.678933,-0.946940,1.306472,0.541407
0.118487,0.676285,0.839322,1.413718,0.576454,1.763151
1.327710,0.236743,2.635209,0.710431,0.333382,1.225605
0.542341,0.315042,1.212906,-0.547938,-0.932316,1.480890
-0.490930,2.080378,1.916095,-0.611911,0.364830,0.571885
0.961992,-0.778013,-0.703030,-0.824631,0.840734,0.765937
0.784567,0.045719,0.120718,-2.421892,1.731220,1.861531
1.707773,1.130609,1.156884,2.829948,2.134686,0.167333
1.081715,1.374492,-0.080863,2.590273,-0.739717,2.374964
0.394484,-0.527400,-1.362704,0.719124,0.501537,0.363647
1.941543,0.554368,0.573730,1.854141,-0.305873,-0.175946
0.369009,-0.043653,0.059974,1.913076,0.131983,-2.061226
1.164993,-0.114627,-0.267272,1.330894,-0.028447,-0.198147
1.820829,-0.918487,1.273543,0.073680,1.179849,-1.635318
1.005405,-0.668584,-0.413302,2.685307,-0.548398,1.852480
2.512116,0.696268,1.463842,0.507564,-0.052691,-0.145206
-0.178750,0.619849,-0.711366,0.638495,1.370038,1.264266
-0.221896,2.362431,0.613124,0.737586,1.304754,-0.100354
1.805684,-0.941103,1.128769,1.226366,1.395377,0.746649
-0.221070,1.010255,0.401694,-0.579865,2.567624,1.177131
0.389600,1.606122,0.643334,3.169407,-1.139862,1.155237
0.911332,0.636138,0.040648,1.195336,1.625542,0.910434
1.922257,0.333189,-0.781783,0.835492,-0.555368,0.613034
0.858292,0.331914,1.219752,-0.080379,2.259857,0.905417
-0.298027,-0.547073,0.610149,2.545556,-0.403408,-1.428107
-0.896803,0.211024,0.606381,2.063272,0.768107,0.974190
0.204902,-1.387946,-1.096545,0.431705,1.594080,0.381478
0.944843,-0.933395,1.586722,3.191517,1.337864,0.018502
2.088519,-0.321067,1.642533,1.888335,-0.092311,2.892531
1.901535,0.004127,0.107490,2.422599,2.076813,-0.654798
0.955100,2.033764,0.269327,0.456641,0.344422,-0.136236
0.598991,1.367520,-0.048967,1.711238,0.136323,1.316714
0.665162,0.500751,1.225901,0.397696,0.569511,1.464107
1.747821,0.051601,0.446470,0.483914,0.365666,-0.457101
0.074183,1.477653,0.820522,0.089751,-1.447061,1.522197
-0.448853,-0.424710,-0.545955,-0.285842,1.667534,0.902081
-0.553146,2.145303,-0.871499,1.117190,1.470795,-0.012317
2.784067,-0.276094,-0.100686,0.839327,0.875785,-0.397157
1.326115,0.039904,-0.406438,1.264772,0.307859,0.081156
1.592609,-0.699928,-0.639948,-0.765007,0.685030,0.338805
1.168955,0.952108,0.224817,0.350952,1.018080,0.192261
1.314567,0.163162,-0.044683,0.214725,1.248523,0.631650
1.473947,0.989162,-0.328728,0.687386,1.973948,0.394434
0.685165,0.236177,-0.003419,-0.425125,-0.665967,0.275786
0.236439,0.061857,1.603843,1.662625,3.416717,1.282218
2.490652,1.591783,0.210401,1.448662,0.712807,1.445489
1.752159,-0.104939,0.228776,1.186147,-1.011956,0.320029
-0.726149,0.663856,1.433891,0.126363,2.433048,2.249008
0.992019,-1.613611,-0.200410,-0.376179,0.311252,0.054488
-0.428516,0.195700,1.567392,-0.413182,1.873233,1.383554
1.664921,0.313026,0.440499,2.875769,1.059482,2.013068
1.880780,0.731184,1.640108,0.735672,-0.342179,1.445241
-0.495381,-0.003959,2.180389,2.253907,-0.791795,0.650269
0.010824,0.830008,2.903185,0.057143,1.142270,-1.406809
1.233067,0.232325,-0.343182,-0.341194,2.720927,-1.344194
0.963608,-0.584360,2.354324,-0.267584,0.870246,0.712279
0.953720,1.226139,-0.105963,1.041724,0.525964,0.095796
-0.083357,-1.111366,1.995608,1.425534,-0.586173,0.962060
-1.501721,0.082189,1.368244,0.706457,2.084402,-0.097542
1.802863,-1.012837,-0.068343,-0.702003,0.026279,-0.583217
-1.182813,-2.510211,0.978777,1.915799,0.686745,0.822373
0.480552,1.055644,0.705963,1.163775,-0.165137,0.849517
0.410534,-1.099215,1.035990,1.797393,0.748804,2.116522
0.899984,1.559671,-0.828438,1.396515,0.243650,0.972587
0.538383,1.871987,-2.184372,-0.125351,0.037772,0.163292
1.109666,1.251216,-0.874886,1.569839,-1.100556,0.542369
-0.254429,0.001361,0.760310,0.684451,-0.031586,0.637940
-0.408901,-0.289440,0.317682,0.878550,-0.928354,0.995513
1.717792,0.299273,1.063484,0.048850,-0.825155,1.382907
1.926935,0.361632,3.086818,-0.234641,1.240584,0.297007
1.949816,1.801468,0.244889,0.517371,1.129909,0.938005
1.207442,0.536084,0.532871,1.414003,0.651889,1.273025
-1.334678,0.108350,1.996444,0.883910,-0.200546,0.366186
0.380134,-0.462628,0.561038,1.657238,-0.631686,0.769812
0.819012,0.619828,-0.401853,-0.146100,2.936211,-1.015964
-0.032069,-0.681107,-1.662593,0.166924,0.619787,0.818382
0.563996,0.804464,1.544804,0.685359,2.749955,0.538168
-3.158420,0.497477,-0.814347,-0.797862,-1.511966,0.432212
1.978139,-0.069940,2.027664,0.088238,0.960906,0.767274
-0.408045,1.479980,-1.073375,1.490688,1.270770,0.518466
-0.426410,-0.564910,0.486988,0.409085,0.871484,1.269291
2.162798,1.363957,1.072989,1.424065,0.147269,-0.290477
-0.337318,0.674454,-0.449404,1.283088,0.611862,2.514117
0.052815,2.614163,0.207814,-1.468974,-0.707789,1.162051
-0.751629,1.032567,0.498602,1.155357,-0.070431,-0.279618
0.528067,1.406052,1.041344,0.295705,2.665964,0.138072
-1.077367,0.596682,1.164067,-0.120799,0.516927,0.692183
-0.719224,-0.596994,-0.734935,2.444152,-0.273542,0.371523
1.084292,2.090224,1.899849,1.451169,-0.412559,1.052720
0.136841,1.706178,1.194665,1.742454,0.108687,-0.291952
0.703612,0.048919,0.672954,0.714577,2.188837,1.337233
1.024859,0.723669,1.704613,1.827248,-0.213260,0.200106
0.026975,1.113558,2.254717,3.232411,-1.494636,0.945330
-0.670994,0.865925,0.096942,2.562622,-0.402548,0.160868
0.106662,0.728947,1.153854,-0.014496,2.225402,0.617056
1.304156,1.289166,-0.487630,-0.355715,-1.803638,-0.090929
2.813822,0.807776,1.291706,1.205213,0.976435,-0.158003
-0.488120,-0.742959,1.118795,-0.597535,1.033876,0.367883
1.890905,-1.055944,-0.374334,0.677436,1.951829,0.136934
2.678778,1.398671,1.763536,0.386140,0.999051,-0.105172
0.711203,0.127841,2.038947,2.929488,-0.613878,-0.275630
1.219540,1.905861,-1.147513,0.361784,0.394456,0.944545
-0.380608,0.440392,0.628450,0.726222,2.426390,0.445584
1.323898,0.269284,1.557083,0.994925,-0.603118,0.006299
0.915917,1.040369,0.364175,2.394179,0.769055,-0.513479
1.020111,1.929238,-0.029134,1.622619,-0.246353,1.696924
1.351467,1.485449,-0.004262,0.407459,0.041640,-0.819191
1.554341,0.894791,-0.682387,1.128148,1.433137,-0.839307
1.199105,1.990004,-0.298699,-0.193696,0.059731,0.749439
-0.236049,-0.537993,0.372610,-0.764057,0.160502,0.545259
0.670628,0.293044,0.888660,0.215636,-0.281649,0.342626
-1.213609,1.855661,0.901583,1.040605,-0.626127,-0.345965
0.076881,1.024981,1.157932,-0.042296,0.659018,2.012759
0.134368,0.528497,1.072408,0.344490,-0.065862,-1.651413
1.202365,-0.892023,0.442255,1.132694,1.629373,1.874593
0.470398,1.945626,1.150034,-0.243750,0.206151,2.758753
2.105650,1.609495,0.102027,0.516953,-0.814654,1.526615
1.425660,1.690757,3.393084,0.497875,2.182383,-0.109265
-0.580683,-0.196242,-1.549581,-1.330440,-1.511225,0.362009
-0.678335,0.065010,1.429545,1.373509,-0.205583,-0.015504
0.180936,0.672507,0.246908,1.889095,0.878733,0.854121
-0.068331,1.844681,0.792447,-1.685809,2.114630,2.261456
0.420554,0.418328,0.898908,2.033283,-0.674499,0.541051
-0.167417,1.391310,0.279397,0.957501,0.859858,0.099421
0.612410,0.789605,-0.354349,0.248707,0.874242,0.910071
2.091533,1.648014,0.546199,1.385914,-0.208020,1.572263
-0.792238,1.559888,-1.419871,0.201869,0.950842,1.147434
0.174638,2.283628,-0.673542,1.574220,0.146053,0.170905
1.456445,-1.049118,0.509503,-0.013956,0.989680,2.199105
-0.959398,-1.014760,0.064149,-1.487218,1.257016,-0.728682
0.427785,1.555811,0.217203,1.057445,1.203352,1.945809
0.054484,0.003522,1.467456,0.220611,1.444502,-0.006211
-0.184725,1.023064,1.699802,0.879388,1.406913,0.028384
2.261111,-0.411262,0.432686,1.359674,-0.022254,2.633121
0.435045,0.972990,1.476221,1.151996,0.189043,1.047693
1.692566,0.692277,-0.545069,1.989549,-0.154185,-0.933866
0.661965,0.092739,-0.098951,0.992183,1.276226,0.799537
-0.092252,0.465676,1.159287,-0.337346,0.798301,1.800755
-1.287004,1.661912,-1.264711,-0.258514,-1.191146,0.441681
1.450414,0.575868,-0.116717,2.117894,0.282180,1.249265
0.143209,0.072683,-1.007360,0.093350,0.644320,-0.446539
0.264646,0.767187,-0.725318,0.961516,1.683394,1.567927
0.409360,-1.703773,2.144952,-0.562923,0.351393,1.887927
0.313346,1.476461,-0.229305,-0.455978,0.438815,0.300106
0.259709,1.014303,0.316506,0.519213,-0.190777,-1.030556
-0.628703,0.020518,-0.063666,0.086421,-0.953107,0.748262
1.448992,0.659211,0.043737,0.923094,1.554834,0.574212
1.217721,0.650274,0.027647,3.726543,0.867040,-1.154312
0.497576,0.441668,-0.572049,-0.369494,0.061911,0.304782
0.462881,1.152659,-1.337133,1.649919,2.692734,1.400753
0.415297,-1.895107,-0.168218,0.442755,0.331280,1.628920
-0.591253,0.568132,1.256296,-0.329540,-0.247783,1.576742
0.386128,-0.993317,1.785608,-0.511446,-0.498431,0.688992
0.582990,0.156658,0.127383,0.153534,-0.452093,-0.178761
0.936356,-0.481795,0.702524,1.802337,-0.634838,1.089625
0.688986,-0.687308,0.970478,0.787452,-1.424046,-1.363372
2.178578,1.351783,1.760354,1.472716,0.243854,1.433883
-0.743060,-0.238116,1.393062,-0.237425,1.462803,0.432503
0.567722,-0.226033,-0.207710,0.599306,2.067255,1.298942
-0.066704,-1.022864,0.788901,0.647495,2.417356,-0.035445
0.209253,-1.284039,0.968912,-0.227789,0.106019,-0.036238
-0.784128,1.103402,0.297517,0.711895,1.297701,1.611355
-0.249197,1.463209,-1.297091,0.340598,1.647646,0.779988
1.131684,0.838914,1.762136,0.744002,2.027154,2.000824
0.257647,1.498094,-0.290978,-1.048094,-0.329550,0.286875
0.641090,1.813431,0.574261,-0.641707,0.775146,3.209110
1.001050,0.828857,-1.397521,1.653744,0.642679,-0.822095
-0.016925,0.413893,0.772477,1.120481,-1.332204,0.450680
0.419095,0.677863,1.122795,-0.779745,0.375787,-1.080263
0.528480,3.689005,1.345310,1.020197,1.275238,1.030526
0.879206,-0.319056,-0.246519,0.963715,1.113548,-1.481706
-1.427400,2.328739,2.420002,0.481599,0.780967,1.080768
0.581664,0.650143,1.218113,1.107477,0.589776,1.094962
1.633985,0.888561,1.156230,3.214373,1.049751,-0.616586
0.307303,-0.686164,-0.389619,0.965358,0.327945,1.323576
0.287560,1.343194,1.059126,-0.233637,0.551122,1.789682
0.961729,-0.242412,-0.589676,-0.407361,-1.633747,0.762883
1.518175,-1.129944,0.557816,-0.556042,0.783605,-0.782387
0.092033,1.014575,1.270915,-1.079159,-0.129161,1.291596
-0.694158,0.091286,0.946509,1.869655,0.125173,1.371779
2.648008,-0.536490,0.741885,0.653555,0.414075,0.506169
0.185936,0.413195,0.115630,1.774829,0.246829,1.164933
-0.888952,0.291532,-0.608067,1.565206,1.251689,1.624479
2.831003,1.406485,0.245030,0.322035,-0.605127,1.160703
1.290150,0.032897,1.505773,0.573714,0.712386,1.099193
0.171874,1.772849,-1.446050,0.635705,-0.706353,-0.518223
-0.652616,1.613305,1.040753,0.945956,0.376798,1.576580
0.861224,-0.842303,-0.574551,-0.037346,1.606428,1.609311
0.720147,-0.272414,1.999725,0.276372,0.597803,1.073221
1.604765,0.377402,0.448540,0.404657,1.260889,-0.094969
-0.533688,-1.018113,1.139657,0.474609,0.506333,-0.104468
2.079181,-0.907227,-0.214349,-0.489774,-0.669583,-0.850111
-0.840007,-0.694353,-1.007615,1.089623,1.976123,1.681555
-0.236775,-1.008822,2.481007,0.060803,2.181619,1.369555
-0.352094,0.830369,-0.598413,1.649571,-0.466528,2.252594
0.379386,0.313680,0.754831,1.058217,1.262471,1.195218
1.738241,0.672177,-0.714975,-0.065414,0.586460,0.463448
-0.151762,0.952985,0.162629,1.180126,0.499354,0.828957
1.491707,2.697409,0.757047,2.078875,0.604254,3.297296
3.544872,-0.273439,0.156931,-0.458365,0.566202,0.847356
0.729604,0.170931,0.186551,-2.451079,0.853529,0.349945
0.989577,1.325487,1.326760,1.047625,-0.946506,-0.559005
1.834823,1.156924,-1.190485,1.916585,-0.334093,-0.434698
-2.414271,2.027659,0.492325,1.169388,-0.397983,1.162261
1.683838,0.889641,0.479030,2.590802,0.852315,1.216557
0.330263,1.065156,-1.290834,0.926027,0.824815,1.862349
-0.844358,0.412862,0.075864,1.798036,0.564778,0.991856
0.727752,-0.321527,-0.667417,-0.309903,0.845088,-0.053522
0.227535,0.911444,0.795897,0.131339,1.739533,2.391875
2.300209,0.369316,1.716409,-1.606401,0.871465,-1.159478
0.954306,-0.663768,0.469610,-0.209244,1.669417,-0.028429
0.291227,1.194748,1.441926,-0.312718,0.205870,2.502932
0.876415,2.097918,-0.567302,2.154925,1.530208,-0.077034
-1.040260,0.836877,-0.657000,1.077627,1.558690,-1.068717
-0.814456,0.584753,2.960463,1.269724,0.754113,0.738847
0.719902,-0.702607,1.891906,3.390837,-0.119479,1.984688
-0.129364,-0.320070,0.879743,-1.448862,-1.014587,0.529116
-0.206242,1.259232,0.357628,0.455391,0.233142,0.492472
1.473135,1.474355,-0.411537,-0.700791,1.765381,-1.007174
-0.594959,0.152069,-0.863815,0.036917,-0.249638,0.854631
1.391215,1.287982,-0.589092,0.627485,0.607104,1.550744
0.606196,-0.163960,1.969867,0.370680,0.518997,1.118403
0.429730,1.613278,0.690563,-0.329329,1.580059,0.053277
-0.631853,-0.443543,0.111240,-0.131118,0.875708,1.502999
0.706655,0.367404,0.066618,0.550092,-1.574349,1.578120
0.375634,0.824199,1.088081,1.249430,0.986518,1.524515
-0.666394,-0.321308,0.392998,0.190389,1.419141,-1.175501
0.495986,0.061439,-0.490564,0.245398,-0.040753,-0.489154
0.042101,1.684314,0.735283,1.194396,2.024993,0.648423
-1.232266,1.406201,-0.298519,-0.098532,0.979062,0.440155
0.580215,-0.833597,0.774915,0.526540,2.340398,1.476954
0.951147,0.257319,1.056093,-0.326740,0.982277,1.954479
0.204496,1.757463,1.765466,0.776147,1.307878,1.127391
1.500299,1.025761,1.615045,0.924213,0.688077,3.096259
0.155293,0.439074,0.404938,0.095770,0.192676,1.770015
0.259634,1.011135,-0.413864,0.838885,-0.266018,1.477021
0.109173,1.834308,0.340375,1.556711,-0.199747,2.002621
0.401450,-0.098129,0.248079,1.123541,1.385577,-0.589293
-1.044139,-0.779664,2.257276,1.370914,0.056351,-0.365225
0.026471,-0.457215,-0.681291,2.233241,1.910994,0.855278
-0.456707,-0.417540,1.305020,0.442736,0.977695,0.566903
1.448588,0.390404,1.153620,-0.343619,1.291408,1.093811
-0.838463,1.454112,1.441511,-0.909335,0.956294,-1.387767
1.356290,-1.966506,-0.021115,0.558619,-0.320057,-0.433057
0.497518,-1.242441,-0.251912,2.222326,-0.075487,-0.195720
0.604268,0.220767,2.563150,-0.995768,1.391442,0.161669
-0.332017,2.191634,1.426782,1.029971,1.892567,-0.495115
0.454422,0.729592,1.032148,2.383887,1.212146,0.408439
0.622573,0.682500,-0.332147,-0.531795,2.400166,1.464315
1.971962,1.125606,0.960059,1.100943,-1.495094,0.136331
0.726692,0.706797,1.403323,-0.935095,0.262698,0.102763
-0.338046,1.366554,0.765765,1.408629,0.006896,3.391243
2.882018,0.928556,-1.625488,-0.796768,0.529439,1.020133
1.529005,-0.183034,0.554566,1.151446,0.475661,-0.260544
0.780654,1.090978,0.919190,-0.939416,1.145170,-0.116741
0.584179,1.809590,0.376609,0.474291,2.498517,1.031173
0.230440,-0.259403,0.392207,-0.045249,0.397604,1.662563
1.084280,1.049450,1.163945,-2.241578,0.100049,0.771713
0.721263,0.882784,-0.411125,0.404083,1.219641,-0.828468
-0.773762,-0.053246,1.306583,0.165986,1.101354,-0.273749
1.069686,-0.101053,0.144821,-0.164805,0.591491,0.919526
0.483376,0.278669,-0.136373,-1.491020,0.427177,1.279674
0.865629,0.761068,-0.167658,2.376744,1.178236,-0.062000
0.586842,0.442920,-0.093038,1.114572,2.308147,-0.051141
-0.063956,1.550014,1.131326,1.210039,0.348754,-0.169999
0.617758,0.676952,-0.297728,0.973053,2.029277,1.068483
2.581369,1.880584,0.653523,2.303506,0.386766,1.515394
-0.852235,0.056895,0.869192,1.401968,-0.728019,-1.746352
0.830730,1.296180,0.067767,0.345288,1.276793,-0.230429
0.569246,0.412191,0.909172,1.381333,-0.167536,0.410225
-0.125718,0.285173,0.099677,3.088325,0.122099,1.255767
1.740881,1.279298,0.265319,0.514708,0.718258,1.072975
0.929533,0.373322,-0.380151,0.666866,0.210967,1.531338
-0.629014,0.661095,1.137573,0.308143,0.726150,0.264989
1.463084,-0.916636,0.699826,1.759982,0.355209,-0.496814
-0.332935,-0.986713,1.076389,0.532429,-0.053123,-0.682288
1.030559,-1.115747,-0.309882,0.629184,0.848791,0.833718
1.303645,1.426594,0.698830,-0.087453,0.321472,-0.938120
1.312140,0.397355,1.391636,2.137054,-0.087549,1.744051
1.262673,-0.374433,0.991285,1.507467,-0.010549,0.228349
2.199677,0.141474,2.058710,1.461428,-0.317751,1.175307
1.559732,-0.014827,-0.302428,2.068281,-0.879000,0.812592
-0.295350,1.373616,0.166364,-1.277639,1.597032,0.314959
1.117087,-0.852374,-0.555847,1.977212,0.254722,0.211568
-0.390601,0.650965,0.010591,1.506928,2.773006,-1.354354
-0.731961,1.222452,-0.157205,1.438220,2.012126,1.481121
1.497181,-0.795442,1.049364,0.662955,0.262454,-0.279583
1.500205,0.507035,-0.529519,0.057344,0.058684,1.524889
0.610592,0.426370,-1.909965,0.072252,0.054465,1.025270
1.701326,0.755988,-0.461962,-0.380120,1.585676,0.780980
3.421246,0.495859,-0.230084,1.297683,-1.703835,0.157914
0.116643,0.614482,-0.031625,1.621331,1.359455,-0.679259
0.124563,-0.129708,0.642983,1.436414,0.843803,2.259273
0.381667,0.053442,-0.929631,0.196385,-0.252310,-0.167269
0.939275,0.950217,0.068373,-0.084190,0.472519,1.335429
1.268803,0.195982,1.369064,0.076877,1.025156,0.170817
1.047213,-0.042832,2.694077,1.153141,-0.157819,1.019478
-0.015024,0.190117,0.141019,0.785733,-0.577364,0.613115
-0.474329,0.715421,0.592415,1.665852,0.680146,2.543786
2.014812,-0.752197,0.184333,1.395884,-0.561280,-0.571702
1.338292,0.298150,-0.850254,-0.087431,2.003384,0.313120
0.918014,0.308849,-0.538360,-0.405089,-0.409428,0.314021
-0.627844,0.685219,-0.626567,-0.212656,-0.292266,-0.067716
-0.652424,0.768312,1.396533,2.718901,1.468486,-0.934876
-0.063230,1.415819,-0.714671,-0.112235,-1.826348,0.972806
1.008926,-0.843810,0.015693,-0.155746,-0.722742,1.317335
-0.298183,-0.863933,-1.280209,1.017870,-0.148896,1.040952
2.299394,1.578962,-0.603425,0.029609,1.289431,-1.319536
-0.089507,-0.752433,0.779690,-0.825554,-1.595009,0.290638
1.117029,1.832786,0.064653,1.240276,1.232530,1.489311
0.333260,0.239270,-0.575904,0.218427,1.499782,2.892015
-0.038094,1.368433,1.766286,-0.833455,0.589479,1.134250
1.271414,-0.135059,1.492216,1.069072,1.779484,1.968446
0.383943,-0.760858,-0.347652,1.270816,0.074438,-1.211081
-1.229648,0.762622,0.414209,-1.062324,-0.829817,0.313263
-0.418259,-0.711316,1.796715,0.400234,-1.456581,-0.332779
-0.812713,-0.650209,0.329804,-1.118464,-1.448216,1.673409
-0.030246,-0.430582,0.034542,0.542053,-3.439186,0.438403
-0.442940,0.987151,0.749141,-0.447129,1.086530,1.362910
0.989813,-0.457416,0.899496,0.476320,0.732523,2.433094
0.490066,1.208655,1.955057,3.284159,0.805002,2.507003
0.324184,3.076500,0.146447,0.624483,1.194327,1.771120
1.486176,0.722281,1.226026,0.509214,0.467822,-1.113215
1.149483,1.208736,0.569247,1.553242,0.794416,-0.245172
1.112559,-1.419573,0.776435,0.559750,1.703739,1.026920
2.119519,1.466662,0.675476,0.351163,1.835135,2.254787
2.270387,0.288427,0.856461,-0.719945,0.603650,-1.112561
0.782419,-0.895309,0.283026,0.085985,1.029082,-0.542720
3.004680,0.906855,-0.377010,0.236874,2.042200,0.198784
-1.337114,0.976098,0.888351,0.652391,0.964709,0.437780
0.690914,-1.190875,-0.380225,-1.524692,0.144776,-0.288925
0.375446,0.033514,-0.322392,-0.190373,0.713862,1.383025
1.611272,-0.671285,0.187744,-1.649490,0.776512,0.318433
-0.534933,0.841545,1.597260,0.096021,0.194863,1.509716
1.126917,-3.042433,0.244668,-0.393419,-0.631458,-1.136403
0.985430,0.285448,1.184031,1.596123,0.825080,1.245521
0.460456,2.133288,-0.029364,0.847291,-1.424260,1.033353
0.553975,-0.052816,1.288885,0.395962,-0.779544,0.964632
-0.270637,-0.130780,0.763739,-0.148208,1.970935,-0.533537
1.220036,1.369573,1.435118,2.558472,-1.142016,0.510179
-0.116810,-0.027204,-0.346683,-0.385892,0.310341,1.677184
1.459192,-0.116168,0.882739,-0.879425,1.227550,0.656911
2.473172,0.464305,-0.731830,1.093738,1.818278,-0.081346
0.287633,1.450788,-0.191913,1.508862,0.486737,-0.095957
0.947647,0.210149,0.668027,-0.105171,2.411775,-2.017594
1.187365,0.211705,0.604579,1.101477,-0.060159,0.348678
-0.502414,0.073515,0.730259,0.070455,1.530483,0.723900
2.555457,-0.643661,-0.536203,-0.320147,2.105876,0.909390
1.302198,0.020984,0.888088,-0.332402,1.408972,0.442008
-0.765271,0.534751,1.082985,0.257477,0.998085,0.574619
-0.041703,1.543799,1.128849,1.489521,0.595544,0.155018
0.208490,-0.736428,1.080422,-0.095899,1.184247,0.875703
2.568912,1.548133,-0.049932,-0.091859,-0.522945,0.203610
1.277363,-0.478383,1.564408,0.483242,0.015936,1.679190
0.000123,0.230495,-1.228461,0.179746,0.261091,0.610049
3.248319,-0.456086,0.855713,-0.539798,-0.130348,-0.944890
-0.167749,-0.689064,-0.395398,0.789988,-0.733197,1.553618
0.742285,-0.586621,-1.422511,-0.676504,1.215619,-0.392948
-0.310761,-0.745193,0.914245,0.812682,-0.278678,0.797812
0.257011,1.915611,1.000063,1.090893,0.763489,-0.146313
0.096148,0.015664,0.795486,1.237233,-0.037412,-0.066327
-1.713793,1.012940,0.215338,0.595656,0.901667,-0.537012
-0.780603,-0.943611,-0.053271,0.820793,1.608267,1.052379
0.065776,0.495060,1.275539,1.092580,-0.857649,1.113171
0.541006,-0.974156,0.060582,1.701068,-0.725732,0.501093
0.383729,-0.955524,2.848567,0.741844,-0.263617,-0.222240
1.493241,1.057966,0.956442,1.364300,0.651986,0.241500
0.899373,0.802563,0.664380,1.515585,-0.386689,2.339427
0.726678,1.060872,-0.988742,3.651931,0.211193,2.935080
1.194304,0.872811,0.308106,1.207862,-0.863589,2.290344
-0.014348,1.345450,1.107670,0.763341,1.414193,-0.139141
-0.279701,1.793692,-1.397094,0.898179,0.493996,0.268391
-0.461897,0.493327,-1.336842,1.517791,0.436423,1.404308
-0.675949,-0.921303,0.233411,0.205346,1.390650,0.739238
