1.000000,0.545496,0.176483,1.000000,0.000500
1.000000,0.001000,0.285946,1.000000,0.073553
1.000000,0.710092,0.759951,1.000000,1.000000
1.000000,0.001000,0.629972,0.001000,0.001000
0.753962,0.072024,0.537993,1.000000,0.001000
1.000000,0.467508,0.001000,1.000000,0.001000
1.000000,0.001000,0.001000,1.000000,0.228404
0.001000,0.001000,1.000000,0.112682,0.001000
1.000000,1.000000,1.000000,1.000000,0.387014
0.156944,0.132420,0.001000,1.000000,0.001000
0.001000,0.001000,0.156442,1.000000,0.510605
0.803395,1.000000,1.000000,0.718806,0.209414
0.302716,0.349459,0.001000,1.000000,0.001000
0.852378,1.000000,0.001000,1.000000,0.001000
1.000000,1.000000,0.001000,0.997549,0.001000
1.000000,0.001000,0.467767,1.000000,0.001000
1.000000,0.001000,1.000000,0.151658,0.029364
0.001000,0.001000,1.000000,0.469685,0.001000
0.510971,1.000000,0.001000,1.000000,1.000000
1.000000,1.000000,0.001000,0.356357,0.485194
0.709290,0.001000,0.001000,0.247494,1.000000
1.000000,1.000000,0.001000,0.001000,0.001000
1.000000,1.000000,0.328537,1.000000,0.001000
0.413061,1.000000,0.001000,1.000000,0.309781
1.000000,0.001000,0.627752,1.000000,0.001000
1.000000,0.001000,0.001000,0.572187,0.001000
1.000000,1.000000,1.000000,0.023233,0.001000
0.656021,0.001000,0.001000,1.000000,1.000000
0.001000,0.001000,0.996756,1.000000,0.001000
1.000000,1.000000,0.213757,1.000000,0.239413
0.001000,0.001000,0.643612,1.000000,0.130077
0.128034,0.001000,1.000000,0.411791,0.258371
0.001000,0.593603,0.951559,0.541643,0.556333
1.000000,0.862528,0.554168,1.000000,0.012827
1.000000,0.837465,0.001000,0.848951,0.225737
1.000000,0.929037,0.001000,1.000000,0.001000
0.437930,0.459696,0.001000,1.000000,0.001000
0.992048,1.000000,0.001000,0.001000,0.001000
1.000000,0.974974,1.000000,0.001000,0.642275
0.595501,0.001000,0.001000,0.001000,0.106300
1.000000,0.574402,0.275060,0.614862,0.041449
1.000000,0.934552,1.000000,1.000000,1.000000
0.549213,1.000000,1.000000,1.000000,0.001000
1.000000,0.001000,0.001000,1.000000,0.001000
1.000000,1.000000,0.974839,1.000000,0.477750
0.569833,0.063551,0.879186,1.000000,0.001000
0.102317,0.001000,1.000000,1.000000,0.001000
0.001000,0.516441,0.013982,0.474065,0.001000
1.000000,1.000000,0.275984,0.001000,0.001000
1.000000,0.759976,0.001000,0.001000,0.001000
1.000000,0.725890,1.000000,0.001000,0.001000
1.000000,0.355097,0.001000,0.001000,0.476168
0.001000,1.000000,0.001000,0.753797,0.581040
0.952592,0.042712,1.000000,1.000000,0.001000
1.000000,1.000000,0.712282,0.001000,0.064342
0.228423,0.073807,0.001000,0.623548,0.484305
0.001000,0.742259,0.060869,1.000000,0.830280
1.000000,0.001000,0.001000,1.000000,0.308580
1.000000,0.001000,1.000000,0.728423,0.001000
0.233466,0.213802,0.725051,1.000000,1.000000
0.104524,0.001000,0.001000,0.908230,0.001000
0.432526,0.558515,0.001000,0.589410,0.253183
0.040908,1.000000,0.001000,1.000000,0.001000
0.712707,1.000000,0.001000,1.000000,0.001000
1.000000,0.238139,0.001000,1.000000,0.001000
0.279231,0.940965,0.909278,1.000000,0.220540
0.844153,0.986969,0.238250,0.963302,0.001000
1.000000,0.304700,0.773977,1.000000,0.647352
1.000000,0.001000,1.000000,1.000000,0.001000
0.698557,1.000000,0.329960,1.000000,0.001000
1.000000,0.001000,0.001000,0.861930,1.000000
1.000000,0.001000,1.000000,0.694728,1.000000
1.000000,0.412237,0.001000,1.000000,0.001000
1.000000,1.000000,0.001000,0.840402,0.334819
0.699911,0.197116,0.001000,0.591846,0.001000
1.000000,0.001000,0.015679,1.000000,1.000000
1.000000,0.001000,0.001000,1.000000,0.001000
0.759312,1.000000,0.333209,1.000000,0.477315
1.000000,0.540820,0.895731,0.473291,1.000000
1.000000,0.001000,0.001000,1.000000,0.152804
1.000000,0.267781,0.001000,1.000000,0.001000
0.001000,1.000000,1.000000,1.000000,0.379516
0.672063,0.001000,1.000000,1.000000,0.130174
0.497929,1.000000,0.001000,1.000000,0.001000
1.000000,0.843569,0.671126,0.001000,0.660192
1.000000,1.000000,0.001000,0.289138,0.855950
0.001000,0.358663,0.001000,1.000000,0.023667
0.495768,0.001000,0.001000,1.000000,0.001000
0.001000,0.621340,0.001000,0.756713,0.351297
1.000000,0.001000,0.439311,1.000000,0.172927
0.001000,0.174255,0.001000,1.000000,1.000000
1.000000,1.000000,0.001000,1.000000,0.001000
1.000000,0.001000,0.001000,1.000000,0.001000
1.000000,0.558998,1.000000,0.597135,0.100570
1.000000,0.364073,0.001000,1.000000,0.001000
1.000000,0.738803,0.845138,1.000000,0.001000
0.213850,0.869234,0.001000,1.000000,1.000000
1.000000,1.000000,0.131365,1.000000,1.000000
1.000000,0.001000,0.001000,0.001000,1.000000
1.000000,1.000000,0.965788,0.001000,1.000000
1.000000,0.802987,0.001000,1.000000,0.040046
1.000000,0.382997,0.001000,1.000000,0.001000
0.611613,0.001000,0.052950,1.000000,0.001000
1.000000,1.000000,0.124463,1.000000,1.000000
1.000000,1.000000,1.000000,1.000000,0.001000
1.000000,0.554972,0.566531,1.000000,1.000000
0.364981,0.554875,1.000000,1.000000,0.128414
1.000000,0.400667,1.000000,1.000000,0.001000
1.000000,0.832006,0.001000,0.136278,0.067101
1.000000,1.000000,0.126901,1.000000,0.001000
0.456195,0.001000,0.323556,0.399625,1.000000
1.000000,0.001000,0.259186,1.000000,1.000000
1.000000,1.000000,1.000000,0.884590,1.000000
0.001000,0.001000,0.001000,0.157460,1.000000
1.000000,1.000000,0.001000,1.000000,0.001000
1.000000,0.376761,0.427492,1.000000,0.834754
0.635129,0.001000,0.347708,1.000000,0.230338
0.750726,1.000000,1.000000,1.000000,1.000000
0.001000,1.000000,0.758471,1.000000,0.585399
0.001000,0.001000,0.238971,0.906467,0.836767
0.992998,0.001000,0.597676,0.634632,0.245654
0.001000,0.001000,0.100987,0.749795,0.569192
0.626478,0.647507,0.001000,1.000000,0.001000
0.013069,0.528515,1.000000,0.062080,0.001000
1.000000,0.001000,0.001000,1.000000,0.810232
0.530328,1.000000,0.001000,1.000000,0.001000
0.348873,1.000000,0.001000,1.000000,0.001000
1.000000,0.001000,0.001000,1.000000,0.337336
1.000000,1.000000,0.001000,1.000000,0.001000
1.000000,0.523572,0.163520,0.378049,1.000000
1.000000,0.001000,0.831876,0.546369,0.495377
0.164950,0.001000,0.732104,1.000000,0.001000
1.000000,1.000000,0.001000,0.119029,0.001000
1.000000,0.390109,0.001000,1.000000,0.001000
0.001000,1.000000,0.001000,1.000000,0.001000
0.177430,1.000000,0.203519,0.558594,1.000000
0.100405,1.000000,1.000000,0.992440,0.270178
1.000000,0.001000,0.921234,1.000000,0.001000
0.199385,1.000000,0.001000,0.430391,0.001000
0.001000,0.952555,0.001000,0.704563,0.602537
1.000000,0.355471,0.254354,0.001000,0.001000
1.000000,1.000000,0.218448,1.000000,0.001000
0.659070,0.757310,0.001000,1.000000,0.001000
0.427293,1.000000,1.000000,1.000000,0.001000
1.000000,1.000000,0.001000,1.000000,1.000000
1.000000,0.027023,1.000000,0.001000,0.104075
1.000000,0.703490,0.457422,0.656849,0.001000
0.999946,1.000000,0.001000,1.000000,0.468260
1.000000,1.000000,0.001000,1.000000,0.001000
1.000000,0.815116,0.001000,1.000000,0.671260
0.001000,1.000000,1.000000,1.000000,1.000000
1.000000,1.000000,0.001000,0.001000,0.273427
1.000000,1.000000,0.696786,1.000000,0.001000
1.000000,1.000000,0.775788,1.000000,0.001000
0.001000,0.012617,0.001000,0.641599,0.085692
0.001000,1.000000,1.000000,1.000000,1.000000
0.858695,0.556927,0.466515,0.001000,0.201386
0.515759,0.001000,0.558388,0.001000,0.001000
1.000000,1.000000,0.522657,0.391080,0.986682
1.000000,0.001000,0.177248,1.000000,0.001000
1.000000,1.000000,0.750979,0.666330,0.001000
0.522670,0.461604,0.001000,1.000000,0.001000
0.220456,1.000000,0.001000,1.000000,0.001000
0.001000,0.522843,0.384103,0.713569,0.001000
1.000000,0.174316,0.001000,0.673448,0.001000
0.001000,1.000000,0.695966,1.000000,0.001000
1.000000,0.001000,0.001000,1.000000,0.001000
0.967128,0.001000,0.001000,0.001000,0.001000
1.000000,1.000000,0.669710,0.096549,0.085367
1.000000,0.001000,0.380591,1.000000,0.001000
1.000000,1.000000,1.000000,1.000000,0.001000
1.000000,1.000000,0.001000,1.000000,0.001000
0.860226,0.001000,0.620644,1.000000,0.001000
1.000000,0.534222,0.001000,0.992524,0.001000
1.000000,0.001000,0.001000,1.000000,0.008073
1.000000,0.001000,0.314584,1.000000,0.001000
0.446283,0.405717,0.862248,1.000000,0.678194
1.000000,0.001000,1.000000,1.000000,1.000000
1.000000,1.000000,0.001000,1.000000,0.001000
1.000000,0.805256,0.798235,0.302664,0.001000
1.000000,1.000000,1.000000,1.000000,0.001000
0.001000,1.000000,1.000000,0.435502,0.001000
1.000000,0.001000,0.362491,0.001000,0.001000
0.851584,0.001000,0.610595,0.862733,0.831269
0.778768,0.515266,1.000000,0.001000,0.899222
1.000000,0.030202,0.742214,1.000000,0.001000
0.817360,0.001000,1.000000,0.495552,0.001000
0.174394,1.000000,0.001000,0.001000,0.739842
1.000000,0.859648,0.001000,1.000000,1.000000
1.000000,1.000000,0.001000,1.000000,1.000000
1.000000,0.086376,1.000000,1.000000,0.001000
1.000000,0.802568,0.034325,1.000000,0.001000
0.831691,0.538750,0.001000,1.000000,0.629491
0.717734,1.000000,0.001000,0.002541,0.001000
1.000000,1.000000,0.916325,0.972943,0.001000
1.000000,1.000000,0.736900,0.114500,0.001000
1.000000,0.363152,0.001000,1.000000,0.001000
0.001000,1.000000,0.011927,1.000000,0.477071
1.000000,0.065127,0.420829,1.000000,0.001000
1.000000,0.001000,0.001000,0.001000,0.271706
0.001000,0.405762,0.001000,1.000000,0.001000
0.001000,0.001000,0.001000,0.001000,0.001000
1.000000,0.109812,1.000000,0.358151,0.747835
0.001000,0.001000,0.001000,0.667912,1.000000
0.565463,0.001000,0.001000,1.000000,0.001000
1.000000,0.862937,0.001000,0.769165,0.001000
0.001000,0.001000,0.001000,1.000000,1.000000
1.000000,0.001000,0.001000,0.910426,0.001000
1.000000,0.974459,0.952530,1.000000,0.001000
1.000000,0.001000,0.001000,0.984098,1.000000
0.081896,0.160528,0.001000,0.897586,0.001000
1.000000,0.001000,0.001000,0.582964,0.001000
1.000000,1.000000,1.000000,0.969599,0.001000
1.000000,1.000000,1.000000,1.000000,0.287237
0.270036,1.000000,0.001000,0.913167,1.000000
1.000000,0.199951,1.000000,1.000000,0.993291
1.000000,1.000000,0.740999,1.000000,1.000000
1.000000,0.001000,0.001000,1.000000,0.001000
0.001000,0.298155,0.507143,0.937142,0.001000
0.039609,0.483204,1.000000,0.001000,1.000000
0.620497,0.432206,0.001000,0.229041,0.001000
0.001000,1.000000,0.371498,0.820282,0.342023
1.000000,0.001000,0.001000,0.755526,0.001000
1.000000,0.910206,1.000000,1.000000,0.001000
1.000000,1.000000,0.001000,0.525602,0.001000
0.578318,0.611266,1.000000,1.000000,0.001000
1.000000,0.001000,0.001000,1.000000,0.001000
1.000000,0.001000,1.000000,0.001000,0.001000
0.001000,0.574891,1.000000,0.679466,0.001000
0.364028,0.001000,0.001000,1.000000,0.001000
0.576152,0.241818,1.000000,0.722631,0.496950
0.983354,0.200296,0.178679,1.000000,0.001000
0.399812,0.833538,0.001000,0.725214,0.476207
0.778329,0.001000,0.001000,1.000000,0.001000
0.688704,0.938491,0.025553,1.000000,0.001000
1.000000,1.000000,0.215221,1.000000,0.603387
1.000000,0.001000,0.001000,0.615542,0.689334
1.000000,0.001000,0.001000,0.699803,1.000000
1.000000,0.398052,0.516845,1.000000,0.244669
0.130722,0.416815,1.000000,0.687038,1.000000
1.000000,0.001000,0.001000,0.930170,0.353986
1.000000,0.795927,0.001000,1.000000,0.327233
1.000000,0.001000,0.852648,1.000000,0.759087
0.562027,0.001000,1.000000,1.000000,0.001000
0.541157,1.000000,0.001000,0.465110,0.001000
1.000000,1.000000,0.001000,0.928471,1.000000
1.000000,1.000000,0.001000,0.309818,0.001000
1.000000,1.000000,1.000000,0.879893,0.001000
1.000000,0.001000,0.156651,0.001000,1.000000
0.001000,1.000000,1.000000,0.155049,1.000000
0.981584,0.036099,0.001000,0.369905,0.001000
1.000000,0.873320,0.153110,0.499491,0.022181
1.000000,0.001000,0.685819,1.000000,0.001000
0.930282,0.172074,1.000000,1.000000,0.115949
1.000000,0.537027,0.001000,0.296537,0.001000
1.000000,0.477518,0.001000,1.000000,0.001000
0.001000,0.330154,0.869837,1.000000,1.000000
0.001000,1.000000,0.001000,0.780078,0.001000
0.222504,0.001000,1.000000,0.218349,0.001000
1.000000,0.001000,1.000000,1.000000,1.000000
0.793396,0.825343,0.001000,1.000000,0.001000
1.000000,1.000000,0.001000,1.000000,0.690044
1.000000,1.000000,1.000000,1.000000,0.001000
1.000000,0.001000,0.357318,1.000000,0.001000
1.000000,0.583963,0.001000,0.676525,1.000000
0.001000,0.001000,0.001000,1.000000,0.001000
1.000000,1.000000,0.001000,1.000000,1.000000
1.000000,0.001000,0.793644,1.000000,1.000000
0.495513,0.001000,0.914843,0.001000,0.001000
1.000000,0.001000,0.001000,0.172793,0.001000
0.001000,0.001000,1.000000,0.622635,0.001000
1.000000,1.000000,1.000000,1.000000,0.695543
1.000000,0.001000,0.001000,1.000000,0.554931
1.000000,0.001000,0.001000,1.000000,0.139336
0.354982,0.513130,0.015030,0.287799,0.001000
0.920476,1.000000,0.813093,0.001000,0.001000
1.000000,0.921785,1.000000,1.000000,0.359989
0.001000,0.404988,0.001000,1.000000,0.169165
1.000000,0.001000,0.001000,1.000000,0.001000
0.001000,0.883202,0.001000,1.000000,0.001000
1.000000,0.481793,0.763485,0.001000,0.001000
0.001000,0.804426,1.000000,1.000000,0.001000
0.354585,0.645675,1.000000,0.365213,0.001000
1.000000,0.001000,0.001000,1.000000,0.001000
1.000000,1.000000,0.989087,0.001000,0.656076
1.000000,0.292189,1.000000,0.001000,0.084954
0.231136,1.000000,0.001000,0.603872,0.001000
1.000000,1.000000,0.001000,0.346393,0.001000
0.847896,1.000000,0.001000,0.724733,0.001000
1.000000,1.000000,1.000000,0.001000,0.404304
1.000000,1.000000,0.669488,0.293198,0.086560
1.000000,0.000947,1.000000,1.000000,0.001000
0.507242,1.000000,0.001000,0.657404,0.323628
1.000000,0.001000,0.191078,0.964262,0.001000
1.000000,0.413455,0.001000,1.000000,1.000000
0.001000,0.001000,0.001000,0.521009,0.001000
0.002139,0.647764,0.987088,0.001000,0.001000
1.000000,1.000000,0.001000,1.000000,0.143452
1.000000,0.520338,0.001000,0.827217,0.277712
1.000000,0.327434,0.377759,0.190141,0.214267
0.979487,1.000000,1.000000,1.000000,1.000000
0.280124,1.000000,0.753449,0.253107,0.473137
0.861972,0.810236,0.981317,1.000000,0.183317
0.674224,1.000000,1.000000,0.034442,0.001000
0.041980,0.001000,0.001000,1.000000,1.000000
1.000000,0.169048,0.767499,0.066442,0.431520
1.000000,0.001000,1.000000,0.018118,0.001000
1.000000,1.000000,0.392841,1.000000,0.016005
0.001000,0.001000,0.001000,0.160183,0.686243
0.046566,0.074012,0.001000,0.517594,0.498900
0.268244,0.745060,1.000000,1.000000,0.041636
0.001000,0.001000,0.162746,0.001000,0.001000
1.000000,0.349909,0.001000,0.914445,0.232149
0.331402,0.904614,0.001000,1.000000,1.000000
0.089027,1.000000,0.001000,1.000000,0.250741
0.978022,0.738877,1.000000,1.000000,0.736369
0.311529,0.558830,0.001000,1.000000,0.001000
1.000000,0.001000,0.399480,0.435236,1.000000
1.000000,0.471206,0.946895,1.000000,0.638698
0.001000,1.000000,0.118844,1.000000,0.001000
1.000000,1.000000,0.001000,0.394000,1.000000
1.000000,1.000000,0.001000,1.000000,0.001000
1.000000,0.751196,0.001000,1.000000,0.424677
1.000000,1.000000,0.001000,0.001000,0.001000
0.089603,1.000000,1.000000,0.872927,0.325734
0.877912,1.000000,0.006370,1.000000,0.001000
1.000000,0.609251,0.511069,0.588047,0.001000
0.604901,1.000000,0.099814,1.000000,0.776544
1.000000,0.001000,0.018360,0.962035,0.001000
1.000000,0.943096,0.001000,0.001000,0.942372
0.619920,0.001000,0.001000,0.163548,0.203691
1.000000,1.000000,0.001000,0.913106,0.001000
1.000000,0.774245,0.488114,0.375240,0.872335
1.000000,1.000000,1.000000,0.588147,0.269786
1.000000,0.751917,1.000000,1.000000,0.001000
0.108591,1.000000,0.001000,0.532633,1.000000
1.000000,0.336548,1.000000,0.117709,0.001000
1.000000,1.000000,1.000000,1.000000,0.001000
0.932047,0.028896,0.001000,1.000000,0.001000
0.001000,1.000000,1.000000,0.885285,0.234862
1.000000,0.604080,1.000000,1.000000,1.000000
1.000000,0.412511,0.001000,0.576925,0.130651
0.606384,0.001000,0.001000,1.000000,0.001000
0.173699,0.457986,0.001000,0.001000,0.001000
0.001000,0.001000,1.000000,0.143276,0.001000
1.000000,0.428387,0.079465,0.839300,0.650856
1.000000,0.001000,1.000000,0.001000,0.001000
1.000000,0.734935,0.366617,1.000000,0.359665
0.001000,0.862749,1.000000,0.779270,0.443926
1.000000,0.001000,1.000000,0.416719,1.000000
1.000000,0.483173,0.001000,0.651019,0.001000
0.001000,1.000000,0.001000,1.000000,0.031991
0.001000,1.000000,0.496465,1.000000,0.001000
1.000000,0.289997,0.033495,0.242681,0.382603
1.000000,1.000000,1.000000,0.910533,0.835476
0.185738,1.000000,0.001000,0.001000,0.291722
1.000000,0.732592,1.000000,0.078637,0.001000
1.000000,0.001000,1.000000,1.000000,1.000000
0.531410,0.001000,0.641567,1.000000,0.001000
0.346471,0.605348,0.001000,1.000000,0.001000
0.001000,0.001000,0.001000,1.000000,0.001000
1.000000,0.646440,1.000000,1.000000,0.001000
1.000000,0.838697,1.000000,1.000000,0.001000
1.000000,0.853376,0.217025,1.000000,0.001000
0.001000,0.400591,0.001000,1.000000,0.001000
1.000000,0.001000,0.038759,1.000000,0.001000
0.001000,0.001000,0.543528,1.000000,0.001000
1.000000,0.154158,0.001000,1.000000,0.001000
1.000000,1.000000,0.001000,1.000000,0.001000
0.423225,0.657472,0.955358,0.001000,1.000000
1.000000,0.886685,0.291056,0.929540,1.000000
1.000000,0.775070,0.001000,0.399379,0.347847
0.234747,0.069375,0.001000,1.000000,0.001000
1.000000,0.001000,0.001000,1.000000,0.216318
1.000000,0.001000,0.361119,1.000000,0.001000
1.000000,0.751526,1.000000,0.001000,0.515551
0.736585,0.916151,1.000000,0.001000,1.000000
0.551053,1.000000,1.000000,0.103534,0.181185
1.000000,0.100243,1.000000,0.806905,0.139671
0.544499,0.001000,0.877462,1.000000,0.919109
0.957351,0.001000,1.000000,1.000000,0.001000
0.213268,0.001000,0.001000,1.000000,0.001000
0.085229,1.000000,0.001000,1.000000,0.001000
1.000000,0.159399,0.001000,1.000000,0.001000
1.000000,1.000000,0.001000,1.000000,0.001000
0.419134,0.001000,1.000000,0.195445,0.001000
0.649686,1.000000,0.848142,1.000000,0.001000
0.001000,1.000000,0.652311,1.000000,0.001000
0.840963,0.001000,0.001000,0.001000,0.001000
1.000000,0.437957,0.001000,1.000000,1.000000
0.539478,0.574739,0.326350,1.000000,1.000000
1.000000,1.000000,0.001000,0.991881,0.001000
0.849874,1.000000,1.000000,0.001000,0.001000
0.295865,1.000000,1.000000,1.000000,0.872315
1.000000,0.924205,1.000000,0.759706,0.001000
0.001000,1.000000,1.000000,1.000000,1.000000
0.544446,0.001000,0.116404,1.000000,0.001000
1.000000,0.826468,0.683711,0.001000,0.001000
0.282631,0.109669,0.545387,0.623731,0.001000
0.763440,0.001000,0.001000,0.001000,0.001000
0.695776,0.012973,0.590000,0.001000,0.001000
0.707576,1.000000,0.682113,0.001000,0.502822
0.272209,0.001000,0.208889,1.000000,0.379980
0.589692,0.408565,0.001000,1.000000,1.000000
1.000000,0.566575,0.594314,0.001000,0.001000
0.569833,0.191848,0.967464,0.001000,1.000000
1.000000,0.188732,0.185511,1.000000,1.000000
0.107683,0.954693,0.001000,1.000000,0.346118
0.935293,0.001000,0.001000,1.000000,1.000000
0.780089,0.823253,0.651214,0.196345,0.001000
0.443946,0.001000,0.457615,1.000000,0.116905
1.000000,1.000000,0.001000,1.000000,0.001000
0.875602,0.001000,0.001000,0.148861,0.001000
0.965822,0.471842,0.001000,0.609364,1.000000
1.000000,1.000000,1.000000,0.133412,0.001000
1.000000,0.487857,0.055900,0.950661,0.275379
1.000000,1.000000,1.000000,0.742364,0.001000
0.681732,0.001000,1.000000,1.000000,0.857668
1.000000,1.000000,0.001000,1.000000,0.001000
0.001000,0.731120,0.001000,1.000000,0.350965
0.533140,0.373907,0.001000,0.001000,0.001000
0.001000,0.934445,1.000000,1.000000,0.944018
0.001000,0.536882,0.001000,1.000000,0.001000
0.283834,0.001000,0.701207,0.466733,1.000000
0.966941,1.000000,0.404464,0.329804,0.001000
1.000000,0.001000,0.001000,0.001000,0.800421
1.000000,0.980726,0.001000,1.000000,0.001000
1.000000,0.166704,0.001000,1.000000,0.001000
0.488524,0.042837,1.000000,0.505866,0.579379
0.001000,0.001000,1.000000,1.000000,0.660580
1.000000,1.000000,1.000000,0.597943,0.987404
0.994860,1.000000,0.001000,0.001000,0.136397
1.000000,0.001000,0.001000,1.000000,0.435147
0.620750,0.521061,0.140659,0.414773,1.000000
1.000000,1.000000,0.674045,0.685020,1.000000
0.651208,0.299080,1.000000,1.000000,0.098541
1.000000,1.000000,0.438919,1.000000,0.001000
0.372817,0.001000,0.151456,1.000000,0.001000
1.000000,0.705320,1.000000,0.001000,1.000000
0.855573,0.001000,0.001000,0.001000,1.000000
0.303781,1.000000,0.001000,0.653451,0.001000
1.000000,0.001000,1.000000,0.245397,0.943317
0.547210,0.001000,1.000000,0.869487,0.655339
0.771942,0.693283,0.001000,0.001000,0.001000
1.000000,0.766214,0.424564,0.001000,1.000000
0.405286,0.427348,0.001000,1.000000,1.000000
1.000000,0.001000,1.000000,1.000000,0.299076
0.001000,1.000000,0.418484,0.839974,1.000000
1.000000,0.001000,1.000000,0.806925,0.002609
1.000000,0.001000,0.617411,1.000000,1.000000
1.000000,1.000000,0.603576,0.711226,0.001000
0.001000,1.000000,1.000000,1.000000,0.001000
1.000000,1.000000,1.000000,0.001000,0.001000
1.000000,0.209240,0.204597,0.001000,1.000000
1.000000,0.001000,0.001000,1.000000,1.000000
0.001000,0.001000,0.001000,0.780442,0.001000
1.000000,0.304310,0.044913,0.001000,0.617101
0.331211,0.595354,0.001000,0.313399,1.000000
0.555547,0.001000,0.001000,0.327695,0.500304
1.000000,1.000000,1.000000,1.000000,0.525243
1.000000,1.000000,1.000000,0.909647,0.001000
0.254930,0.678770,0.001000,0.281457,0.001000
1.000000,0.210085,0.001000,0.723297,0.001000
1.000000,1.000000,1.000000,1.000000,0.007689
1.000000,1.000000,1.000000,1.000000,0.001000
1.000000,0.001000,0.001000,0.497692,0.061908
1.000000,0.684690,0.001000,0.001000,0.769026
0.155339,1.000000,0.001000,1.000000,0.998257
1.000000,1.000000,0.344046,0.001000,0.001000
0.428651,0.001000,0.001000,1.000000,1.000000
0.001000,0.774317,0.099880,0.911310,0.001000
0.011373,0.685971,1.000000,0.656930,0.406022
0.001000,0.632911,0.001000,0.001000,1.000000
1.000000,0.001000,1.000000,1.000000,0.001000
0.244553,1.000000,0.001000,1.000000,0.001000
1.000000,0.402678,0.653884,0.001000,0.755801
0.001000,1.000000,1.000000,1.000000,0.739511
1.000000,0.182439,0.206188,1.000000,0.832220
0.397038,0.296683,0.401120,0.001000,0.001000
0.804597,0.307334,0.001000,0.581145,0.604407
1.000000,0.570143,0.001000,0.847587,0.001000
1.000000,0.184479,0.449411,1.000000,0.001000
0.001000,1.000000,1.000000,0.807132,0.001000
1.000000,1.000000,0.949333,1.000000,0.001000
1.000000,0.580280,1.000000,0.862944,0.001000
0.164101,0.969154,1.000000,0.259632,0.001000
0.090283,0.001000,0.001000,1.000000,0.001000
1.000000,0.528234,0.810196,0.666501,0.001000
0.223433,0.001000,0.722699,1.000000,0.300275
1.000000,0.001000,1.000000,0.217156,1.000000
0.478312,1.000000,0.001000,0.683914,0.045970
0.526864,0.001000,0.001000,0.894411,1.000000
0.709350,0.216781,0.001000,1.000000,0.026460
1.000000,1.000000,0.162570,0.984592,0.688454
0.001000,0.132628,0.575114,0.258681,0.001000
1.000000,1.000000,0.417023,1.000000,1.000000
1.000000,0.001000,1.000000,0.799126,0.959977
1.000000,0.313134,0.501084,1.000000,0.517905
1.000000,0.926966,0.124406,0.001000,0.001000
0.426098,1.000000,0.062755,0.433684,0.828006
0.001000,0.001000,0.702480,1.000000,0.001000
0.001000,1.000000,1.000000,0.001000,1.000000
1.000000,1.000000,1.000000,1.000000,1.000000
0.001000,0.001000,0.001000,0.001000,0.001000
1.000000,1.000000,1.000000,0.001000,0.467655
0.416016,1.000000,0.432223,0.888022,0.001000
0.001000,0.361151,0.001000,1.000000,0.874236
1.000000,1.000000,0.001000,0.001000,0.738975
1.000000,0.001000,0.001000,0.351132,1.000000
0.001000,0.780961,1.000000,1.000000,0.051463
1.000000,0.589386,1.000000,1.000000,0.001000
1.000000,0.001000,0.001000,1.000000,0.046992
1.000000,0.926501,0.001000,0.969701,1.000000
0.818230,1.000000,1.000000,1.000000,0.861007
1.000000,0.222663,0.001000,1.000000,1.000000
1.000000,1.000000,0.198222,1.000000,0.001000
0.555547,0.632411,0.578518,0.001000,0.001000
1.000000,1.000000,0.621354,0.361126,0.001000
0.001000,0.001000,0.618721,0.001000,0.139737
0.001000,0.624278,0.001000,0.685457,0.001000
1.000000,0.001000,1.000000,0.469460,0.001000
0.016107,0.001000,0.001000,0.503900,0.566707
0.732419,0.866892,0.022187,1.000000,0.118407
1.000000,0.646122,1.000000,1.000000,0.001000
0.073246,0.991121,1.000000,1.000000,0.001000
1.000000,0.001000,1.000000,1.000000,0.001000
1.000000,0.177533,0.001000,0.001000,0.531943
0.001000,0.001000,0.649762,1.000000,0.458178
0.029239,1.000000,0.895646,0.541029,0.322732
1.000000,1.000000,0.155253,0.930885,0.001000
0.620431,0.001000,0.374987,1.000000,1.000000
0.939036,1.000000,1.000000,0.037936,0.001000
0.001000,0.001000,1.000000,1.000000,0.155586
1.000000,0.001000,1.000000,0.428420,0.001000
1.000000,0.001000,0.001000,0.852810,1.000000
0.773678,1.000000,1.000000,1.000000,0.001000
0.657845,1.000000,0.301947,1.000000,0.952518
1.000000,1.000000,0.687549,1.000000,0.001000
0.001000,0.313063,0.571650,0.001000,0.677327
0.439259,0.001000,0.001000,0.797931,0.562858
0.524572,0.198622,0.098097,0.803711,0.001000
0.649883,0.001000,1.000000,1.000000,0.390136
1.000000,0.001000,0.076633,0.001000,0.001000
1.000000,0.424791,1.000000,0.001000,0.001000
1.000000,1.000000,0.587553,1.000000,0.001000
0.713803,0.001000,0.616815,0.001000,0.676545
0.714659,0.379672,0.001000,1.000000,0.001000
1.000000,0.226268,0.001000,0.741498,0.001000
0.832348,1.000000,0.001000,0.001000,0.455210
0.001000,1.000000,0.001000,0.100005,0.001000
0.469589,0.472028,0.624668,1.000000,0.001000
1.000000,0.926775,0.001000,1.000000,0.001000
0.730323,0.001000,0.001000,1.000000,0.317644
0.303816,1.000000,0.001000,1.000000,1.000000
1.000000,1.000000,0.001000,1.000000,0.366217
0.967061,0.001000,0.643071,0.098851,0.893467
0.757957,0.313640,0.001000,0.001000,0.046278
0.935803,0.001000,0.001000,0.368737,0.952186
1.000000,1.000000,0.933243,1.000000,0.001000
0.380652,1.000000,0.001000,1.000000,0.372276
1.000000,0.001000,1.000000,1.000000,0.685561
1.000000,0.978829,0.451166,1.000000,0.001000
1.000000,1.000000,0.689090,0.598120,0.230811
1.000000,1.000000,0.001000,0.899307,0.398353
0.116974,1.000000,1.000000,1.000000,0.001000
1.000000,0.956023,1.000000,1.000000,0.001000
0.753049,0.001000,0.295159,0.001000,0.372284
0.879221,1.000000,0.280036,1.000000,0.001000
0.870413,1.000000,0.001000,0.871453,0.001000
0.979658,1.000000,0.413780,0.001000,1.000000
1.000000,0.002383,0.001000,0.870307,0.001000
0.001000,0.001000,0.472497,0.683228,0.001000
0.319141,0.001000,0.819565,0.001000,0.675336
1.000000,0.480491,0.001000,0.985609,0.001000
0.750845,0.001000,0.001000,0.596743,0.001000
1.000000,1.000000,0.001000,1.000000,0.342587
0.857271,1.000000,1.000000,0.011404,0.357898
0.968413,0.547785,0.001000,0.238051,0.236254
1.000000,0.609562,0.637946,0.001000,0.710936
0.369848,1.000000,1.000000,1.000000,0.001000
0.001000,0.001000,0.001000,1.000000,0.001000
0.001000,0.001000,0.001000,0.856559,0.220157
0.001000,1.000000,0.471591,1.000000,0.001000
0.748057,1.000000,1.000000,1.000000,0.001000
1.000000,0.001000,0.001000,0.788633,0.365572
1.000000,0.001000,0.967166,0.001000,0.001000
1.000000,0.001000,0.432441,1.000000,0.001000
1.000000,1.000000,0.001000,1.000000,0.001000
0.001000,1.000000,0.591240,1.000000,0.001000
1.000000,0.241331,0.001000,1.000000,0.001000
1.000000,0.001000,0.001000,0.001000,0.001000
1.000000,0.001000,1.000000,0.475507,0.283777
1.000000,0.016442,0.100783,0.827929,0.001000
0.994245,0.273001,0.061612,1.000000,0.706191
0.642384,0.277549,1.000000,1.000000,0.685676
1.000000,0.001000,1.000000,1.000000,0.001000
1.000000,0.001000,0.278155,1.000000,0.001000
1.000000,0.743316,0.001000,1.000000,0.311854
0.139876,0.001000,0.313981,1.000000,0.904442
0.194011,0.001000,0.488543,1.000000,0.001000
1.000000,0.932388,1.000000,0.170105,1.000000
1.000000,0.001000,0.630136,1.000000,0.936645
1.000000,0.001000,0.764157,1.000000,0.001000
0.711454,0.653699,0.001000,0.300814,0.922005
1.000000,0.619819,1.000000,0.001000,0.001000
1.000000,0.001000,0.091104,1.000000,0.001000
1.000000,0.465118,0.001000,1.000000,0.001000
0.052689,0.740294,0.001000,1.000000,0.436300
1.000000,0.001000,0.001000,1.000000,0.085006
0.377684,0.001000,0.265952,1.000000,0.100121
1.000000,1.000000,0.001000,0.296083,0.001000
0.418701,0.327039,1.000000,0.001000,0.001000
0.836000,0.001000,0.066783,1.000000,0.227047
0.001000,0.001000,1.000000,1.000000,0.001000
1.000000,0.395857,1.000000,1.000000,0.097780
1.000000,0.125998,0.001000,0.925851,0.284600
1.000000,0.001000,0.001000,1.000000,0.957608
0.208925,0.001000,0.001000,0.639263,1.000000
0.450356,0.099859,0.342268,0.538703,0.001000
0.986271,0.571743,0.006033,0.955666,0.144829
0.001000,0.001000,0.477971,1.000000,0.793813
0.843608,1.000000,1.000000,0.811823,0.001000
1.000000,0.533959,0.001000,0.001000,0.080480
0.001000,1.000000,1.000000,0.546999,0.001000
1.000000,0.001000,0.228016,1.000000,0.211549
1.000000,0.153202,1.000000,1.000000,0.812438
1.000000,0.001000,0.001000,0.626274,0.001000
0.001000,0.001000,0.001000,0.957085,0.001000
0.001000,0.700750,0.872307,1.000000,0.001000
0.001000,0.001000,0.070892,0.655868,0.001000
0.788603,1.000000,0.001000,0.001000,0.001000
1.000000,1.000000,0.543633,0.618242,0.001000
1.000000,1.000000,0.001000,0.530975,0.001000
0.001000,0.904641,0.001000,0.292249,0.217942
0.585829,0.448632,1.000000,1.000000,0.023779
0.001000,0.001000,0.758975,1.000000,1.000000
1.000000,0.904990,0.001000,1.000000,1.000000
1.000000,1.000000,0.723005,0.001000,1.000000
0.001000,1.000000,0.438527,1.000000,0.527820
1.000000,0.638624,0.591079,1.000000,0.001000
0.176686,1.000000,0.001930,1.000000,0.001000
1.000000,0.001000,0.684546,0.772467,1.000000
0.331201,0.001000,1.000000,0.001000,0.177637
0.001000,1.000000,1.000000,0.910096,0.001000
1.000000,0.001000,0.043191,0.001000,0.001000
1.000000,0.001000,1.000000,1.000000,0.001000
1.000000,0.001000,0.960738,1.000000,0.756622
1.000000,0.001000,0.377480,1.000000,0.768580
1.000000,1.000000,0.001000,0.119032,0.001000
0.774314,0.001000,0.033637,1.000000,0.001000
0.082975,1.000000,0.001000,0.001000,0.001000
1.000000,0.663074,0.470749,0.001000,0.001000
1.000000,1.000000,0.151631,0.976320,0.001000
1.000000,1.000000,0.001000,0.001000,0.001000
1.000000,0.007549,1.000000,0.001000,0.001000
0.812983,1.000000,0.001000,1.000000,1.000000
0.829909,0.001000,0.902630,1.000000,0.001000
0.741488,0.345467,1.000000,1.000000,0.066227
0.562066,1.000000,0.925715,1.000000,0.001000
0.960371,1.000000,1.000000,1.000000,0.923644
1.000000,0.514114,0.001000,0.389256,0.382635
0.001000,0.385835,1.000000,1.000000,0.092927
1.000000,1.000000,1.000000,1.000000,0.001000
1.000000,1.000000,0.001000,1.000000,0.328807
0.990555,0.001000,1.000000,0.001000,0.001000
0.001000,0.416404,1.000000,1.000000,0.001000
1.000000,1.000000,0.845231,1.000000,0.001000
1.000000,0.001000,0.001000,0.928154,1.000000
1.000000,0.001000,0.272640,0.265818,0.001000
0.947982,0.001000,0.001000,1.000000,1.000000
1.000000,0.001000,0.001000,1.000000,0.001000
1.000000,0.001000,0.895714,0.743842,1.000000
1.000000,0.408685,1.000000,0.406211,0.001000
1.000000,0.001000,0.001000,1.000000,0.001000
0.345311,0.001000,0.001000,1.000000,0.001000
1.000000,0.045682,0.359255,0.229576,1.000000
1.000000,0.375817,0.012200,1.000000,0.001000
1.000000,1.000000,0.271128,1.000000,0.001000
1.000000,0.376443,0.917252,0.884572,0.001000
0.220631,1.000000,0.001000,1.000000,1.000000
0.262031,1.000000,0.001000,1.000000,0.515198
1.000000,0.093909,0.942147,1.000000,0.001000
0.874707,0.811998,0.998120,1.000000,0.001000
1.000000,0.290967,1.000000,0.730712,1.000000
0.070104,1.000000,0.889627,1.000000,1.000000
0.001000,1.000000,0.467761,0.001000,0.001000
1.000000,0.001000,1.000000,0.001000,0.001000
0.001000,0.358641,0.098839,0.001000,0.969654
0.169738,0.509742,0.668167,1.000000,0.001000
0.169004,1.000000,0.001000,1.000000,0.001000
0.001000,1.000000,0.001000,0.853316,0.001000
1.000000,0.001000,0.001000,1.000000,0.045231
1.000000,1.000000,0.001000,0.001000,0.001000
0.949810,0.892523,0.001000,0.111461,0.163934
1.000000,1.000000,0.001000,0.548789,0.001000
0.085227,0.657411,1.000000,1.000000,0.350874
0.664632,0.937291,0.542313,1.000000,0.216919
0.001000,0.635703,0.001000,1.000000,0.001000
0.926328,0.001000,0.001000,1.000000,0.299705
1.000000,0.138007,0.001000,0.439987,1.000000
1.000000,1.000000,1.000000,0.001000,0.782287
0.001000,0.792136,1.000000,1.000000,0.001000
0.001000,1.000000,0.379841,1.000000,0.001000
0.033622,0.001000,0.518181,1.000000,0.553303
1.000000,1.000000,0.001000,0.001000,0.001000
1.000000,1.000000,1.000000,0.745398,1.000000
0.501485,0.001000,0.001000,0.388521,0.001000
1.000000,0.679897,0.001000,0.452870,0.001000
1.000000,0.124334,0.001000,0.948279,0.070095
0.824836,0.832686,0.155209,1.000000,0.001000
0.001000,0.001000,0.657392,0.978761,0.258424
0.001000,1.000000,1.000000,1.000000,0.220998
0.756795,0.900318,0.001000,1.000000,0.409701
0.916105,0.001000,0.752036,0.537235,0.014338
1.000000,0.563829,0.452256,0.782822,0.001000
1.000000,0.428536,0.020174,1.000000,0.001000
1.000000,0.944889,0.009391,0.366630,0.001000
1.000000,1.000000,0.001000,1.000000,0.657806
0.511513,0.001000,0.001000,1.000000,0.001000
1.000000,1.000000,1.000000,0.330858,0.893087
0.001000,0.001000,0.001000,1.000000,1.000000
1.000000,0.001000,0.290393,0.001000,0.000944
0.384786,1.000000,0.649795,1.000000,0.001000
1.000000,0.269120,0.022637,0.944795,0.001000
1.000000,0.001000,0.001000,0.001000,0.587542
1.000000,0.001000,0.403088,1.000000,0.001000
1.000000,1.000000,0.170220,1.000000,1.000000
1.000000,1.000000,1.000000,0.001000,0.236308
0.262813,0.001000,0.001000,1.000000,0.544592
0.125686,0.445872,1.000000,0.434431,0.001000
1.000000,0.001000,0.001000,1.000000,0.782165
0.144283,0.001000,0.293975,0.854858,0.001000
1.000000,1.000000,0.457214,0.001000,0.826742
0.096638,1.000000,0.001000,1.000000,0.612733
0.933098,1.000000,0.007269,1.000000,0.001000
1.000000,1.000000,0.001000,1.000000,0.001000
0.387724,0.145769,0.001000,1.000000,1.000000
0.235528,0.848384,0.198454,0.001000,1.000000
0.853561,1.000000,1.000000,1.000000,0.001000
1.000000,1.000000,0.727696,1.000000,0.001000
0.001000,0.708653,0.727690,0.424312,0.001000
0.984338,0.695974,1.000000,1.000000,0.816898
0.848668,0.001000,0.001000,1.000000,0.001000
0.001000,0.826973,0.001000,1.000000,0.547552
1.000000,1.000000,0.001000,1.000000,1.000000
0.685386,0.914343,0.001000,1.000000,0.001000
1.000000,1.000000,0.001000,0.001000,0.001000
1.000000,1.000000,0.001000,1.000000,0.001000
1.000000,1.000000,0.001000,0.439226,0.001000
1.000000,0.200338,0.001000,0.954812,0.001000
1.000000,0.543929,0.001000,1.000000,0.001000
1.000000,1.000000,1.000000,1.000000,0.001000
1.000000,0.001000,0.001000,1.000000,0.001000
1.000000,0.327275,0.001000,0.706166,1.000000
1.000000,1.000000,0.001000,0.230907,0.548879
0.001000,1.000000,1.000000,1.000000,0.218736
1.000000,0.308802,0.001000,1.000000,0.576257
1.000000,0.852934,1.000000,0.135166,0.852168
0.001000,0.001000,1.000000,1.000000,0.001000
1.000000,0.001000,0.030893,0.453096,0.001000
0.256765,1.000000,1.000000,1.000000,0.001000
0.683155,0.133154,0.069528,1.000000,1.000000
0.454133,0.734312,1.000000,0.001000,1.000000
1.000000,0.817254,0.001000,1.000000,0.001000
0.001000,0.616896,0.717392,0.058637,0.029945
0.301551,0.906374,0.001000,0.001000,0.664213
1.000000,0.001000,0.001000,1.000000,0.001000
1.000000,0.913826,0.001000,0.001000,0.001000
0.745144,1.000000,0.001000,0.882058,0.024789
1.000000,0.523850,0.001000,1.000000,1.000000
1.000000,1.000000,0.768187,1.000000,0.617674
0.816595,0.001000,0.258602,0.698630,0.001000
0.488748,0.001000,0.001000,1.000000,0.819948
0.369764,0.001000,0.533143,0.853138,1.000000
1.000000,0.001000,0.001000,1.000000,1.000000
1.000000,0.592197,0.001000,0.260464,0.001000
1.000000,1.000000,1.000000,1.000000,1.000000
1.000000,0.704171,0.001000,0.703846,0.126960
0.349420,0.001000,0.001000,0.260399,0.831889
1.000000,1.000000,0.855098,1.000000,0.001000
1.000000,1.000000,0.001000,1.000000,0.001000
0.083095,0.001000,0.001000,0.001000,0.275769
0.001000,1.000000,0.103612,1.000000,0.001000
1.000000,1.000000,0.001000,1.000000,1.000000
0.001000,1.000000,0.001000,0.705824,0.001000
1.000000,0.918239,0.001000,0.305675,0.001000
0.419539,1.000000,0.001000,0.831818,0.001000
1.000000,0.153236,1.000000,1.000000,0.078795
1.000000,0.001000,0.294144,0.073062,0.001000
1.000000,1.000000,0.001000,1.000000,1.000000
1.000000,1.000000,0.001000,1.000000,0.744596
0.326476,0.970121,0.417456,0.692096,1.000000
0.262016,0.375902,0.001000,1.000000,0.209124
0.110686,1.000000,0.001000,1.000000,1.000000
0.001000,0.001000,0.001000,1.000000,0.581469
1.000000,0.131882,0.669589,0.001000,0.217430
0.180182,1.000000,0.001000,0.001000,0.585403
0.001000,0.877547,0.001000,0.637954,0.001000
1.000000,1.000000,0.001000,0.001000,0.291043
0.042663,1.000000,0.001000,1.000000,0.001000
0.289693,0.080991,0.603770,0.001000,1.000000
1.000000,0.690430,1.000000,0.749932,0.001000
1.000000,0.082662,0.050981,0.001000,0.637398
1.000000,1.000000,0.001000,0.817592,1.000000
0.001000,0.580796,1.000000,1.000000,0.289365
0.001000,1.000000,0.001000,1.000000,0.699260
1.000000,0.057426,0.001000,0.715626,0.001000
1.000000,0.001000,1.000000,1.000000,0.001000
1.000000,0.186668,1.000000,0.817775,0.001000
1.000000,0.505668,1.000000,1.000000,0.877574
0.615936,0.977010,0.468742,0.519139,0.001000
0.585007,0.001000,0.001000,1.000000,0.733072
0.351984,0.001000,1.000000,0.958774,0.001000
1.000000,0.831221,1.000000,1.000000,1.000000
0.819098,0.001000,0.474134,0.048360,0.001000
0.221306,0.006363,0.001000,0.001000,0.001000
1.000000,1.000000,0.001000,0.279624,0.014514
1.000000,0.001000,1.000000,1.000000,0.946380
1.000000,0.239561,0.001000,1.000000,0.383632
0.661553,0.680405,1.000000,0.770425,0.001000
0.001000,1.000000,0.719360,1.000000,1.000000
0.001000,0.447153,0.965276,0.557146,1.000000
0.299696,0.116530,0.026787,1.000000,0.429034
1.000000,0.317331,0.001000,1.000000,0.001000
0.762133,0.181057,0.067764,0.461708,0.620417
1.000000,0.917292,0.001000,1.000000,0.001000
1.000000,0.001000,0.174644,1.000000,0.527194
1.000000,1.000000,0.001000,0.351530,0.001000
0.663834,0.001000,0.478144,0.679242,0.386596
0.706362,1.000000,0.001000,0.752645,0.001000
1.000000,1.000000,0.001000,0.773796,0.392945
0.680875,0.989535,0.001000,1.000000,0.200047
1.000000,0.144520,0.001000,1.000000,1.000000
1.000000,0.480116,0.001000,0.001000,1.000000
1.000000,0.001000,0.811176,1.000000,0.277562
0.059515,0.001000,0.001000,1.000000,0.641958
0.311446,1.000000,0.001000,0.001000,1.000000
1.000000,0.001000,0.693603,1.000000,0.001000
1.000000,0.392578,1.000000,1.000000,0.001000
1.000000,1.000000,0.001000,0.709096,0.328143
0.001000,0.543830,0.001000,1.000000,0.209139
1.000000,0.332207,1.000000,1.000000,0.001000
1.000000,0.973154,0.080895,1.000000,0.256267
1.000000,0.696585,0.000177,0.272430,0.422895
1.000000,1.000000,0.934274,1.000000,0.788842
1.000000,0.650737,0.588508,1.000000,0.640405
1.000000,1.000000,0.001000,1.000000,0.001000
1.000000,0.001000,1.000000,1.000000,0.001000
0.327693,0.386820,0.252955,0.982287,0.156128
0.547536,0.637214,0.917377,0.159821,0.001000
0.569986,1.000000,0.730262,0.885459,0.001000
1.000000,0.001000,0.778800,0.279599,0.001000
1.000000,0.999132,0.001000,0.847657,0.486056
0.652429,1.000000,0.001000,1.000000,0.001000
1.000000,0.878687,0.001000,1.000000,0.001000
1.000000,1.000000,0.541221,0.554160,0.001000
1.000000,0.930298,0.925911,0.001000,0.001000
1.000000,1.000000,0.180868,1.000000,0.743714
1.000000,0.693627,0.890736,1.000000,1.000000
0.001000,0.210820,0.788613,1.000000,0.001000
1.000000,1.000000,0.001000,1.000000,0.032104
0.092162,0.001000,0.411711,1.000000,0.806298
1.000000,0.001000,0.001000,0.361400,0.001000
0.866329,0.146395,0.922659,1.000000,0.001000
1.000000,0.437967,1.000000,0.903594,0.494859
1.000000,0.680434,0.001000,0.001000,0.001000
1.000000,0.001000,0.001000,1.000000,0.001000
0.001000,1.000000,1.000000,1.000000,0.001000
0.893597,1.000000,0.793007,1.000000,0.001000
1.000000,1.000000,0.418651,1.000000,0.001000
1.000000,0.429735,0.001000,0.319999,1.000000
0.863609,0.001000,0.001000,0.862137,0.001000
0.632814,0.662181,0.951481,1.000000,0.001000
0.226317,1.000000,0.197721,1.000000,0.001000
1.000000,0.001000,0.541438,0.347796,0.246673
1.000000,0.001000,0.001000,1.000000,0.001000
1.000000,0.001000,0.001000,0.820971,1.000000
1.000000,0.001000,0.001000,1.000000,0.001000
0.450188,0.001000,0.311706,0.001000,0.082002
1.000000,0.001000,0.001000,0.127257,0.781107
0.699584,1.000000,1.000000,1.000000,0.001000
1.000000,1.000000,1.000000,0.113827,0.001000
0.812535,0.080835,1.000000,0.500701,0.633365
0.846477,1.000000,1.000000,0.876928,0.001000
1.000000,0.001000,0.355781,1.000000,0.001000
1.000000,0.001000,0.001000,1.000000,0.751421
1.000000,0.530835,0.862082,0.891010,0.001000
1.000000,1.000000,0.001000,1.000000,0.001000
1.000000,0.001000,0.001000,0.001000,0.652024
0.001000,0.001000,0.762672,0.575269,0.450578
1.000000,1.000000,0.701297,0.973016,0.001000
1.000000,0.545426,0.001000,1.000000,1.000000
1.000000,1.000000,0.001000,1.000000,0.063903
1.000000,1.000000,0.434411,0.132005,0.341329
1.000000,1.000000,0.001000,1.000000,0.001000
0.049712,0.271425,1.000000,0.433758,1.000000
1.000000,0.001000,0.247956,1.000000,0.776374
1.000000,0.008955,0.001000,1.000000,0.001000
0.600477,0.097240,1.000000,1.000000,0.001000
1.000000,0.001000,0.635458,0.132175,0.271742
0.837859,0.001000,0.533749,1.000000,0.925393
1.000000,0.572716,1.000000,0.001000,1.000000
0.688814,1.000000,1.000000,1.000000,0.001000
0.790238,0.969938,0.001000,0.001000,0.001000
1.000000,0.111002,0.001000,0.107246,0.001000
1.000000,1.000000,0.942632,0.001000,1.000000
1.000000,0.001000,0.001000,1.000000,0.001000
0.881180,0.588638,0.001000,1.000000,0.001000
1.000000,0.001000,0.001000,0.734363,0.001000
0.001000,0.001000,0.363240,0.001000,1.000000
0.141666,1.000000,0.040289,1.000000,0.001000
1.000000,1.000000,0.001000,1.000000,0.001000
1.000000,1.000000,0.001000,1.000000,0.001000
1.000000,0.001000,0.248244,1.000000,0.001000
1.000000,1.000000,0.369125,0.001000,1.000000
1.000000,0.288650,1.000000,1.000000,0.001000
1.000000,0.001000,0.258663,1.000000,0.001000
0.167727,0.666407,0.001000,0.077939,1.000000
0.010480,0.952981,0.637825,0.001000,0.001000
0.896515,0.100611,0.001000,1.000000,0.001000
1.000000,1.000000,0.515929,1.000000,0.855295
0.001000,0.001000,0.001000,0.790409,0.001000
0.783131,0.001000,0.001000,0.772270,0.001000
0.020629,0.339971,1.000000,1.000000,1.000000
0.553054,0.913033,0.950297,1.000000,0.922803
0.747930,0.512919,0.348060,1.000000,1.000000
0.001000,1.000000,0.838016,0.443576,0.001000
0.832424,0.001000,0.413659,1.000000,0.001000
0.611729,0.004654,0.534979,1.000000,0.573790
1.000000,1.000000,0.439246,1.000000,0.001000
0.579818,0.512286,0.001000,0.001000,0.001000
1.000000,1.000000,0.001000,1.000000,1.000000
0.334597,0.489496,0.001000,0.415257,0.001000
0.001000,1.000000,1.000000,0.486647,1.000000
0.001000,0.215342,0.001000,1.000000,0.376297
1.000000,0.545337,0.319825,0.604462,0.001000
1.000000,0.752005,0.001000,1.000000,0.001000
1.000000,0.001000,0.001000,0.970571,0.926404
1.000000,0.908499,0.001000,1.000000,0.001000
1.000000,1.000000,0.001000,1.000000,0.001000
0.289536,0.001000,0.001000,1.000000,0.475894
0.736269,0.040143,0.403103,0.945013,1.000000
0.720181,1.000000,0.001000,0.307585,0.001000
0.610496,1.000000,1.000000,1.000000,0.001000
1.000000,0.001000,0.106575,1.000000,1.000000
1.000000,0.200075,0.001000,0.382893,0.001000
1.000000,0.939062,0.633347,0.512158,0.001000
0.001000,0.001000,0.823758,1.000000,1.000000
1.000000,0.001000,0.630327,1.000000,0.313511
0.441185,1.000000,0.126911,1.000000,0.209152
1.000000,1.000000,1.000000,0.001000,0.542749
0.001000,1.000000,0.500396,1.000000,1.000000
1.000000,0.600710,0.001000,1.000000,0.445020
1.000000,1.000000,0.001000,1.000000,0.001000
0.493842,1.000000,0.001000,0.467910,1.000000
0.882733,1.000000,1.000000,0.001000,0.001000
1.000000,0.551464,0.001000,0.829666,0.001000
0.525870,1.000000,0.326224,0.251286,0.001000
1.000000,0.284855,0.666329,1.000000,0.001000
1.000000,0.471780,0.001000,0.493003,0.077046
1.000000,0.543560,0.001000,1.000000,0.094671
1.000000,1.000000,0.001000,0.364838,1.000000
0.219162,0.561623,1.000000,1.000000,0.001000
0.487004,0.001000,1.000000,0.630671,0.355443
1.000000,0.001000,0.046931,0.490431,0.054916
0.001000,0.001000,0.001000,0.705067,0.391347
0.736521,0.118403,0.001000,1.000000,0.125935
1.000000,1.000000,0.319895,0.841968,1.000000
0.831307,0.423352,0.001000,0.320665,0.361806
1.000000,0.001000,0.001000,0.608503,0.353169
0.972440,0.309330,0.001000,0.910902,0.854384
0.267213,1.000000,0.952684,0.001000,0.001000
0.467058,0.001000,0.001000,0.230560,0.041038
1.000000,1.000000,0.001000,1.000000,0.001000
1.000000,0.984111,0.001000,1.000000,0.530281
0.796965,0.990002,0.001000,0.157137,0.001000
0.695734,1.000000,0.001000,1.000000,0.740110
0.868456,1.000000,1.000000,1.000000,0.239683
1.000000,0.008952,1.000000,1.000000,0.001000
0.978092,0.001000,0.001000,1.000000,0.046981
0.001000,1.000000,0.001000,1.000000,0.001000
0.001000,0.430156,0.001000,0.870573,0.006304
1.000000,1.000000,1.000000,0.607737,0.001000
0.964571,1.000000,0.632664,1.000000,1.000000
0.591336,0.718139,1.000000,0.872958,0.001000
0.001000,1.000000,1.000000,1.000000,0.433325
0.282691,1.000000,0.111190,1.000000,0.001000
0.001000,0.001000,0.836628,0.602066,0.720564
1.000000,1.000000,0.001000,0.001000,0.001000
1.000000,0.001000,0.622846,0.347058,0.454174
1.000000,0.686175,0.001000,1.000000,1.000000
0.883328,0.001000,0.906307,1.000000,1.000000
1.000000,1.000000,1.000000,0.537593,0.240227
1.000000,0.001000,1.000000,1.000000,0.175463
0.597169,0.001000,0.001000,1.000000,0.035380
0.110523,0.505368,1.000000,0.830178,0.001000
1.000000,0.559885,0.001000,1.000000,0.109666
1.000000,0.001000,0.020296,1.000000,0.001000
0.001000,1.000000,0.001000,1.000000,0.091085
1.000000,1.000000,0.001000,0.216090,0.001000
0.001000,0.413499,0.594983,1.000000,0.001000
