0.056076,0.000014,0.644177,0.504646,0.450004,0.646837,0.422946,0.782063
0.165539,0.001000,0.717230,1.000000,0.466615,1.000000,0.587542,1.000000
0.570599,0.442238,1.000000,0.001000,0.001000,0.746948,0.001000,1.000000
0.001000,0.001000,0.398139,1.000000,0.022387,0.568849,0.001000,1.000000
1.000000,0.001000,0.016432,0.732550,1.000000,1.000000,1.000000,0.001000
0.001000,0.001000,0.001000,1.000000,0.939588,1.000000,0.500863,0.973152
0.001000,0.001000,0.145973,0.001000,0.656328,0.626796,0.001000,1.000000
0.001000,0.591755,1.000000,1.000000,0.658918,0.450232,0.141752,0.582282
0.001000,0.001000,0.001000,1.000000,0.181646,1.000000,0.001000,0.634441
0.597208,0.001000,1.000000,0.120003,1.000000,0.644386,0.714230,0.001000
0.001000,0.334538,1.000000,1.000000,0.001000,0.675701,0.524894,0.001000
0.909652,0.001000,0.001000,0.001000,0.001000,0.001000,1.000000,1.000000
0.001000,0.607538,0.001000,0.981723,0.934698,1.000000,0.001000,0.285519
0.001000,1.000000,0.353467,0.001000,0.001000,1.000000,0.001000,1.000000
0.001000,0.152068,1.000000,0.474679,0.618173,0.802001,0.201862,1.000000
0.365357,0.001000,1.000000,0.955915,0.001000,0.001000,0.772696,1.000000
0.001000,0.001000,0.001000,0.679968,0.022191,1.000000,0.971665,0.298535
0.816011,0.001000,0.001000,0.001000,1.000000,0.302858,1.000000,1.000000
0.001000,0.001000,0.001000,0.522263,0.487278,1.000000,0.661859,1.000000
0.806415,0.467143,0.001000,0.634223,0.001000,1.000000,1.000000,0.001000
0.313947,0.001000,0.055968,1.000000,0.498111,1.000000,0.001000,0.323706
0.433761,0.317046,0.656504,1.000000,1.000000,0.457604,0.714915,1.000000
0.305190,0.001000,0.184449,0.888187,0.058319,1.000000,1.000000,0.541199
0.001000,0.001000,0.082107,1.000000,0.001000,1.000000,0.236822,0.774111
0.001000,1.000000,1.000000,1.000000,0.572485,0.001000,0.001000,0.001000
0.161876,0.001000,0.001000,0.603223,0.478910,0.687786,1.000000,0.396925
1.000000,0.389070,1.000000,1.000000,0.754731,1.000000,1.000000,0.001000
0.001000,0.222816,0.463762,0.001000,0.001000,0.990521,1.000000,1.000000
1.000000,0.477264,1.000000,1.000000,1.000000,0.164892,0.404629,0.351896
0.849944,1.000000,0.001000,0.001000,0.001000,1.000000,0.260445,0.753008
0.001000,0.001000,0.118242,0.604147,1.000000,0.362970,0.875332,0.001000
0.001000,0.214494,0.599241,1.000000,0.001000,1.000000,0.603340,0.001000
1.000000,0.001000,0.001000,0.314247,0.925672,1.000000,0.001000,0.133847
1.000000,0.580554,0.001000,0.258443,1.000000,0.144053,0.208752,0.734655
0.976562,0.535813,1.000000,0.568488,1.000000,0.001000,0.061051,0.310374
0.539881,0.001000,0.267725,0.389032,0.646767,1.000000,0.001000,1.000000
0.001000,0.001000,0.952257,1.000000,0.997571,1.000000,0.001000,0.001000
1.000000,0.001000,1.000000,0.172952,1.000000,0.001000,0.847192,0.001000
0.001000,0.001000,0.001000,0.412876,0.196167,0.659856,0.675629,0.214589
0.001000,0.001000,1.000000,0.001000,0.001000,1.000000,0.001000,1.000000
0.001000,0.001000,0.974854,0.001000,0.142647,0.001000,1.000000,1.000000
0.788871,0.395483,0.864217,0.001000,1.000000,0.708604,0.864419,0.375076
0.001000,0.001000,1.000000,0.263850,1.000000,0.703101,0.961681,1.000000
0.001000,0.001000,1.000000,0.918507,0.603481,1.000000,0.001000,0.480620
0.061473,0.001000,0.001000,1.000000,1.000000,0.508767,1.000000,0.030871
1.000000,0.307939,0.338905,0.001000,0.316745,0.283505,1.000000,1.000000
0.001000,1.000000,0.978496,1.000000,0.290406,0.373130,0.074566,0.306960
0.001000,0.001000,0.483373,0.001000,1.000000,0.671356,0.700313,0.001000
0.001000,0.001000,1.000000,0.641123,0.606730,1.000000,0.899761,0.541375
1.000000,0.719262,0.639501,1.000000,1.000000,0.120128,0.001000,0.001000
0.208380,0.127121,0.732484,0.001000,0.172289,0.161879,1.000000,1.000000
1.000000,1.000000,1.000000,0.001000,0.767170,1.000000,0.001000,0.911737
0.001000,0.434484,0.001000,1.000000,0.001000,0.144766,1.000000,1.000000
0.354149,0.659706,1.000000,0.001000,0.001000,1.000000,1.000000,1.000000
0.001000,0.001000,0.457344,0.527813,0.001000,1.000000,0.001000,0.001000
0.001000,0.001000,1.000000,0.001000,0.525848,0.997634,0.001000,0.538776
0.318904,0.001000,0.816604,1.000000,0.936151,0.001000,0.051705,1.000000
0.001000,0.028103,0.001000,1.000000,0.350808,1.000000,1.000000,0.272035
0.001000,0.001000,1.000000,1.000000,1.000000,0.660339,0.523016,0.787792
0.001000,0.001000,0.462754,0.269428,1.000000,1.000000,1.000000,0.975370
0.001000,0.560277,0.880752,0.001000,0.773742,1.000000,0.001000,1.000000
0.010958,0.855440,1.000000,1.000000,0.921011,0.388269,0.001000,1.000000
0.648626,0.001000,1.000000,1.000000,1.000000,1.000000,0.001000,0.001000
0.313567,0.039560,1.000000,1.000000,0.147619,0.484338,0.405994,1.000000
1.000000,0.001000,0.001000,0.260377,0.061617,1.000000,0.370926,1.000000
1.000000,0.601795,1.000000,1.000000,0.922899,0.403125,1.000000,1.000000
0.446124,0.009490,1.000000,0.796020,1.000000,1.000000,0.432325,0.909977
0.001000,0.592710,1.000000,0.359817,0.001000,0.664861,1.000000,0.292493
0.342586,0.066615,1.000000,0.001000,0.400422,1.000000,0.001000,1.000000
0.908819,0.147087,0.001000,1.000000,0.001000,0.046462,0.505649,0.201266
1.000000,0.764011,0.834320,1.000000,1.000000,1.000000,0.944670,0.666653
0.001000,0.001000,1.000000,0.001000,0.001000,0.001000,1.000000,0.641177
0.699247,0.670629,0.895186,0.335911,1.000000,1.000000,1.000000,0.953288
0.001000,0.229852,0.279306,0.870980,1.000000,1.000000,1.000000,0.532789
1.000000,0.582002,1.000000,1.000000,0.001000,1.000000,0.485434,0.205119
0.892343,0.001000,0.550644,0.925839,0.001000,0.891991,0.415944,0.416695
0.001000,0.001000,1.000000,0.001000,0.199799,0.178276,0.524957,0.001000
0.001000,1.000000,1.000000,0.487665,0.377681,0.001000,0.001000,0.359249
0.001000,0.809746,1.000000,1.000000,0.001000,1.000000,0.001000,0.312391
1.000000,0.001000,1.000000,0.001000,0.001000,1.000000,0.001000,0.001000
0.392912,0.055007,0.923443,0.001000,1.000000,0.001000,0.990042,1.000000
0.043113,0.001000,1.000000,1.000000,0.001000,1.000000,0.001000,1.000000
0.299914,0.001000,1.000000,0.001000,0.001000,0.001000,1.000000,0.001000
1.000000,0.001000,1.000000,0.001000,0.261906,0.491450,0.001000,1.000000
1.000000,0.001000,1.000000,0.001000,0.001000,1.000000,0.449982,1.000000
1.000000,0.001000,0.202771,1.000000,1.000000,0.916515,0.001000,0.774503
0.800827,0.001000,0.394328,1.000000,0.872697,0.001000,1.000000,0.405181
0.001000,0.001000,0.001000,0.911705,1.000000,0.001000,0.127509,0.859934
0.001000,0.001000,0.738294,0.001000,0.491969,1.000000,0.058756,1.000000
0.082715,0.001000,0.855991,0.001000,0.109074,1.000000,1.000000,1.000000
0.001000,0.001000,1.000000,0.291099,1.000000,1.000000,0.987333,1.000000
1.000000,0.001000,0.747752,0.939635,0.001000,0.927776,0.580940,0.001000
0.637573,0.001000,0.125251,1.000000,0.917764,0.646783,0.594468,0.001000
1.000000,0.001000,1.000000,1.000000,0.273280,0.916457,1.000000,1.000000
0.734378,0.854389,1.000000,1.000000,0.001000,1.000000,0.001000,1.000000
0.329003,0.486917,0.001000,1.000000,1.000000,0.293984,1.000000,1.000000
0.655381,0.561761,0.551497,0.510968,0.476652,0.001000,0.001000,0.867255
0.001000,0.001000,1.000000,1.000000,1.000000,0.001000,1.000000,1.000000
0.067507,0.200900,0.502872,0.001000,0.831909,0.001000,0.001000,0.297822
0.001000,0.346188,1.000000,1.000000,1.000000,0.037917,0.423711,0.001000
0.001000,1.000000,1.000000,1.000000,1.000000,0.001000,1.000000,0.448393
0.001000,0.001000,0.036058,0.027316,1.000000,0.001000,1.000000,0.565310
0.001000,0.693718,0.851797,0.481993,0.138761,0.001000,0.136515,0.001000
0.001000,0.001000,1.000000,0.178094,0.969487,1.000000,0.362091,0.001000
1.000000,0.001000,0.001000,0.001000,1.000000,1.000000,0.001000,0.001000
0.001000,0.001000,0.001000,0.997873,0.930337,0.731704,0.521947,0.001000
0.260184,0.001000,0.565504,0.749353,1.000000,1.000000,1.000000,0.714640
1.000000,0.805379,0.001000,1.000000,0.001000,1.000000,0.657693,1.000000
0.001000,0.001000,0.504403,0.952804,0.028283,0.635563,0.001000,1.000000
0.048600,0.001000,0.001000,0.512219,1.000000,1.000000,0.561047,0.001000
0.001000,1.000000,1.000000,1.000000,0.310225,1.000000,0.001000,1.000000
1.000000,0.001000,1.000000,1.000000,0.703524,0.001000,1.000000,0.001000
0.624731,0.222589,1.000000,0.764406,0.001000,1.000000,0.001000,1.000000
0.572560,0.001000,1.000000,0.685595,1.000000,1.000000,0.001000,0.001000
0.001000,0.186022,0.001000,0.476012,1.000000,0.001000,0.857058,0.112852
0.886845,0.001000,0.506910,1.000000,0.419774,1.000000,0.201714,0.001000
0.621807,0.001000,0.089588,1.000000,0.773455,1.000000,0.001000,0.001000
0.001000,0.001000,0.378875,1.000000,1.000000,0.001000,0.001000,0.536764
0.370228,1.000000,1.000000,1.000000,0.001000,1.000000,1.000000,1.000000
0.460301,1.000000,0.185057,0.001000,1.000000,0.761228,0.280788,1.000000
0.001000,1.000000,1.000000,0.046474,0.443258,1.000000,0.254637,1.000000
0.001000,1.000000,0.439803,0.222380,0.001000,1.000000,1.000000,0.499801
0.285240,0.001000,1.000000,1.000000,0.087835,1.000000,0.001000,0.222764
0.001000,0.001000,1.000000,1.000000,0.285448,1.000000,0.899517,0.001000
1.000000,0.244360,0.163808,0.001000,0.836755,1.000000,0.001000,0.001000
0.327282,1.000000,0.001000,0.001000,0.310270,0.188318,0.001000,1.000000
0.001000,0.001000,0.001000,0.001000,0.001000,1.000000,0.001000,1.000000
0.062652,0.001000,0.199211,0.001000,1.000000,0.001000,0.090858,0.451034
0.001000,0.001000,0.209640,0.794079,0.032162,0.964278,0.001000,0.874267
0.001000,0.001000,0.001000,1.000000,0.001000,1.000000,0.001000,0.001000
0.001000,1.000000,0.554603,1.000000,0.878967,0.001000,0.897889,1.000000
0.001000,0.001000,1.000000,1.000000,0.434102,0.001000,0.037978,0.771939
0.001000,0.001000,0.227675,0.001000,0.001000,1.000000,0.005910,1.000000
0.597828,0.001000,1.000000,0.474245,1.000000,1.000000,0.709683,1.000000
1.000000,0.001000,1.000000,1.000000,0.001000,0.560004,1.000000,0.436518
1.000000,1.000000,0.906127,1.000000,1.000000,1.000000,0.876685,0.873263
0.001000,0.001000,0.638458,0.606015,1.000000,0.977497,0.175605,0.001000
0.001000,0.001000,1.000000,0.442354,1.000000,0.001000,0.001000,0.001000
0.001000,0.001000,0.264674,0.001000,0.645019,1.000000,0.764469,0.001000
0.001000,0.001000,0.001000,0.057537,1.000000,0.402363,1.000000,1.000000
0.001000,0.183249,1.000000,0.001000,1.000000,0.563633,1.000000,0.307665
1.000000,0.065784,0.408536,0.082964,0.697880,0.066343,0.001000,0.076353
1.000000,1.000000,1.000000,0.001000,0.001000,1.000000,0.001000,1.000000
0.085471,0.001000,0.001000,0.184112,0.094400,0.001000,0.001000,0.146091
1.000000,1.000000,0.340499,1.000000,0.026156,0.369468,0.425142,0.436863
0.001000,0.001000,0.821623,0.001000,0.738046,1.000000,0.001000,0.507277
0.001000,0.001000,0.001000,0.282975,0.799681,0.495907,0.815941,0.515800
0.001000,0.379096,0.682915,1.000000,1.000000,1.000000,1.000000,0.558952
0.001000,0.688848,1.000000,0.120188,0.001000,0.001000,1.000000,1.000000
0.001000,0.340376,0.496733,0.748815,1.000000,0.712590,1.000000,0.653382
1.000000,0.001000,0.331215,0.324189,0.001000,1.000000,0.857769,0.712233
0.001000,0.250445,0.970910,1.000000,1.000000,1.000000,0.001000,1.000000
0.073509,1.000000,1.000000,0.001000,0.340605,0.208864,0.639357,0.001000
1.000000,0.001000,0.185334,0.001000,0.119866,1.000000,1.000000,1.000000
0.001000,0.001000,1.000000,0.001000,0.949114,0.001000,1.000000,1.000000
0.001000,0.630660,0.524070,0.484814,0.001000,1.000000,0.954748,0.001000
1.000000,1.000000,1.000000,0.001000,0.001000,0.001000,0.001000,0.699480
0.037660,0.001000,0.620804,0.832470,0.471685,1.000000,0.001000,1.000000
0.001000,0.001000,0.981128,1.000000,1.000000,0.273415,0.538395,0.712345
1.000000,0.001000,0.635708,0.001000,0.695721,0.001000,0.001000,0.714085
0.001000,1.000000,1.000000,1.000000,0.234662,1.000000,0.001000,1.000000
0.001000,1.000000,0.001000,0.001000,0.230082,1.000000,0.001000,0.511843
0.001000,0.001000,1.000000,0.001000,1.000000,1.000000,0.483223,0.337339
0.335923,0.001000,0.437573,1.000000,0.001000,1.000000,1.000000,1.000000
0.227798,1.000000,1.000000,0.288607,1.000000,1.000000,0.603781,0.001000
0.001000,1.000000,1.000000,0.001000,0.488471,1.000000,0.662987,0.458588
0.001000,0.001000,0.366766,0.001000,1.000000,0.001000,1.000000,1.000000
1.000000,1.000000,1.000000,0.001000,1.000000,1.000000,1.000000,1.000000
0.001000,0.001000,0.139690,0.001000,0.001000,0.089276,0.001000,1.000000
0.001000,1.000000,0.001000,0.001000,0.001000,0.269472,1.000000,1.000000
0.751119,1.000000,1.000000,0.165926,0.001000,1.000000,1.000000,1.000000
0.001000,0.001000,0.783013,0.666115,1.000000,0.485384,0.390580,0.185087
0.001000,0.001000,1.000000,1.000000,0.444660,0.567313,0.001000,1.000000
0.432365,0.359503,1.000000,1.000000,0.001000,0.506329,0.591611,0.001000
0.500084,0.001000,0.001000,0.001000,1.000000,1.000000,0.001000,1.000000
0.001000,0.001000,1.000000,1.000000,0.386301,0.001000,0.839391,0.001000
1.000000,0.258944,0.001000,0.001000,0.688977,1.000000,0.523125,0.602264
0.001000,0.001000,0.001000,0.001000,0.001000,1.000000,1.000000,1.000000
0.600497,0.655590,1.000000,0.001000,1.000000,0.393530,0.507400,1.000000
0.001000,0.001000,1.000000,0.001000,0.001000,0.250709,0.001000,1.000000
0.001000,1.000000,0.001000,0.001000,1.000000,0.598506,0.270842,0.506796
0.906807,1.000000,1.000000,1.000000,0.001000,1.000000,1.000000,0.868123
1.000000,0.001000,1.000000,0.001000,0.257339,1.000000,1.000000,0.001000
0.994957,0.323142,0.151419,0.162050,0.464599,0.001000,0.001000,1.000000
0.020338,0.001000,0.512136,1.000000,1.000000,0.842469,0.076260,0.001000
0.001000,0.001000,0.165186,1.000000,0.552272,0.471241,0.001000,0.001000
0.001000,0.795360,0.787129,1.000000,1.000000,0.302827,0.397788,1.000000
0.229404,0.001000,0.845453,0.286584,0.663771,1.000000,0.001000,1.000000
1.000000,1.000000,0.623664,1.000000,1.000000,1.000000,0.895583,0.062187
0.001000,0.804848,0.908917,0.687463,0.311976,1.000000,1.000000,1.000000
0.001000,0.001000,0.001000,0.041011,0.001000,1.000000,0.001000,1.000000
0.647092,0.001000,1.000000,0.899130,0.001000,1.000000,0.001000,0.292171
1.000000,0.001000,0.860535,1.000000,0.465509,0.887544,1.000000,0.145892
0.001000,0.685757,0.001000,0.001000,0.246283,0.175353,0.921346,0.001000
0.001000,1.000000,0.843741,0.545782,0.001000,0.647181,0.409209,0.001000
0.001000,0.001000,0.001000,0.001000,0.254417,0.878486,1.000000,0.696508
0.001000,0.359132,1.000000,0.001000,1.000000,0.293145,1.000000,1.000000
0.001000,0.170183,1.000000,0.698027,1.000000,0.624859,0.560548,0.559519
0.069410,0.001000,0.001000,1.000000,0.673001,0.001000,1.000000,1.000000
0.001000,0.770426,0.569887,1.000000,0.461568,1.000000,0.365307,1.000000
0.001000,0.001000,1.000000,0.001000,0.916683,1.000000,0.438516,0.176063
0.001000,0.796248,0.306828,1.000000,0.469780,0.001000,0.628646,1.000000
0.947401,0.293814,0.001000,1.000000,0.001000,1.000000,0.001000,1.000000
1.000000,0.325248,0.001000,0.377573,0.279891,1.000000,0.001000,0.659975
1.000000,0.334600,0.707932,0.146585,0.492829,0.234884,0.346277,1.000000
0.832120,0.001000,0.857740,0.346523,0.001000,0.001000,1.000000,0.744098
0.001000,0.397614,1.000000,0.812156,0.001000,0.001000,0.001000,0.985254
0.001000,0.001000,0.001000,1.000000,0.001000,0.989718,0.336052,1.000000
0.284825,0.871849,1.000000,0.001000,1.000000,1.000000,0.692232,0.867912
0.001000,0.899434,0.850598,0.166180,1.000000,0.911702,0.001000,1.000000
1.000000,0.001000,0.176810,1.000000,0.241056,0.001000,0.582377,0.001000
1.000000,1.000000,0.275361,1.000000,0.576199,0.001000,0.001000,0.001000
0.001000,0.008546,1.000000,1.000000,0.684366,0.001000,0.308231,1.000000
0.114660,1.000000,1.000000,1.000000,0.227423,0.513852,0.553097,1.000000
0.001000,0.001000,0.035232,0.339900,0.056388,1.000000,0.001000,0.694553
0.001000,0.001000,0.001000,1.000000,0.001000,0.001000,0.001000,0.001000
0.001000,0.001000,1.000000,1.000000,0.289304,1.000000,0.001000,0.001000
1.000000,0.001000,0.834311,0.694085,0.809169,0.982522,1.000000,1.000000
0.373329,0.443440,0.001000,0.283916,1.000000,0.001000,1.000000,1.000000
0.001000,0.001000,0.581854,0.001000,0.722204,0.297856,0.080517,1.000000
0.087567,0.001000,0.755137,0.824628,0.978423,0.001000,0.001000,1.000000
0.001000,0.001000,1.000000,0.535258,0.001000,1.000000,1.000000,1.000000
0.388692,0.001000,0.001000,1.000000,0.741226,0.001000,0.001000,1.000000
0.243172,0.001000,1.000000,0.001000,1.000000,0.001000,1.000000,1.000000
0.531875,0.465098,0.001000,0.001000,0.001000,0.751351,0.001000,0.841915
0.001000,0.001000,1.000000,0.218729,0.001000,0.001000,0.001000,0.988337
1.000000,0.100958,0.317093,1.000000,1.000000,1.000000,0.716147,0.590047
0.658278,0.067094,0.684719,0.812526,0.001000,1.000000,1.000000,0.001000
0.001000,0.001000,0.001000,1.000000,0.312280,0.001000,0.001000,1.000000
0.344066,0.367059,0.001000,0.119570,0.001000,0.724584,0.001000,0.390725
0.001000,0.556684,0.645920,0.001000,1.000000,0.189521,0.519779,1.000000
0.834951,0.111990,1.000000,0.001000,0.001000,0.761410,0.764135,1.000000
1.000000,0.001000,0.001000,0.734220,0.797351,1.000000,0.001000,0.119546
0.001000,0.001000,0.001000,1.000000,0.001000,0.001000,0.638764,0.796174
0.699835,0.184650,0.001000,0.001000,1.000000,1.000000,1.000000,0.988093
0.571127,0.912468,0.001000,1.000000,0.820659,1.000000,0.159531,0.001000
0.980729,1.000000,0.824862,0.055699,0.001000,1.000000,0.001000,0.921234
0.670092,0.001000,1.000000,0.001000,1.000000,0.191336,0.534754,1.000000
0.001000,0.001000,0.601528,1.000000,0.001000,0.001000,0.418140,0.001000
0.349565,0.001000,1.000000,0.001000,0.001000,1.000000,0.001000,0.395966
0.001000,0.157335,1.000000,0.001000,1.000000,0.001000,1.000000,1.000000
1.000000,0.001000,0.001000,0.001000,0.001000,1.000000,1.000000,0.666014
0.001000,0.659138,1.000000,1.000000,0.001000,0.001000,1.000000,0.001000
0.001000,0.001000,0.485140,0.001000,0.001000,0.539298,1.000000,1.000000
0.337897,0.149881,0.673420,1.000000,0.001000,1.000000,0.001000,1.000000
0.001000,0.635742,0.636058,1.000000,1.000000,0.157045,0.272820,0.001000
1.000000,1.000000,1.000000,0.001000,1.000000,1.000000,0.801655,0.424618
0.356799,0.001000,1.000000,1.000000,1.000000,0.001000,0.699331,0.721984
0.001000,0.001000,0.188623,1.000000,0.957232,0.927809,0.001000,1.000000
0.001000,0.368918,0.208350,0.435954,0.001000,0.270568,0.001000,0.001000
0.001000,0.001000,0.001000,0.918163,0.001000,0.411471,0.118722,0.001000
0.561706,0.587989,1.000000,0.212222,0.001000,0.679243,0.001000,1.000000
0.001000,1.000000,0.001000,0.367715,1.000000,0.236529,1.000000,1.000000
0.077155,0.001000,1.000000,0.001000,1.000000,0.293189,1.000000,0.351896
0.001000,0.009042,0.287413,1.000000,0.956294,1.000000,0.001000,1.000000
0.401694,0.001000,0.841055,0.001000,0.001000,1.000000,0.358239,1.000000
0.530807,0.277771,0.158305,0.284735,0.001000,0.927969,0.001000,0.898468
0.001000,0.052009,0.001000,1.000000,0.203097,1.000000,0.466270,0.001000
0.001000,0.001000,0.519779,0.001000,0.001000,0.573183,1.000000,0.747885
0.001000,0.995217,1.000000,0.001000,0.598399,0.001000,0.302363,0.724424
0.330955,0.114934,0.594838,1.000000,1.000000,0.001000,1.000000,0.524427
0.897022,0.001000,1.000000,0.186378,0.967863,0.276374,0.989115,0.445425
1.000000,0.143259,0.347133,0.690270,0.800469,0.001000,1.000000,0.001000
0.001000,0.001000,0.177317,0.001000,1.000000,1.000000,1.000000,0.001000
0.638241,0.001000,0.635563,0.448662,0.001000,1.000000,0.947670,0.105346
1.000000,0.001000,0.110910,0.732627,1.000000,0.001000,0.389887,0.111867
0.001000,0.001000,1.000000,0.514065,0.001000,0.001000,0.858176,0.186418
0.555294,1.000000,0.001000,0.125854,0.157234,1.000000,1.000000,1.000000
0.001000,0.578893,0.132701,0.010512,1.000000,0.001000,1.000000,0.001000
0.476248,1.000000,1.000000,1.000000,0.931923,0.244780,0.001000,1.000000
0.191973,0.001000,0.001000,0.040483,0.001000,1.000000,1.000000,1.000000
0.020252,0.001000,1.000000,0.125396,0.001000,1.000000,0.899951,1.000000
0.798766,0.001000,1.000000,0.258230,0.548045,0.298045,1.000000,1.000000
0.821212,0.001000,1.000000,1.000000,0.424977,0.001000,0.001000,0.154880
0.959647,1.000000,0.804001,1.000000,0.646185,0.001000,0.060301,0.001000
1.000000,0.001000,0.001000,0.001000,1.000000,0.001000,0.001000,0.435514
1.000000,0.001000,1.000000,1.000000,0.001000,1.000000,0.001000,1.000000
0.001000,0.001000,0.001000,0.652433,0.001000,0.418779,0.001000,1.000000
0.276794,1.000000,0.668946,0.001000,0.090672,0.528689,1.000000,0.187349
0.432734,1.000000,0.001000,0.803222,0.529246,0.798709,0.664947,1.000000
1.000000,0.001000,0.484151,1.000000,0.001000,0.648946,1.000000,0.588988
0.497004,0.001000,1.000000,0.561807,0.948446,1.000000,1.000000,0.001000
1.000000,0.001000,1.000000,1.000000,0.001000,0.001000,1.000000,1.000000
1.000000,0.001000,1.000000,0.001000,0.478118,0.310581,1.000000,1.000000
0.001000,0.001000,0.001000,1.000000,0.696617,0.758909,0.001000,0.232000
0.001000,0.001000,0.424619,0.373076,0.208818,1.000000,1.000000,0.001000
0.001000,0.049872,1.000000,0.001000,0.001000,0.001000,0.001000,1.000000
0.001000,0.001000,1.000000,1.000000,0.974747,1.000000,1.000000,1.000000
1.000000,0.001000,1.000000,0.414293,0.254432,0.780111,0.117035,0.036993
0.001000,0.001000,0.308766,0.129776,1.000000,0.370134,1.000000,1.000000
0.063265,1.000000,1.000000,1.000000,1.000000,0.001000,0.596525,1.000000
0.001000,0.001000,0.705585,0.964236,0.001000,0.339382,0.562140,1.000000
0.671119,0.001000,0.001000,0.992158,1.000000,0.001000,0.809294,0.949626
1.000000,0.001000,1.000000,0.001000,0.001000,0.001000,1.000000,0.210714
1.000000,0.001000,0.872998,0.001000,0.001000,0.558147,1.000000,0.922538
0.461598,0.001000,0.301107,0.001000,0.537419,1.000000,0.001000,0.001000
1.000000,0.001000,0.193042,1.000000,1.000000,0.001000,0.976528,0.001000
0.001000,0.022707,1.000000,0.361828,1.000000,1.000000,0.001000,1.000000
1.000000,0.739025,0.001000,1.000000,0.479709,0.283780,1.000000,1.000000
0.121119,0.224651,0.395364,0.001000,0.001000,0.001000,0.111033,0.543901
0.659983,0.001000,0.225322,0.001000,0.474651,0.429561,1.000000,0.629650
0.329004,0.001000,0.001000,1.000000,1.000000,1.000000,1.000000,0.001000
0.001000,0.001000,1.000000,1.000000,0.001000,1.000000,1.000000,1.000000
0.090860,0.001000,0.984279,0.367590,1.000000,1.000000,0.001000,0.001000
0.001000,0.001000,0.001000,0.278041,0.001000,0.773450,1.000000,0.764801
0.035310,0.591864,0.310678,1.000000,0.001000,0.946612,0.001000,1.000000
1.000000,0.001000,1.000000,0.747323,0.001000,0.384891,1.000000,0.827533
0.001000,0.001000,0.187309,0.001000,1.000000,0.173701,0.317357,0.001000
0.001000,0.025974,0.353527,1.000000,0.436091,1.000000,1.000000,1.000000
0.040668,0.398645,0.231309,0.001000,0.001000,0.001000,0.663486,1.000000
1.000000,0.793189,1.000000,1.000000,0.001000,1.000000,0.969927,0.581189
0.380677,0.001000,1.000000,1.000000,0.790524,0.594760,0.804416,0.001000
0.315448,0.001000,0.530449,1.000000,1.000000,0.072935,0.001000,1.000000
0.001000,0.001000,0.001000,0.615172,1.000000,1.000000,1.000000,0.001000
0.001000,0.842156,1.000000,1.000000,0.834175,1.000000,0.001000,0.001000
0.001000,0.001000,0.001000,1.000000,1.000000,1.000000,1.000000,0.001000
0.311816,1.000000,0.210736,0.001000,0.338026,0.001000,0.238601,1.000000
0.001000,1.000000,0.001000,1.000000,1.000000,1.000000,0.001000,0.222180
0.001000,1.000000,1.000000,0.001000,1.000000,0.882302,0.473909,0.001000
1.000000,1.000000,0.688067,0.001000,0.487347,0.688289,0.001000,0.001000
0.102568,1.000000,1.000000,0.137220,0.831009,1.000000,1.000000,0.751764
1.000000,1.000000,1.000000,0.322876,0.792906,0.218435,0.100113,1.000000
1.000000,0.782222,0.665916,1.000000,0.319333,0.992396,0.559871,1.000000
0.142991,0.001000,0.199724,0.001000,0.894875,1.000000,0.001000,0.901094
0.001000,0.442252,0.001000,0.643883,0.001000,0.001000,0.001000,0.860845
0.001000,0.001000,0.329634,1.000000,0.001000,0.001000,1.000000,0.251523
0.001000,0.001000,1.000000,0.001000,0.001000,0.492541,0.744342,0.899970
0.001000,0.912084,1.000000,0.605272,0.001000,1.000000,0.448071,1.000000
0.501701,0.001000,0.001000,0.641025,1.000000,0.001000,0.056457,1.000000
0.930285,0.001000,0.276214,1.000000,1.000000,0.001000,0.896225,0.001000
0.513754,0.001000,1.000000,1.000000,1.000000,0.969069,0.001000,0.323092
0.034846,1.000000,0.622828,0.807309,0.380889,0.845341,0.001000,1.000000
0.001000,0.524595,1.000000,1.000000,0.001000,0.585873,0.001000,1.000000
0.001000,0.155100,0.001000,1.000000,1.000000,0.001000,0.001000,1.000000
0.001000,0.001000,0.001000,1.000000,1.000000,0.499647,1.000000,1.000000
0.001000,0.001000,1.000000,0.630110,1.000000,1.000000,0.080791,0.798548
0.567142,1.000000,0.126536,1.000000,1.000000,1.000000,0.190513,1.000000
0.001000,0.001000,0.001000,0.001000,1.000000,0.086096,0.220877,0.703677
0.001000,0.001000,0.168749,0.308357,1.000000,0.001000,0.812582,0.431946
0.559079,0.001000,0.001000,0.001000,0.538086,0.001000,1.000000,0.661358
0.001000,1.000000,0.001000,0.915716,1.000000,0.169886,0.995661,1.000000
0.496408,0.001000,1.000000,0.218449,0.001000,0.352305,0.257122,0.716746
0.001000,1.000000,0.001000,0.185418,0.294236,0.713544,0.164444,0.001000
0.633703,0.454724,0.476525,0.001000,0.001000,1.000000,0.086013,0.001000
0.001000,0.448199,0.570709,0.001000,0.001000,0.995546,0.143420,1.000000
0.001000,0.133490,0.894243,0.001000,0.001000,0.963981,0.153269,1.000000
0.001000,0.536556,1.000000,0.001000,0.664195,0.276211,1.000000,1.000000
1.000000,0.759701,1.000000,0.001000,1.000000,0.613898,0.001000,0.001000
0.001000,0.045792,0.402134,0.001000,0.001000,0.001000,1.000000,0.717866
0.001000,0.756774,1.000000,0.001000,0.577241,1.000000,0.001000,1.000000
0.427852,0.001000,0.770775,1.000000,0.001000,1.000000,1.000000,1.000000
0.330759,0.433347,0.439059,1.000000,1.000000,1.000000,1.000000,1.000000
0.698814,0.001000,0.228322,1.000000,0.847857,1.000000,0.322253,1.000000
1.000000,0.001000,0.001000,0.982929,1.000000,1.000000,0.421583,1.000000
0.056892,0.118690,0.001000,0.876430,0.203053,0.001000,0.526499,1.000000
0.001000,0.001000,1.000000,0.001000,1.000000,0.469736,0.293359,0.653516
0.293373,0.834111,1.000000,0.484304,0.001000,0.210575,0.001000,0.080872
1.000000,0.001000,0.940191,0.001000,0.212953,0.001000,0.106174,1.000000
0.001000,0.674850,0.001000,0.001000,0.265849,0.581832,0.001000,1.000000
0.041685,0.001000,0.001000,0.001000,0.200849,0.243580,0.001000,1.000000
0.398163,0.749982,1.000000,1.000000,1.000000,1.000000,0.280217,0.001000
0.001000,0.002303,0.879931,0.473059,0.001000,1.000000,0.487012,1.000000
0.401000,0.001000,1.000000,1.000000,0.001000,0.016685,1.000000,0.001000
0.001000,0.001000,0.001000,1.000000,0.001000,0.001000,0.642603,0.001000
0.001000,0.295122,1.000000,0.001000,0.001000,1.000000,1.000000,1.000000
0.001000,0.001000,1.000000,0.001000,0.001000,1.000000,1.000000,0.570696
0.846759,0.001000,0.001000,0.560329,0.001000,0.902795,0.001000,0.444439
1.000000,0.919106,0.001000,1.000000,0.030659,1.000000,0.700073,1.000000
0.818110,0.001000,0.001000,1.000000,0.001000,0.342672,0.309476,1.000000
1.000000,0.001000,0.067655,0.404754,0.602811,0.001000,1.000000,0.001000
0.339353,0.896419,0.119684,0.428946,0.001000,0.131590,0.793219,0.609992
0.001000,0.001000,1.000000,0.498891,0.879422,1.000000,0.154999,1.000000
0.001000,0.538885,1.000000,0.001000,0.001000,0.693627,0.570793,0.883735
0.001000,0.001000,0.655937,0.675582,0.001000,0.844657,0.734300,0.912129
1.000000,0.137512,0.001000,1.000000,0.001000,1.000000,0.735006,0.001000
0.001000,0.001000,0.965561,1.000000,0.836896,1.000000,0.434186,0.001000
0.509729,0.001000,1.000000,0.714987,0.706721,1.000000,0.001000,0.001000
1.000000,0.518510,0.261035,0.612849,1.000000,0.358291,0.001000,1.000000
0.130399,0.001000,1.000000,0.001000,0.364625,0.001000,0.001000,1.000000
0.626583,0.001000,0.563799,0.001000,1.000000,0.715274,0.001000,0.976861
0.491876,0.001000,0.773772,0.001000,0.001000,0.731343,1.000000,1.000000
0.145545,0.001000,0.743798,0.001000,0.598746,0.065989,1.000000,0.413070
0.817581,0.001000,1.000000,0.286189,0.001000,0.065538,0.001000,0.672363
0.001000,0.226561,0.480177,0.857764,1.000000,0.001000,0.001000,0.001000
0.454680,1.000000,0.494538,0.601926,0.477760,1.000000,0.001000,0.362565
0.340176,0.947549,0.570028,0.001000,0.001000,1.000000,0.674147,1.000000
0.001000,0.001000,1.000000,0.001000,0.089267,0.812622,0.001000,0.001000
0.001000,0.001000,0.473727,0.530893,0.594333,0.633108,0.378612,1.000000
0.001000,0.793327,0.001000,1.000000,1.000000,1.000000,0.208997,0.625671
0.001000,0.001000,0.632640,0.584626,0.954491,0.001000,1.000000,1.000000
0.001000,0.001000,0.191176,0.556179,0.001000,0.857886,0.529213,1.000000
1.000000,0.001000,1.000000,1.000000,0.741067,0.001000,0.001000,0.001000
0.182406,0.001000,0.222700,0.001000,0.001000,0.001000,0.380031,1.000000
0.211330,0.001000,0.001000,0.743473,0.344413,0.001000,0.072110,0.001000
0.001000,0.001000,1.000000,0.001000,0.238607,0.001000,0.790096,1.000000
0.001000,1.000000,0.262419,0.001000,1.000000,0.001000,1.000000,0.313038
0.001000,0.359159,0.861619,0.001000,0.001000,1.000000,0.326082,0.805342
0.001000,0.465308,1.000000,0.001000,1.000000,0.001000,1.000000,0.001000
0.415570,1.000000,0.719455,1.000000,0.996526,1.000000,1.000000,1.000000
0.001000,0.262058,1.000000,1.000000,0.001000,0.719129,0.837542,0.875191
0.001701,0.865498,1.000000,0.330093,1.000000,0.001000,0.001000,0.856935
0.564139,0.001000,1.000000,0.783265,0.222471,1.000000,0.001000,0.959200
0.001000,0.001000,1.000000,1.000000,0.001000,0.001000,0.333042,0.648771
0.001000,0.001000,1.000000,0.001000,1.000000,0.069597,0.001000,0.835712
0.768345,0.784269,0.001000,1.000000,1.000000,1.000000,0.623943,0.023764
0.824156,0.847327,0.744355,0.001000,1.000000,0.001000,1.000000,0.001000
0.001000,0.001000,0.001000,0.278960,0.560882,0.197873,1.000000,0.573308
0.001000,0.001000,0.938443,0.622224,0.001000,1.000000,0.001000,0.757211
0.975058,0.001000,1.000000,0.480966,0.001000,1.000000,0.001000,1.000000
0.001000,0.915028,0.106230,0.001000,1.000000,0.001000,0.001000,1.000000
1.000000,0.001000,0.729531,1.000000,0.001000,0.001000,0.252855,1.000000
1.000000,0.001000,0.709904,0.246134,1.000000,1.000000,1.000000,0.329779
0.001000,1.000000,1.000000,0.959461,1.000000,0.607208,0.922001,0.133263
0.024694,0.382149,1.000000,0.001000,1.000000,0.487176,0.515373,0.001000
0.113305,1.000000,1.000000,0.254993,1.000000,0.766045,0.001000,1.000000
0.384383,1.000000,0.953959,1.000000,0.001000,0.420185,0.413501,0.001000
0.970291,0.001000,0.076371,0.001000,1.000000,1.000000,1.000000,0.226574
1.000000,1.000000,0.001000,0.001000,1.000000,1.000000,0.351100,0.878220
0.001000,0.001000,1.000000,0.001000,0.001000,0.001000,1.000000,0.730045
1.000000,0.001000,0.001000,0.001000,0.585523,1.000000,1.000000,0.179974
1.000000,1.000000,0.388019,1.000000,0.313193,0.379575,0.998101,0.188274
0.001000,0.001000,0.185525,0.805465,0.915819,0.001000,0.001000,0.192607
0.001000,1.000000,0.826949,0.004832,1.000000,0.813404,0.001000,0.617780
0.001000,0.001000,1.000000,1.000000,0.544649,1.000000,0.271906,1.000000
0.637881,0.740783,0.475124,0.001000,1.000000,0.531409,0.001000,1.000000
1.000000,0.001000,1.000000,0.001000,1.000000,1.000000,0.001000,1.000000
0.821740,0.001000,0.001000,0.627944,0.454219,1.000000,0.689448,0.392914
0.001000,0.174492,1.000000,0.250117,1.000000,1.000000,0.153658,1.000000
0.850223,1.000000,0.001000,1.000000,0.741282,1.000000,0.001000,0.001000
0.001000,0.869901,0.001000,0.477796,1.000000,0.001000,0.345302,0.595208
1.000000,0.001000,0.001000,0.996330,0.414250,0.001000,0.001000,1.000000
0.001000,1.000000,0.146800,0.001000,1.000000,0.222182,1.000000,0.001000
0.001000,0.001000,0.001000,0.001000,0.494735,1.000000,1.000000,0.219289
1.000000,0.001000,1.000000,0.001000,0.001000,0.993864,0.586380,0.731873
0.001000,0.001000,1.000000,0.159392,1.000000,0.195626,1.000000,0.893978
0.406450,0.001000,0.925235,0.870476,0.841799,0.863256,0.087578,1.000000
0.001000,0.090221,0.001000,0.001000,0.505672,0.001000,0.001000,1.000000
0.001000,0.005624,0.001000,0.097157,1.000000,1.000000,0.001000,1.000000
1.000000,0.781801,0.927145,0.001000,1.000000,0.893477,0.001000,0.001000
0.525708,0.203372,1.000000,0.012160,0.001000,1.000000,0.764644,0.001000
0.608879,0.001000,0.928037,0.001000,1.000000,0.129732,1.000000,0.001000
1.000000,1.000000,1.000000,1.000000,0.195402,0.218840,0.001000,0.001000
0.001000,0.001000,0.095517,0.639047,0.147226,1.000000,0.001000,0.001000
0.001000,0.069609,1.000000,0.452925,0.428730,0.934027,0.001000,0.606899
1.000000,0.480923,0.001000,0.762570,0.001000,0.625598,1.000000,1.000000
0.276574,0.001000,1.000000,0.290299,0.804826,1.000000,0.179741,1.000000
0.631629,0.001000,0.658015,0.420751,0.001000,0.922610,0.441279,0.001000
0.148807,0.001000,0.487868,0.387686,0.001000,0.829839,0.857697,0.614971
0.455469,0.001000,1.000000,0.001000,0.001000,1.000000,1.000000,1.000000
0.462013,0.001000,0.001000,0.500883,0.001000,0.692080,1.000000,1.000000
0.948663,0.699937,0.001000,0.001000,0.001000,1.000000,0.001000,1.000000
0.169986,0.001000,0.644621,0.593755,0.001000,1.000000,0.880095,0.001000
0.001000,1.000000,0.490331,0.228270,0.001000,1.000000,0.367741,0.186883
0.001000,0.587056,1.000000,0.001000,0.676609,0.001000,0.001000,0.850334
1.000000,0.001000,1.000000,1.000000,1.000000,1.000000,1.000000,1.000000
0.291884,1.000000,0.001000,0.126818,0.001000,1.000000,0.001000,1.000000
1.000000,0.001000,0.001000,0.001000,0.001000,0.001000,0.001000,1.000000
0.806815,0.025165,0.761669,0.001000,0.058553,0.001000,0.277804,1.000000
0.553274,0.826256,1.000000,0.001000,0.001000,1.000000,1.000000,0.001000
0.340708,0.001000,1.000000,0.001000,0.383102,1.000000,0.001000,1.000000
0.001000,0.525156,0.811839,0.001000,0.050277,1.000000,0.001000,1.000000
0.078047,0.302902,1.000000,0.001000,0.001000,1.000000,1.000000,0.001000
0.001000,1.000000,1.000000,1.000000,0.001000,1.000000,1.000000,1.000000
0.219233,0.001000,0.001000,0.001000,1.000000,0.797315,1.000000,0.766401
1.000000,0.001000,0.001000,0.001000,0.298672,1.000000,0.001000,1.000000
0.603128,0.001000,1.000000,0.183802,1.000000,1.000000,1.000000,1.000000
0.001000,0.368861,0.001000,0.190032,1.000000,0.412315,1.000000,0.230927
0.424284,0.001000,0.001000,1.000000,0.089030,0.937790,1.000000,0.072913
0.715923,0.001000,1.000000,0.001000,0.001000,0.301679,0.001000,1.000000
0.010888,0.001000,0.642610,0.001000,0.816773,1.000000,1.000000,1.000000
0.001000,0.605414,0.672597,0.285849,0.001000,0.112247,0.761248,1.000000
0.001000,0.001000,1.000000,1.000000,0.156170,0.391257,1.000000,1.000000
0.208082,0.001000,1.000000,1.000000,0.668240,0.001000,1.000000,0.001000
0.001000,0.575771,1.000000,1.000000,1.000000,0.954275,1.000000,1.000000
0.001000,1.000000,0.001000,0.453485,0.001000,0.678525,0.277356,0.001000
0.001000,0.301776,0.097273,1.000000,1.000000,0.001000,0.001000,0.911581
0.001000,0.001000,1.000000,0.187801,0.486111,1.000000,0.611762,1.000000
0.001000,0.001000,0.001000,0.776404,0.126905,0.746440,0.635943,1.000000
0.127476,0.029459,0.001000,0.001000,0.001000,1.000000,1.000000,0.083614
0.001000,0.001000,0.001000,0.275187,0.545056,0.931140,0.001000,1.000000
0.001000,0.789776,0.001000,0.060827,1.000000,0.671126,0.168090,0.664121
0.001000,0.001000,1.000000,1.000000,1.000000,1.000000,1.000000,1.000000
0.343047,0.911719,0.726296,0.001000,0.001000,0.463432,0.121576,0.288763
0.001000,0.819462,0.132925,1.000000,0.806664,0.001000,1.000000,0.151827
0.001000,0.001000,0.001000,1.000000,0.853856,1.000000,0.001000,0.828764
0.001000,0.893176,0.001000,1.000000,1.000000,1.000000,1.000000,1.000000
0.001000,0.158689,0.770637,1.000000,0.153850,0.001000,0.001000,1.000000
0.001000,0.001000,1.000000,1.000000,0.001000,0.828979,1.000000,0.273545
0.675191,0.001000,1.000000,0.794626,0.001000,0.001000,0.698215,0.001000
0.001000,0.001000,1.000000,0.001000,0.001000,1.000000,0.171669,1.000000
1.000000,0.288116,1.000000,0.001000,1.000000,0.001000,0.001000,0.487887
0.001000,0.372757,0.001000,1.000000,0.001000,0.001000,1.000000,0.573200
0.001000,0.001000,1.000000,0.112386,0.528299,0.885600,0.566016,0.899724
0.001000,0.001000,1.000000,0.001000,0.001000,1.000000,1.000000,1.000000
1.000000,0.001000,1.000000,1.000000,1.000000,1.000000,0.663919,1.000000
1.000000,0.001000,0.336273,0.268536,0.280410,0.855461,0.001000,1.000000
0.001000,1.000000,1.000000,0.001000,1.000000,0.169002,0.001000,1.000000
0.001000,0.420764,1.000000,0.091032,0.666934,1.000000,0.001000,0.001000
0.891474,0.584917,0.001000,0.001000,0.001000,0.978888,0.001000,0.001000
0.001000,0.001000,1.000000,0.795189,0.889651,0.001000,0.017961,1.000000
0.001000,0.001000,1.000000,0.931933,0.001000,1.000000,0.001000,0.001000
1.000000,0.144948,0.001000,1.000000,0.199936,0.521335,0.001000,1.000000
1.000000,0.001000,0.001000,1.000000,1.000000,1.000000,0.240538,1.000000
0.091376,0.288879,0.001000,0.948467,0.001000,1.000000,1.000000,0.001000
0.744437,0.001000,0.156107,0.228660,1.000000,0.362463,1.000000,0.001000
0.001000,1.000000,1.000000,1.000000,0.091176,0.254835,1.000000,0.599838
1.000000,0.001000,1.000000,1.000000,1.000000,0.939096,0.854460,0.236829
0.001000,0.001000,0.001000,0.001000,1.000000,0.231844,0.488842,1.000000
0.001000,0.001000,0.001000,0.463420,1.000000,0.932562,1.000000,1.000000
0.672456,0.297665,0.001000,0.001000,0.269102,0.001000,0.001000,0.242930
0.001000,0.001000,0.001000,0.001000,1.000000,0.660851,1.000000,0.061687
1.000000,0.001000,1.000000,0.837729,1.000000,0.001000,0.117011,1.000000
1.000000,0.775326,1.000000,0.639555,0.001000,0.308390,0.193371,1.000000
0.999878,1.000000,0.001000,1.000000,1.000000,0.548494,1.000000,0.001000
0.001000,0.001000,0.215211,0.933180,0.001000,1.000000,0.234261,0.553898
0.001000,1.000000,1.000000,0.395927,0.085565,1.000000,0.185079,0.243771
0.001000,0.371810,0.061574,1.000000,0.812174,0.644998,0.001000,1.000000
0.943552,1.000000,0.191732,1.000000,0.295785,1.000000,0.001000,1.000000
0.001000,0.386110,0.308011,0.183888,0.001000,1.000000,0.001000,0.488425
0.001000,0.001000,1.000000,0.897091,0.876096,0.420633,0.001000,1.000000
0.255623,0.001000,0.863888,0.001000,0.049028,1.000000,0.875382,1.000000
0.001000,0.001000,1.000000,1.000000,0.001000,1.000000,0.001000,1.000000
1.000000,1.000000,0.001000,0.001000,1.000000,0.001000,1.000000,0.462016
1.000000,1.000000,0.001000,0.001000,0.967124,0.001000,0.001000,1.000000
0.853640,1.000000,0.491259,0.001000,0.651271,0.790602,0.001000,1.000000
0.383719,0.217571,0.353273,0.140649,0.448338,0.855476,0.001000,1.000000
1.000000,0.001000,0.340137,1.000000,1.000000,0.551249,0.850604,1.000000
1.000000,1.000000,0.467871,0.655735,0.872399,0.649258,0.001000,1.000000
1.000000,0.788356,1.000000,0.869808,0.862029,0.752078,1.000000,1.000000
0.627614,0.001000,1.000000,0.001000,0.842586,1.000000,1.000000,0.001000
0.024635,1.000000,0.671386,0.581118,0.291328,0.802465,0.001000,0.764350
0.796970,0.091732,0.001000,0.052182,0.001000,1.000000,1.000000,0.001000
0.001000,0.001000,1.000000,0.001000,0.001000,1.000000,0.001000,0.001000
0.509712,0.485570,0.989384,0.352303,0.001000,1.000000,0.001000,0.434492
0.099759,0.001000,0.977368,0.001000,0.732925,1.000000,0.787684,1.000000
0.001000,0.317609,0.198337,1.000000,0.834806,0.001000,1.000000,0.001000
0.060461,0.525191,1.000000,1.000000,0.663878,1.000000,0.571077,1.000000
0.243215,1.000000,1.000000,0.169970,0.364406,0.001000,1.000000,0.336782
1.000000,0.031618,1.000000,1.000000,0.685232,0.001000,1.000000,0.001000
0.326186,0.001000,0.001000,0.485718,1.000000,0.008237,1.000000,0.382962
0.001000,0.001000,1.000000,1.000000,0.342475,1.000000,1.000000,0.685657
0.001000,0.134952,0.001000,1.000000,0.001000,0.001000,0.001000,0.001000
0.266088,0.120452,1.000000,0.979705,0.001000,0.001000,0.983179,1.000000
1.000000,0.001000,0.537774,1.000000,0.692172,1.000000,0.382088,1.000000
0.059288,0.001000,0.528416,1.000000,0.778940,0.001000,0.001000,0.001000
0.001000,0.001000,0.506314,1.000000,0.566689,0.001000,0.055760,1.000000
0.077314,1.000000,0.127208,0.001000,1.000000,1.000000,0.001000,1.000000
0.482537,0.001000,0.284231,0.001000,0.001000,1.000000,0.629409,0.246766
0.001000,1.000000,0.925824,0.325617,0.001000,0.001000,0.001000,0.801489
0.536348,0.135237,0.001000,0.586148,0.001000,0.001000,0.001000,0.001000
0.836683,1.000000,0.001000,1.000000,1.000000,0.610851,0.122530,1.000000
1.000000,1.000000,0.122734,0.825204,0.001000,1.000000,0.001000,1.000000
0.001000,0.001000,1.000000,1.000000,0.001000,0.493314,0.299874,0.961361
0.001000,0.001000,0.911237,1.000000,0.001000,0.067103,1.000000,1.000000
0.436238,0.685613,0.629516,0.001000,0.501781,0.537847,0.091057,1.000000
0.001000,0.621518,1.000000,0.253338,0.001000,1.000000,1.000000,0.001000
0.642265,0.001000,1.000000,0.001000,0.025273,1.000000,1.000000,0.001000
1.000000,0.001000,0.121280,0.504576,1.000000,0.659038,1.000000,0.057472
0.661001,0.063417,1.000000,1.000000,0.707932,1.000000,0.763775,1.000000
0.001000,0.001000,1.000000,0.001000,1.000000,1.000000,1.000000,0.507992
1.000000,0.001000,0.077935,0.576119,0.001000,1.000000,1.000000,1.000000
0.001000,0.001000,0.247246,1.000000,0.533358,1.000000,0.001000,0.001000
0.001000,1.000000,1.000000,0.001000,0.721246,1.000000,0.001000,1.000000
0.001000,0.924907,0.482036,0.559469,1.000000,0.674057,1.000000,1.000000
0.001000,1.000000,1.000000,0.001000,0.138818,1.000000,0.001000,1.000000
0.001000,0.001000,0.001000,0.228329,0.015510,0.217525,1.000000,0.001000
0.822225,0.640605,1.000000,1.000000,0.001000,0.001000,0.001000,0.001000
1.000000,0.578924,0.119289,0.547788,0.409936,0.528017,1.000000,0.034317
0.001000,0.001000,1.000000,0.239009,0.636761,0.001000,1.000000,0.001000
0.001000,0.001000,1.000000,0.314818,0.001000,1.000000,0.001000,1.000000
0.001000,0.833383,1.000000,0.001000,1.000000,0.543310,1.000000,1.000000
0.127837,0.001000,0.185880,1.000000,0.636840,0.839479,0.923350,1.000000
0.464155,0.001000,1.000000,0.247800,0.001000,1.000000,0.911308,0.864243
0.001000,0.001000,1.000000,0.723191,0.001000,0.767748,1.000000,0.001000
0.001000,0.461356,1.000000,0.076544,0.001000,0.001000,0.001000,0.337178
0.001000,0.001000,1.000000,0.844092,1.000000,1.000000,0.604355,1.000000
0.001000,0.001000,0.001000,0.001000,0.240413,0.001000,0.001000,0.461017
0.001000,0.001000,1.000000,0.299121,1.000000,0.001000,0.626317,1.000000
0.423613,0.922317,0.197231,0.594106,0.621581,0.614260,1.000000,0.529993
1.000000,0.661547,1.000000,0.001000,0.001000,0.090413,0.660122,0.001000
0.001000,0.001000,0.922615,0.863142,0.001000,1.000000,0.034675,1.000000
0.318839,0.604309,0.486685,1.000000,1.000000,0.001000,0.389736,0.001000
0.001000,0.001000,0.180673,1.000000,1.000000,1.000000,0.465502,0.001000
0.000076,0.001000,0.001000,0.001000,1.000000,1.000000,1.000000,0.001000
0.001000,0.001000,0.314023,0.880443,0.001000,1.000000,0.566288,0.781904
0.001000,0.594156,0.248639,0.001000,0.656513,0.545468,0.688099,1.000000
0.001000,0.001000,1.000000,1.000000,0.420575,0.115171,0.785949,0.001000
1.000000,0.082757,0.001000,1.000000,0.001000,1.000000,1.000000,0.251604
0.001000,0.475408,0.001000,0.649917,0.676624,0.141484,1.000000,0.518332
0.001089,0.001000,1.000000,0.243748,0.170185,0.001000,1.000000,1.000000
0.001000,0.001000,0.858206,0.434738,0.001000,1.000000,1.000000,1.000000
0.001000,0.001000,0.193707,1.000000,0.001000,1.000000,0.816512,0.001000
0.784031,0.001000,1.000000,0.001000,1.000000,0.001000,1.000000,1.000000
0.001000,0.313025,0.943506,0.646481,0.400432,1.000000,0.631598,0.223248
0.110928,0.930484,1.000000,1.000000,1.000000,0.001000,0.746859,1.000000
1.000000,0.001000,1.000000,0.001000,0.505218,1.000000,0.993993,1.000000
0.001000,1.000000,0.004925,1.000000,1.000000,0.001000,0.885621,1.000000
0.001000,0.001000,1.000000,1.000000,0.001000,0.529570,0.001000,0.001000
0.062044,0.001000,1.000000,0.334312,0.599745,1.000000,0.001000,0.307933
0.001000,0.489860,0.383536,0.001000,1.000000,1.000000,0.216977,0.708347
0.132622,0.896875,0.137180,0.057161,0.448068,0.741008,0.766019,0.799735
0.001000,0.831855,1.000000,0.942390,0.001000,1.000000,0.439073,0.418255
0.001000,0.248899,1.000000,0.001000,0.804947,0.133841,0.053617,0.652511
0.001000,0.054430,0.795508,0.001000,0.001000,0.001000,0.813793,0.001000
0.001000,0.001000,0.217084,0.630081,0.186525,1.000000,0.566358,1.000000
1.000000,0.656230,0.486145,0.001000,0.327860,1.000000,0.254253,0.102728
0.001000,0.001000,0.996846,1.000000,0.058507,0.025593,0.186780,1.000000
0.028516,0.001000,1.000000,1.000000,0.001000,0.001000,0.001000,0.001000
0.001000,0.040552,0.111235,0.001000,0.001000,1.000000,0.001000,0.826606
1.000000,0.001000,1.000000,1.000000,0.657737,0.779024,0.001000,1.000000
0.001000,0.001000,0.001000,0.001000,1.000000,1.000000,0.118680,1.000000
1.000000,1.000000,0.883360,0.373102,0.929527,1.000000,0.001000,0.666947
0.434821,1.000000,0.001000,0.001000,0.496485,0.624929,0.973759,0.489876
1.000000,0.001000,0.001000,1.000000,0.001000,0.531497,0.428750,0.001000
0.001000,1.000000,1.000000,0.001000,1.000000,0.254574,0.879127,1.000000
1.000000,0.001000,1.000000,1.000000,0.622647,0.001000,0.014282,0.655021
1.000000,0.925303,1.000000,0.001000,0.705550,0.581544,1.000000,0.187889
0.001000,0.479207,1.000000,0.001000,1.000000,0.001000,0.025012,0.001000
0.553065,0.001000,0.776897,0.001000,0.896367,0.001000,0.876620,1.000000
0.001000,0.001000,0.784856,1.000000,1.000000,1.000000,1.000000,0.001000
1.000000,0.001000,1.000000,1.000000,0.953738,0.886564,0.829402,0.319656
1.000000,0.001000,0.819140,1.000000,1.000000,0.001000,0.001000,0.816943
0.001000,1.000000,1.000000,0.464518,0.001000,0.001000,0.253124,0.345685
0.070465,0.109180,0.741173,0.763082,0.293817,0.001000,0.001000,1.000000
1.000000,0.001000,1.000000,0.595231,0.001000,1.000000,0.001000,1.000000
0.001000,0.337090,0.001000,0.923146,0.318007,0.001000,0.001000,1.000000
0.878835,1.000000,1.000000,1.000000,0.001000,0.239452,0.971310,0.001000
0.879410,0.318378,1.000000,1.000000,0.322736,1.000000,1.000000,1.000000
0.001000,0.001000,1.000000,1.000000,0.569380,0.001000,1.000000,1.000000
0.001000,0.640807,0.001000,0.001000,1.000000,0.001000,0.001000,1.000000
1.000000,1.000000,0.001000,0.001000,0.468625,1.000000,1.000000,0.832117
0.674655,0.613180,0.001000,1.000000,1.000000,0.001000,0.023401,0.001000
0.474981,0.001000,0.322591,1.000000,0.001000,0.145810,1.000000,0.334262
0.001000,0.001000,0.001000,0.001000,0.001000,0.001000,0.429443,1.000000
0.532547,0.001000,1.000000,0.878421,1.000000,0.816614,0.370153,1.000000
0.001000,0.001000,1.000000,1.000000,0.001000,0.001000,1.000000,0.001000
0.261438,1.000000,1.000000,1.000000,1.000000,0.430832,0.645121,0.571792
1.000000,0.318442,0.176353,0.719353,0.675672,0.505153,1.000000,0.212073
1.000000,0.001000,0.070925,0.001000,0.922659,1.000000,0.001000,1.000000
0.661081,0.466060,1.000000,0.366930,1.000000,0.001000,1.000000,0.231601
0.211172,0.109496,1.000000,0.116950,0.001000,0.001000,0.516442,0.546269
1.000000,0.001000,0.001000,0.269296,0.510479,0.898331,1.000000,1.000000
0.870997,0.060875,0.001000,0.001000,1.000000,1.000000,1.000000,1.000000
0.001000,0.001000,0.001000,1.000000,0.001000,0.741680,1.000000,1.000000
0.001000,0.001000,0.426436,0.380356,1.000000,0.001000,0.953527,0.001000
0.001000,1.000000,0.001000,1.000000,0.001000,1.000000,1.000000,1.000000
0.001000,0.001000,0.001000,1.000000,0.001000,0.001000,0.593131,0.906037
0.001000,0.001000,0.001000,1.000000,0.750910,0.173694,0.001000,0.459948
0.001000,0.001000,0.001000,1.000000,0.001000,0.686666,0.001000,0.001000
0.001000,0.001000,0.979935,0.722292,0.476048,1.000000,0.753730,0.001000
1.000000,0.297718,1.000000,1.000000,0.906503,1.000000,0.001000,1.000000
0.778297,0.001000,0.753142,0.627072,0.001000,1.000000,1.000000,0.001000
0.831899,0.581312,0.707830,0.337990,0.043398,1.000000,0.001000,1.000000
0.001000,0.001000,1.000000,0.173806,0.826278,0.847743,0.541403,0.001000
0.001000,0.664074,0.485855,0.066439,1.000000,1.000000,0.001000,0.001000
0.001000,0.490942,0.369315,0.137229,0.001000,1.000000,0.001000,0.001000
0.001000,0.721644,0.001000,0.977053,0.252919,0.001000,0.406697,1.000000
0.755324,0.332324,0.316538,0.001000,0.645527,1.000000,1.000000,1.000000
1.000000,0.354330,1.000000,1.000000,0.484996,1.000000,0.417391,0.001000
1.000000,0.215117,0.398688,1.000000,0.891427,0.445092,0.465086,1.000000
0.993186,0.001000,0.001000,0.001000,1.000000,0.733692,0.249466,0.001000
0.001000,0.001000,0.001000,0.001000,0.556692,0.001000,1.000000,1.000000
0.155881,1.000000,1.000000,1.000000,0.001000,0.127742,0.001000,1.000000
0.001000,0.001000,1.000000,0.001000,0.334239,1.000000,1.000000,1.000000
0.804018,0.001000,0.072586,0.001000,0.001000,1.000000,0.811592,1.000000
0.001000,1.000000,0.932562,0.233647,1.000000,0.486739,0.001000,1.000000
0.177051,0.001000,1.000000,0.651382,1.000000,0.001000,0.863815,0.460770
1.000000,0.001000,1.000000,0.330161,1.000000,1.000000,0.001000,0.028197
0.129225,0.138862,1.000000,0.139594,1.000000,0.001000,0.001000,1.000000
0.001000,1.000000,0.001000,0.671760,1.000000,0.148861,1.000000,0.001000
1.000000,1.000000,1.000000,0.930313,0.877928,1.000000,1.000000,0.882471
0.001000,0.001000,1.000000,0.778431,0.918987,0.001000,0.140304,0.417040
0.722154,0.317140,0.001000,1.000000,0.447325,1.000000,0.245208,1.000000
1.000000,0.338609,0.523165,0.806441,1.000000,1.000000,0.001000,0.578689
0.001000,0.001000,0.001000,0.001000,0.925294,1.000000,1.000000,0.752850
1.000000,0.616335,0.243240,0.001000,1.000000,0.001000,0.001000,0.931750
1.000000,0.001000,0.808959,1.000000,0.294790,1.000000,0.001000,0.001000
0.001000,0.721160,1.000000,1.000000,0.846728,1.000000,0.991407,0.329147
0.001000,1.000000,1.000000,1.000000,0.001000,1.000000,0.111248,0.915292
0.001000,0.001000,0.001000,0.615650,0.308082,0.847680,1.000000,0.001000
0.192812,0.001000,1.000000,0.615999,1.000000,1.000000,1.000000,1.000000
0.845437,0.943972,1.000000,0.001000,1.000000,0.001000,1.000000,1.000000
0.001000,0.003958,1.000000,0.442271,1.000000,0.001000,0.001000,0.001000
0.329752,1.000000,0.001000,0.817288,1.000000,0.638529,0.867800,0.001000
0.001000,1.000000,0.896753,0.001000,0.241188,0.001000,0.310661,0.989295
0.361229,0.001000,1.000000,0.001000,1.000000,1.000000,0.437911,0.001000
0.001000,0.001000,1.000000,0.121951,1.000000,1.000000,0.960543,1.000000
0.001000,0.613000,1.000000,1.000000,1.000000,0.394534,1.000000,1.000000
0.459003,0.464994,0.395629,1.000000,0.001000,1.000000,0.001000,1.000000
0.001000,1.000000,0.001000,0.074582,0.508497,0.001000,0.001000,1.000000
0.001000,0.081657,1.000000,0.001000,0.224912,1.000000,0.001000,1.000000
0.001000,0.001000,1.000000,0.001000,0.001000,0.652464,0.988499,1.000000
0.001000,0.298568,0.001000,0.001000,1.000000,1.000000,1.000000,0.001000
1.000000,0.349628,0.054157,1.000000,0.001000,0.193343,0.905389,0.250941
0.001000,1.000000,1.000000,0.816017,0.534377,1.000000,0.343895,0.061202
0.001000,0.001000,0.366906,1.000000,0.240976,0.001000,0.001000,0.997503
0.337182,0.345472,1.000000,1.000000,0.001000,0.001000,0.172041,1.000000
0.001000,0.478797,1.000000,1.000000,0.001000,1.000000,0.001000,0.753644
0.001000,0.001000,1.000000,0.880304,0.899826,1.000000,0.585152,0.001000
0.327638,0.980471,0.001000,1.000000,0.167959,1.000000,0.990136,1.000000
1.000000,0.393864,1.000000,0.834158,1.000000,0.614724,0.001000,1.000000
1.000000,0.001000,1.000000,1.000000,0.001000,0.618074,0.329883,1.000000
0.914627,0.001000,0.399451,0.001000,0.001000,1.000000,0.676242,0.769202
0.001000,1.000000,0.001000,0.222583,0.001000,0.001000,0.101758,0.001000
0.001000,0.691273,0.011720,0.984043,0.791107,0.095091,0.202889,0.510788
0.001000,0.001000,0.211974,0.443085,0.001000,1.000000,0.904910,0.212790
0.001000,0.001000,1.000000,1.000000,0.649295,0.870047,1.000000,0.305388
0.777994,1.000000,0.296069,0.127516,0.001000,0.001000,0.001000,0.472600
0.363194,1.000000,1.000000,1.000000,0.574413,1.000000,0.858275,1.000000
0.001000,0.001000,1.000000,0.001000,0.001000,1.000000,0.001000,0.587443
0.001000,0.142038,1.000000,1.000000,0.660894,1.000000,0.505882,0.001000
1.000000,0.462466,0.001000,1.000000,0.341427,1.000000,0.264016,0.017361
0.001000,0.001000,0.769970,0.655953,1.000000,1.000000,1.000000,0.001000
0.694434,0.001000,0.001000,0.001000,1.000000,1.000000,0.001000,1.000000
0.001000,0.127576,0.482744,0.449660,0.039342,0.815792,0.001000,0.001000
1.000000,0.001000,0.897820,0.631435,0.001000,0.418909,0.001000,0.182246
0.236369,0.001000,0.001000,1.000000,1.000000,0.014421,0.080208,0.322168
0.330139,0.001000,0.001000,0.001000,0.282727,1.000000,0.553897,0.001000
0.001000,0.001000,1.000000,0.001000,0.001000,1.000000,1.000000,1.000000
0.001000,0.001000,1.000000,0.001000,0.679664,1.000000,0.001000,0.001000
0.001000,0.887328,0.307597,0.025904,1.000000,0.001000,1.000000,1.000000
0.519587,0.001000,1.000000,0.641726,0.001000,1.000000,0.001000,0.140423
0.001000,0.001000,0.001000,0.001000,0.512770,0.001000,0.001000,0.001000
0.592450,1.000000,0.821572,0.997168,0.001000,0.154366,1.000000,0.001000
0.001000,0.001000,0.377645,1.000000,0.382847,0.349287,0.001000,0.001000
0.001000,0.001000,1.000000,0.001000,0.141910,0.105133,0.320114,0.768569
0.001000,0.001000,0.764429,0.151262,0.001000,0.203775,0.521553,1.000000
0.743295,0.001000,1.000000,0.001000,0.575302,0.001000,1.000000,0.001000
0.001000,0.451165,0.814443,0.857338,0.001000,0.636473,1.000000,0.004574
1.000000,0.001000,1.000000,0.558873,0.001000,1.000000,0.187284,1.000000
0.784056,0.001000,0.001000,1.000000,0.296108,0.001000,0.001000,0.769368
1.000000,0.001000,1.000000,0.285690,1.000000,1.000000,0.702033,0.901728
0.535376,0.063996,0.200293,0.001000,1.000000,0.001000,0.276904,1.000000
0.001000,0.001000,0.925862,1.000000,0.778652,1.000000,0.329640,0.363563
1.000000,0.001000,1.000000,1.000000,0.001000,0.001000,1.000000,0.898666
0.001000,0.051061,0.700948,1.000000,1.000000,0.001000,0.001000,0.001000
0.976085,0.001000,1.000000,0.001000,0.412825,0.001000,0.665094,0.570678
1.000000,0.001000,0.938685,1.000000,1.000000,0.001000,0.721344,0.001000
0.262354,0.836355,0.001000,0.001000,1.000000,0.192471,0.001000,1.000000
0.135541,0.214619,1.000000,1.000000,1.000000,0.450391,1.000000,1.000000
0.001000,0.585500,0.362562,0.758487,1.000000,1.000000,0.405516,0.936423
0.401483,0.001000,1.000000,1.000000,1.000000,0.609385,0.562587,0.900041
0.001000,0.494077,0.001000,0.461146,0.001000,0.948691,1.000000,0.056050
1.000000,0.001000,0.043682,1.000000,0.001000,0.001000,1.000000,0.404953
0.001000,0.001000,1.000000,0.096357,0.750164,1.000000,0.001000,0.001000
0.001000,0.001161,1.000000,0.837890,0.001000,1.000000,0.532301,0.864453
0.001000,0.921426,1.000000,0.462410,1.000000,0.132263,1.000000,1.000000
0.720419,0.340026,0.354028,0.001000,1.000000,0.945734,1.000000,0.989598
0.001000,1.000000,1.000000,1.000000,1.000000,1.000000,0.001000,1.000000
0.001000,0.819392,1.000000,1.000000,0.267599,0.001000,0.001000,1.000000
0.037078,0.689479,0.766882,0.906470,0.001000,1.000000,1.000000,1.000000
0.893925,0.489339,1.000000,0.657468,0.739078,1.000000,0.128831,0.884525
0.001000,0.001000,0.001000,1.000000,1.000000,1.000000,0.001000,0.001000
0.001000,0.001000,1.000000,1.000000,1.000000,0.685558,0.384473,1.000000
0.001000,0.001000,0.793697,0.177207,0.558999,1.000000,0.001000,1.000000
0.052712,0.228458,1.000000,1.000000,0.001000,1.000000,0.001000,0.747728
1.000000,0.001000,0.638734,0.872124,0.001000,1.000000,1.000000,0.001000
0.662515,0.323966,1.000000,1.000000,0.001000,0.001000,0.001000,0.001000
0.485660,0.358030,0.640469,1.000000,0.495068,0.781829,0.001000,0.391085
1.000000,0.001000,1.000000,1.000000,0.001000,0.001000,1.000000,1.000000
0.312038,0.001000,0.147968,1.000000,0.203467,0.975662,0.001000,0.057601
0.001000,0.001000,1.000000,0.266707,1.000000,1.000000,0.268952,1.000000
0.001000,0.001000,0.122921,1.000000,0.702353,1.000000,1.000000,0.001000
0.834779,0.001000,1.000000,0.001000,1.000000,0.469632,0.001000,0.001000
0.001000,0.845252,1.000000,0.197462,0.899931,0.904300,0.001000,0.001000
0.691654,0.001000,0.558921,0.001000,0.001000,0.001000,0.269385,0.001000
0.001000,0.001000,0.161456,0.686058,0.467011,1.000000,0.001000,0.731331
0.001000,0.001000,1.000000,1.000000,0.001000,0.001000,0.930322,0.001000
0.001000,0.793843,1.000000,1.000000,1.000000,1.000000,0.681199,1.000000
1.000000,1.000000,0.001000,1.000000,0.514366,0.001000,0.173184,1.000000
0.001000,0.809685,1.000000,0.001000,0.001000,0.127239,0.178355,0.001000
0.715165,1.000000,0.001000,0.001000,1.000000,1.000000,1.000000,1.000000
0.001000,0.200227,0.401585,0.001000,1.000000,0.686487,0.056576,1.000000
1.000000,0.001000,0.802661,1.000000,0.001000,1.000000,0.849553,1.000000
0.001000,0.759616,0.001000,0.001000,1.000000,1.000000,1.000000,1.000000
0.001000,0.001000,0.001000,0.338128,0.430870,0.551373,1.000000,0.338107
0.423308,0.001000,0.505507,0.001000,0.800433,1.000000,1.000000,1.000000
0.653090,0.591241,0.522051,1.000000,0.071782,1.000000,0.799685,1.000000
0.001000,0.001000,0.526963,0.952270,0.961654,1.000000,0.001000,0.001000
0.001000,1.000000,1.000000,0.922431,0.001000,1.000000,0.964184,1.000000
0.568436,1.000000,0.572121,0.001000,1.000000,0.001000,0.001000,1.000000
0.001000,0.001000,1.000000,1.000000,0.227644,1.000000,1.000000,1.000000
0.001000,0.001000,0.817872,1.000000,0.124829,1.000000,0.001000,1.000000
0.007002,0.001000,0.001000,1.000000,0.377347,0.001000,0.336128,1.000000
0.001000,0.800676,0.787112,1.000000,0.001000,0.001000,0.001000,1.000000
1.000000,1.000000,0.815990,0.575290,0.753328,0.173551,1.000000,0.369558
0.001000,0.515388,1.000000,0.138107,0.182275,0.474409,1.000000,1.000000
0.163994,0.796732,1.000000,0.830279,1.000000,0.499902,0.233516,0.001000
0.732984,1.000000,0.001000,0.515995,0.001000,0.762388,0.366606,0.577666
1.000000,0.001000,1.000000,0.001000,0.001000,0.001000,0.022255,1.000000
0.193788,0.015900,0.001000,0.839570,0.001000,1.000000,0.001000,1.000000
0.001000,0.001000,1.000000,0.484115,0.001000,1.000000,0.007666,0.944932
0.001000,0.253589,1.000000,1.000000,0.001000,1.000000,1.000000,1.000000
0.676962,0.679132,1.000000,1.000000,1.000000,0.001000,1.000000,1.000000
0.926096,0.001000,0.027316,0.001000,1.000000,1.000000,0.266886,0.258019
0.001000,0.001000,0.001000,0.500373,0.001000,0.740235,0.539557,0.645555
0.437662,1.000000,0.001000,1.000000,0.499900,0.001000,0.460678,1.000000
1.000000,1.000000,0.998655,1.000000,0.001000,0.001000,0.001000,0.408236
0.001000,1.000000,1.000000,0.342663,0.001000,0.001000,0.001000,0.001000
0.001000,0.001000,0.001000,0.001000,1.000000,1.000000,0.039512,1.000000
0.001000,0.001000,0.001000,1.000000,1.000000,0.897382,0.001000,1.000000
0.001000,1.000000,1.000000,0.001000,0.001000,0.001000,0.001000,1.000000
1.000000,0.474427,1.000000,0.432520,0.001000,1.000000,0.614742,0.223562
0.983920,1.000000,0.549228,1.000000,1.000000,0.001000,1.000000,1.000000
0.171453,0.864242,0.001000,1.000000,0.485986,0.001000,0.832438,1.000000
0.001000,0.208215,1.000000,1.000000,0.527130,0.295086,0.558019,0.029175
0.526682,0.350843,0.762601,1.000000,0.001000,1.000000,1.000000,1.000000
0.679929,1.000000,0.478305,0.931024,0.998910,0.987604,0.928729,1.000000
0.001000,0.001000,0.001000,0.001000,0.338547,1.000000,0.949958,0.001000
1.000000,0.001000,0.751513,0.001000,1.000000,0.505445,1.000000,0.203196
0.338285,0.001000,0.775843,1.000000,0.001000,0.387767,1.000000,1.000000
0.001000,0.001000,0.628986,0.001000,0.278721,0.001000,0.001000,0.437274
0.289055,1.000000,1.000000,1.000000,0.727196,0.001000,0.250388,1.000000
0.739830,0.238979,0.001000,0.831946,0.466873,1.000000,0.001000,0.948112
0.001000,0.001000,0.718328,0.001000,1.000000,0.001000,0.385690,1.000000
0.402041,1.000000,0.350729,0.766943,0.520387,0.001000,1.000000,0.001000
0.001000,0.001000,0.397430,0.001000,0.001000,1.000000,0.001000,0.001000
0.001000,0.001000,0.384260,1.000000,0.001000,0.001000,0.001000,1.000000
1.000000,0.001000,1.000000,0.918497,0.749332,0.001000,1.000000,0.429695
0.001000,0.001000,1.000000,0.642536,1.000000,1.000000,1.000000,1.000000
0.001000,0.191360,0.143832,1.000000,0.021496,0.486894,1.000000,1.000000
0.473048,0.001000,0.001000,0.724464,1.000000,0.485449,0.156275,1.000000
0.001000,0.424122,0.001000,1.000000,1.000000,0.298416,1.000000,0.412576
0.001000,0.001000,1.000000,0.572645,0.001000,1.000000,1.000000,1.000000
0.052355,0.063715,1.000000,0.001000,0.245187,0.781007,1.000000,1.000000
0.001000,0.001000,0.191306,0.364502,0.360476,0.001000,0.304347,1.000000
0.488898,1.000000,1.000000,0.001000,1.000000,0.001000,0.707470,0.948522
0.001000,0.001000,0.001000,0.713187,0.723860,0.266509,0.001000,1.000000
0.001000,0.794855,0.001000,0.001000,0.788222,1.000000,0.001000,1.000000
1.000000,0.964999,0.001000,1.000000,0.964681,0.001000,1.000000,1.000000
0.001000,0.001000,0.001000,0.874621,0.001000,1.000000,0.659760,1.000000
0.001000,1.000000,0.097108,0.001000,0.001000,0.448886,0.001000,0.001000
0.718335,0.795137,0.948736,0.543670,0.160584,0.424391,0.001000,0.961283
0.001000,1.000000,0.001000,1.000000,0.001000,1.000000,0.001000,1.000000
0.503712,0.512284,0.332996,0.001000,0.198443,1.000000,0.317379,0.694718
0.059501,0.370205,0.302867,1.000000,0.001000,1.000000,0.035158,1.000000
0.001000,0.001000,0.410386,1.000000,0.934694,1.000000,0.001000,1.000000
0.140949,0.942969,0.280575,1.000000,0.097565,0.258271,0.154651,0.001000
0.001000,0.349063,0.001000,0.658819,0.165574,0.872788,1.000000,0.001000
0.001000,1.000000,1.000000,0.001000,1.000000,0.352284,0.001000,1.000000
0.873340,0.698190,1.000000,0.711643,0.124407,1.000000,1.000000,1.000000
0.360246,0.510413,0.335981,0.953842,0.001000,0.001000,0.115724,1.000000
0.639710,1.000000,0.708534,0.852494,1.000000,0.053703,0.582330,1.000000
0.953969,0.001000,0.168027,0.001000,0.001000,0.001000,0.001000,1.000000
0.001000,0.001000,0.001000,0.001000,0.001000,1.000000,0.001000,0.319168
0.811405,0.246981,0.335405,1.000000,1.000000,0.742715,0.001000,0.001000
0.202998,0.001000,1.000000,0.341724,0.258558,1.000000,0.327447,1.000000
1.000000,1.000000,0.207625,0.097000,1.000000,1.000000,0.649658,0.001000
1.000000,1.000000,0.777336,1.000000,0.963438,1.000000,0.444990,1.000000
0.001000,0.001000,1.000000,1.000000,1.000000,0.001000,0.040865,0.439568
0.001000,0.001000,0.969713,1.000000,1.000000,1.000000,0.001000,0.261895
0.560296,0.806207,0.001000,1.000000,0.177857,1.000000,0.001000,1.000000
0.001000,0.702089,1.000000,0.001000,0.534058,1.000000,0.001000,1.000000
1.000000,0.763199,0.001000,0.937262,1.000000,0.144228,0.001000,0.178658
0.777743,0.020168,0.002216,0.001000,0.889215,1.000000,0.001000,1.000000
0.389911,0.001000,0.001000,0.001000,1.000000,0.001000,1.000000,0.167714
0.001000,1.000000,0.001000,0.487871,0.027721,1.000000,1.000000,1.000000
0.160020,0.001000,0.495437,0.848024,0.001000,0.761696,0.001000,0.302532
0.001000,1.000000,0.001000,1.000000,0.001000,0.271563,0.617094,1.000000
0.001000,0.180949,1.000000,0.001000,1.000000,0.001000,1.000000,0.719807
0.277368,0.375583,1.000000,0.001000,0.619969,1.000000,0.984208,0.731623
0.176157,1.000000,1.000000,1.000000,0.001000,0.889831,0.922938,1.000000
1.000000,0.001000,0.242329,0.634300,0.794366,1.000000,1.000000,0.519903
0.001000,0.901325,1.000000,0.873638,0.001000,0.452143,0.001000,0.600177
1.000000,0.001000,0.001000,0.001000,0.001000,0.654228,0.411055,1.000000
0.001000,0.001000,1.000000,0.001000,0.001000,0.001000,1.000000,1.000000
0.001000,0.797426,0.653892,0.864043,0.001000,0.109441,0.647258,1.000000
0.138014,0.001000,0.537971,0.533680,0.817292,1.000000,0.001000,0.001000
0.001000,0.423088,0.920214,0.001000,1.000000,0.739144,1.000000,0.270378
0.001000,0.001000,1.000000,0.001000,0.001000,1.000000,0.411370,0.001000
0.001000,1.000000,0.501337,1.000000,1.000000,0.001000,0.001000,1.000000
0.001000,0.227844,0.953957,0.956886,1.000000,1.000000,0.131837,0.823185
0.001000,1.000000,0.467617,0.965839,1.000000,0.614015,0.454558,0.928142
0.052949,0.001000,1.000000,1.000000,0.724110,1.000000,0.160907,1.000000
0.001000,0.001000,1.000000,0.001000,0.731401,0.001000,1.000000,1.000000
0.197663,1.000000,0.001000,0.001000,0.475044,1.000000,1.000000,0.631205
0.001000,1.000000,0.001000,1.000000,0.565360,1.000000,0.001000,0.364770
0.001000,0.288034,0.001000,0.001000,0.640161,0.107729,0.001000,0.896040
0.001000,0.001000,0.208588,0.001000,0.386935,0.116771,0.332889,1.000000
0.356068,1.000000,1.000000,1.000000,0.532850,0.679841,1.000000,0.001000
0.001000,0.731461,0.637182,0.001000,0.001000,0.238589,0.001000,0.001000
0.001000,0.001000,0.783226,0.842458,0.001000,1.000000,1.000000,1.000000
0.001000,1.000000,0.001000,0.291643,0.340245,0.001000,1.000000,1.000000
0.001000,1.000000,1.000000,0.001000,1.000000,0.135996,1.000000,0.001000
0.001000,0.365688,0.595167,0.001000,0.256576,0.001000,0.189678,0.734754
0.001000,0.050170,1.000000,0.146105,0.986995,0.001000,1.000000,1.000000
0.001000,0.001000,1.000000,0.392339,0.619986,0.752889,0.001000,1.000000
0.736651,0.001000,0.751274,1.000000,0.983830,0.774425,1.000000,0.001000
0.001000,0.001000,0.001000,0.026469,1.000000,0.835153,0.001000,1.000000
0.584171,0.001000,0.606781,0.001000,1.000000,0.001000,0.001000,0.001000
0.001000,0.001000,1.000000,1.000000,0.955350,0.396499,0.116138,0.779138
0.087960,0.001000,0.708135,0.314374,0.542214,0.657954,1.000000,0.001000
0.001000,0.001000,0.675644,0.001000,0.193302,0.229505,0.001000,0.002711
0.001000,0.202391,1.000000,0.001000,1.000000,1.000000,0.847441,0.001000
1.000000,0.001000,1.000000,1.000000,1.000000,1.000000,1.000000,0.358147
0.001000,0.001000,1.000000,0.107523,1.000000,1.000000,1.000000,0.387912
0.001000,0.304674,1.000000,0.672736,0.001000,1.000000,0.559902,1.000000
0.168140,0.172634,1.000000,0.001000,0.021885,0.738441,0.642143,0.062993
1.000000,0.001000,1.000000,0.998513,1.000000,1.000000,0.740051,0.672756
0.665162,0.001000,1.000000,0.859821,1.000000,0.142820,0.001000,0.596644
0.001000,0.001000,1.000000,0.001000,0.010948,0.314928,1.000000,0.001000
0.883165,0.863935,0.633008,0.001000,0.674479,1.000000,1.000000,1.000000
0.001000,0.001000,0.323507,0.412072,0.001000,0.504867,1.000000,0.001000
0.001000,0.001000,0.001000,1.000000,0.224649,1.000000,0.001000,1.000000
0.359380,0.470639,1.000000,0.508083,1.000000,1.000000,0.001000,0.140817
0.001000,0.001000,0.001000,1.000000,1.000000,0.746140,0.001000,0.001000
0.001000,0.626608,0.152886,0.515405,0.001000,1.000000,0.001000,1.000000
0.130999,1.000000,0.001000,1.000000,0.001000,0.001000,1.000000,1.000000
1.000000,0.277804,0.427804,1.000000,0.205295,0.001000,0.001000,1.000000
0.001000,0.001000,1.000000,1.000000,1.000000,0.827048,0.906478,0.285418
0.372396,0.573424,1.000000,0.393292,0.001000,0.123566,0.182217,1.000000
0.001000,0.443163,0.461536,0.001000,0.385924,1.000000,0.515398,1.000000
0.179785,0.001000,0.001000,1.000000,0.001000,0.963238,0.187758,0.001000
1.000000,0.001000,1.000000,1.000000,0.001000,1.000000,0.001000,1.000000
0.591973,0.263259,0.472354,0.950768,1.000000,1.000000,1.000000,0.001000
1.000000,1.000000,1.000000,0.001000,0.001000,0.001000,1.000000,1.000000
0.001000,0.001000,0.001000,1.000000,1.000000,0.182667,0.001000,0.001000
0.001000,0.820489,0.001000,0.001000,0.001000,0.795765,0.813265,1.000000
0.001000,0.612816,1.000000,1.000000,0.001000,0.001000,0.544160,0.047563
1.000000,0.001000,0.001000,0.478320,0.001000,1.000000,0.001000,0.001000
0.001000,0.001000,0.001000,0.159338,0.286616,1.000000,0.001000,0.015022
0.234281,0.001000,0.358578,0.875920,0.238576,0.001000,0.775608,1.000000
0.001000,0.139650,0.649981,1.000000,0.001000,0.420083,1.000000,0.001000
0.421661,0.001000,1.000000,0.001000,0.001000,0.001000,1.000000,1.000000
0.576585,0.153222,1.000000,0.001000,0.001000,0.192726,0.121697,0.001000
0.001000,0.001000,0.668202,0.001000,0.986414,0.001000,0.164923,0.385439
0.001000,0.001000,1.000000,0.450816,0.001000,1.000000,0.329203,1.000000
0.586257,0.671387,0.444542,1.000000,1.000000,1.000000,1.000000,0.482404
0.670112,0.001000,0.001000,0.444052,1.000000,1.000000,1.000000,1.000000
1.000000,0.001000,0.210206,0.896257,0.364444,1.000000,1.000000,0.001000
0.001000,0.194000,1.000000,1.000000,1.000000,0.001000,0.318308,1.000000
0.914174,0.001000,0.377961,0.888294,0.001000,0.001000,0.001000,1.000000
0.001000,0.001000,0.001000,0.915617,0.001000,0.295122,0.001000,0.070670
0.949623,0.941507,1.000000,0.001000,0.001000,1.000000,0.648842,1.000000
0.224111,0.372937,0.355087,0.926611,1.000000,0.296781,0.057729,1.000000
1.000000,1.000000,1.000000,1.000000,0.706453,0.599484,0.001000,0.182740
1.000000,0.057349,0.557003,1.000000,0.363860,0.001000,0.785856,0.001000
1.000000,0.001000,0.737485,0.712851,0.001000,0.001000,1.000000,1.000000
0.001000,0.001000,0.999165,0.001000,0.446077,0.850076,0.704792,0.856712
0.341209,0.368446,0.001000,0.134013,0.096198,0.728255,0.001000,1.000000
1.000000,0.001000,1.000000,0.001000,0.460205,1.000000,1.000000,1.000000
0.733862,0.001000,1.000000,0.609837,1.000000,1.000000,0.001000,1.000000
0.001000,0.001000,0.778980,1.000000,0.001000,1.000000,1.000000,0.422306
0.001000,0.333254,1.000000,0.148292,1.000000,1.000000,1.000000,0.001000
0.001000,0.483884,0.617682,0.643165,0.001000,1.000000,1.000000,0.864094
0.001000,0.001000,0.001000,1.000000,0.001000,1.000000,0.001000,0.001000
0.346852,0.001000,1.000000,0.001000,1.000000,1.000000,0.104151,1.000000
0.511008,0.001000,1.000000,1.000000,0.001000,1.000000,0.001000,1.000000
0.987534,0.027484,0.262275,0.028138,1.000000,0.509643,0.001000,0.836485
0.574668,0.901117,1.000000,1.000000,0.726879,0.001000,0.550751,0.001000
1.000000,0.338018,0.001000,0.001000,0.346692,0.521347,1.000000,1.000000
1.000000,0.468163,1.000000,1.000000,0.918522,0.330070,1.000000,0.001000
0.605559,0.001000,0.001000,0.001000,0.001000,0.001000,0.610751,0.122068
0.001000,0.363596,1.000000,1.000000,0.001000,0.636289,0.594258,0.001000
0.001000,0.770430,0.009228,0.119402,0.839674,0.777810,0.001000,0.428334
1.000000,1.000000,0.605381,0.797137,1.000000,0.001000,0.001000,0.158819
0.001000,0.001000,0.457633,0.001000,1.000000,0.001000,0.001000,0.001000
0.001000,0.001000,0.122760,1.000000,1.000000,0.001000,0.494342,0.558433
0.001000,0.336919,1.000000,1.000000,0.611887,1.000000,0.001000,0.374146
0.001000,0.138524,0.001000,0.090157,0.001000,0.259054,1.000000,0.808055
0.995778,0.496741,0.906892,1.000000,0.001000,0.001000,0.781949,0.515717
0.001000,0.001000,1.000000,0.428189,0.001000,0.492420,1.000000,0.001000
0.001000,0.001000,1.000000,0.001000,0.121885,0.712467,1.000000,0.715068
0.001000,1.000000,0.001000,0.287000,0.783475,1.000000,0.001000,0.001000
0.565907,0.001000,0.424685,0.001000,0.366704,0.375554,1.000000,0.831320
0.176113,0.001000,0.160223,0.001000,0.001000,0.001000,0.001000,0.001000
1.000000,0.001000,0.590164,0.423831,0.604743,1.000000,0.001000,0.001000
0.376657,0.918014,0.001000,0.001000,0.001000,0.090815,0.568748,1.000000
0.001000,1.000000,1.000000,1.000000,0.005180,0.001000,0.099503,0.001000
0.001000,0.001000,0.001000,0.001000,0.001000,0.613421,0.001000,0.282885
0.828604,0.001000,1.000000,1.000000,0.001000,0.862913,1.000000,0.713952
0.001000,0.001000,1.000000,1.000000,0.001000,0.472307,0.001000,0.317319
0.001000,0.001000,1.000000,0.001000,1.000000,1.000000,0.486606,0.028470
0.776374,1.000000,0.001000,0.001000,0.001000,0.315403,0.483713,0.001000
0.001000,0.001000,1.000000,0.001000,0.001000,0.501973,1.000000,1.000000
0.001000,0.196585,0.296363,0.001000,0.041389,0.001000,0.001000,0.834061
0.001000,0.001000,1.000000,0.305927,0.001000,0.001000,0.589472,0.285224
1.000000,0.405378,1.000000,0.273452,0.001000,0.001000,0.001000,0.001000
0.490556,1.000000,0.829116,0.662640,1.000000,0.001000,1.000000,1.000000
0.903387,0.001000,1.000000,1.000000,1.000000,1.000000,1.000000,1.000000
0.001000,0.980446,0.001000,1.000000,1.000000,1.000000,0.001000,0.001000
0.959916,0.001000,1.000000,0.342258,0.001000,1.000000,0.001000,0.238032
0.052869,0.036744,1.000000,0.001000,0.001000,0.001000,0.001000,1.000000
0.308979,1.000000,0.689159,0.001000,0.482038,0.983519,0.001000,1.000000
0.001000,0.001000,1.000000,0.001000,0.001000,0.325098,0.892022,1.000000
1.000000,0.443326,1.000000,1.000000,0.211523,0.541440,0.532328,0.001000
1.000000,1.000000,0.795940,0.364418,1.000000,1.000000,0.001000,0.628521
0.001000,0.001000,1.000000,0.001000,1.000000,0.611295,0.757388,1.000000
1.000000,0.669673,0.785666,1.000000,1.000000,0.001000,0.081596,0.834751
1.000000,0.001000,0.001000,0.822533,0.001000,0.373492,1.000000,0.001000
1.000000,0.001000,1.000000,0.773982,0.488267,0.001000,0.001000,0.892161
1.000000,0.001000,0.001000,0.102128,0.774389,0.783706,0.001000,0.126928
1.000000,0.470072,1.000000,1.000000,0.272459,0.412085,0.332367,0.001000
0.292555,0.001000,1.000000,0.001000,0.731553,0.001000,0.001000,1.000000
0.229467,0.001000,1.000000,0.001000,0.001000,0.534940,1.000000,1.000000
0.458377,0.001000,1.000000,1.000000,1.000000,0.050337,0.840630,0.779551
0.817545,0.001000,0.001000,1.000000,0.001000,1.000000,0.001000,0.001000
0.417278,0.348228,0.640229,1.000000,0.902547,0.438843,1.000000,1.000000
1.000000,0.010383,0.523263,0.001000,1.000000,0.080460,0.889683,0.001000
0.201747,0.083980,1.000000,0.986989,0.954968,0.697509,1.000000,0.583807
0.001000,0.101359,1.000000,1.000000,1.000000,1.000000,1.000000,1.000000
