0.521060,0.022691,0.545992,0.363733,0.597495,0.792661,0.703834,0.732443,0.687940,0.613636
0.643161,0.272598,0.615786,0.501591,0.296064,0.184098,0.205470,0.352127,0.382915,0.159091
0.601514,0.390281,0.595746,0.449417,0.518784,0.432722,0.463768,0.637488,0.512060,0.227273
0.210128,0.360860,0.233507,0.102906,0.813059,0.811927,0.566620,0.525223,0.777387,1.000000
0.629910,0.156606,0.630989,0.489290,0.435599,0.349847,0.465171,0.520772,0.381407,0.202479
0.258874,0.202597,0.267989,0.141506,0.681574,0.463609,0.371201,0.405045,0.521106,0.559917
0.533365,0.347334,0.523879,0.380276,0.384615,0.277064,0.265778,0.370920,0.373869,0.173554
0.318504,0.376078,0.320715,0.184263,0.601968,0.446789,0.221365,0.301187,0.575879,0.526860
0.284903,0.409557,0.302057,0.159619,0.677102,0.534557,0.436886,0.467359,0.653266,0.514463
0.259347,0.484630,0.277664,0.140997,0.599284,0.676453,0.533661,0.427300,0.492462,0.690083
0.427828,0.457577,0.407094,0.277540,0.272809,0.147706,0.079476,0.169139,0.240201,0.165289
0.416469,0.276656,0.413313,0.270414,0.406977,0.338838,0.234923,0.331850,0.397990,0.243802
0.576905,0.510331,0.612331,0.415483,0.409660,0.695413,0.485040,0.557864,0.676885,0.599174
0.419782,0.481587,0.414004,0.271135,0.289803,0.250153,0.234689,0.270030,0.400503,0.090909
0.319451,0.436272,0.344210,0.184433,0.550089,0.644954,0.499766,0.402077,0.512060,0.574380
0.357785,0.602989,0.365840,0.218579,0.557245,0.431498,0.385460,0.368942,0.629648,0.450413
0.364411,0.352406,0.352088,0.229481,0.421288,0.163914,0.175316,0.265084,0.269347,0.210744
0.433034,0.371005,0.444410,0.277964,0.584973,0.562079,0.404862,0.513353,0.559799,0.508264
0.607193,0.420716,0.595746,0.473595,0.417710,0.257798,0.348060,0.474777,0.267337,0.101240
0.310459,0.157282,0.301781,0.179343,0.413238,0.192355,0.158018,0.241345,0.419598,0.179752
0.288689,0.202935,0.289135,0.159703,0.500000,0.332110,0.109163,0.158754,0.460804,0.394628
0.119451,0.092354,0.114373,0.055313,0.454383,0.142202,0.071529,0.107814,0.384422,0.415289
0.395646,0.153901,0.405712,0.237922,0.498211,0.596636,0.487845,0.487636,0.739196,0.440083
0.671084,0.450813,0.645500,0.534677,0.381932,0.256269,0.258766,0.431751,0.361307,0.078512
0.457643,0.394677,0.457540,0.322842,0.541145,0.389297,0.358813,0.458457,0.474874,0.295455
0.480833,0.226269,0.499001,0.326278,0.599284,0.639755,0.523375,0.697824,1.000000,0.518595
0.359678,0.399750,0.370539,0.212641,0.481216,0.514985,0.335437,0.439169,0.604020,0.417355
0.550402,0.356464,0.541154,0.403182,0.382827,0.269725,0.350631,0.387240,0.325126,0.165289
0.393753,0.526225,0.405021,0.249799,0.506261,0.462691,0.395746,0.437685,0.440201,0.338843
0.501183,0.180616,0.492091,0.344263,0.419499,0.297554,0.233287,0.398121,0.346231,0.258264
0.551349,0.520814,0.559812,0.400637,0.490161,0.520795,0.544413,0.620178,0.569347,0.268595
0.230005,0.304048,0.235925,0.126024,0.530411,0.407339,0.287050,0.261128,0.628643,0.599174
0.475154,0.482601,0.476888,0.320594,0.609123,0.401223,0.567321,0.599901,0.602010,0.305785
0.581637,0.566805,0.581234,0.432026,0.379249,0.469419,0.389668,0.380317,0.403518,0.280992
0.433034,0.276318,0.436809,0.281527,0.468694,0.420489,0.318841,0.388229,0.476382,0.332645
0.461902,0.401779,0.458231,0.307954,0.398032,0.352294,0.317438,0.302671,0.425126,0.157025
0.344061,0.406175,0.344417,0.207636,0.416816,0.279511,0.310659,0.281899,0.419598,0.252066
0.286323,0.294579,0.268266,0.161315,0.341682,0.059021,0.062179,0.149357,0.209548,0.198347
0.379082,0.523858,0.357616,0.235546,0.378354,0.100612,0.058439,0.148368,0.258794,0.123967
0.307619,0.375740,0.308277,0.176331,0.447227,0.327523,0.250818,0.273986,0.336683,0.314050
0.305726,0.401441,0.292936,0.177943,0.268336,0.128135,0.075035,0.105341,0.368844,0.142562
0.187885,0.393663,0.194256,0.096543,0.635957,0.316208,0.246377,0.285361,0.424623,0.407025
0.572172,0.510669,0.583999,0.407423,0.350626,0.613456,0.494857,0.497527,0.633166,0.297521
0.298154,0.357479,0.300813,0.170393,0.469589,0.382875,0.232585,0.309594,0.464322,0.388430
0.292948,0.409218,0.287684,0.164581,0.406977,0.263914,0.195418,0.264590,0.349749,0.264463
0.552295,0.266849,0.552211,0.395546,0.521467,0.459327,0.463768,0.503956,0.430653,0.237603
0.057549,0.241148,0.054737,0.024772,0.307692,0.125382,0.039504,0.034125,0.361307,0.330578
0.292948,0.302695,0.291554,0.165896,0.574240,0.320183,0.288920,0.367953,0.541709,0.388430
0.239943,0.166413,0.236686,0.129714,0.460644,0.221713,0.156381,0.140950,0.314070,0.235537
0.308093,0.425789,0.297980,0.177095,0.321109,0.179205,0.113371,0.172107,0.381407,0.169421
0.226219,0.402117,0.213743,0.120637,0.311270,0.095719,0.041141,0.060336,0.223618,0.204545
0.315192,0.224240,0.300053,0.181676,0.226297,0.129052,0.045816,0.090010,0.152261,0.216942
0.234737,0.288492,0.220584,0.124751,0.277281,0.088991,0.048387,0.071711,0.411055,0.250000
0.531945,0.304048,0.528716,0.377307,0.565295,0.397859,0.416550,0.529179,0.523618,0.291322
0.384288,0.416320,0.369502,0.241485,0.348837,0.160245,0.125058,0.169634,0.284422,0.161157
0.214860,0.305739,0.204207,0.112620,0.389982,0.111009,0.073399,0.117705,0.437186,0.208678
0.578798,0.299652,0.564650,0.427784,0.480322,0.331193,0.311594,0.449555,0.435678,0.219008
0.365831,0.401779,0.357685,0.217773,0.555456,0.361162,0.304582,0.406528,0.490955,0.384297
0.287269,0.324676,0.268266,0.162758,0.259392,0.059633,0.003974,0.025717,0.386432,0.123967
0.077520,0.070373,0.072911,0.034359,0.410555,0.104893,0.050491,0.043521,0.318090,0.473141
0.150970,0.174867,0.143465,0.071432,0.552773,0.190214,0.027583,0.068744,0.850754,0.425620
0.076574,0.381150,0.075122,0.033214,0.650268,0.217737,0.072464,0.050940,0.390955,0.384297
0.344061,0.420716,0.363697,0.213023,0.476744,0.557798,0.501402,0.432740,0.451759,0.493802
0.103786,0.140374,0.106495,0.049799,0.228980,0.211315,0.142356,0.112760,0.648744,0.425620
0.269759,0.477867,0.268819,0.150796,0.542039,0.329664,0.266012,0.344708,0.429648,0.349173
0.369143,0.481249,0.370469,0.222609,0.586762,0.396024,0.298504,0.451533,0.453769,0.361570
0.117605,0.382165,0.112783,0.053404,0.472272,0.181346,0.053062,0.079130,0.335176,0.413223
0.204922,0.315546,0.193565,0.106299,0.266547,0.087462,0.089060,0.115232,0.234171,0.159091
0.096971,0.257719,0.103662,0.045387,0.491950,0.375841,0.733988,0.221068,0.533166,0.650826
0.274491,0.229312,0.259697,0.152280,0.417710,0.103670,0.087658,0.146390,0.271357,0.154959
0.566020,0.392310,0.551520,0.418452,0.344365,0.258410,0.254792,0.398121,0.267337,0.115702
0.090298,0.166751,0.103662,0.042630,0.413238,0.411927,0.203600,0.146884,0.428141,0.842975
0.483672,0.500862,0.486563,0.333362,0.496422,0.503364,0.397849,0.397626,0.440704,0.328512
0.322764,0.205641,0.322304,0.186893,0.439177,0.335168,0.184432,0.255687,0.307538,0.345041
0.252248,0.230327,0.244632,0.138876,0.358676,0.152599,0.081113,0.117211,0.336683,0.208678
0.430194,0.336174,0.416769,0.285981,0.358676,0.201223,0.230715,0.333333,0.375879,0.101240
0.309986,0.041629,0.304890,0.176331,0.693202,0.263914,0.163160,0.329377,0.679900,0.359504
0.523900,0.217815,0.528025,0.365854,0.491055,0.600000,0.395979,0.539070,0.553769,0.365702
0.624704,0.482263,0.690417,0.467232,0.688730,1.000000,0.879850,0.798220,0.932663,0.669421
0.278277,0.280376,0.272274,0.153892,0.426655,0.235780,0.093268,0.119683,0.335678,0.227273
0.211548,0.380812,0.207455,0.109438,0.524150,0.229969,0.109631,0.115232,0.397990,0.435950
0.300994,0.208008,0.295078,0.159703,0.502683,0.413150,0.275596,0.350643,0.448241,0.413223
0.863227,0.514051,0.882525,0.735737,0.489267,0.758716,0.782842,0.917409,0.391457,0.388430
0.573592,0.560718,0.589527,0.419300,0.625224,0.491437,0.455119,0.731454,0.293467,0.479339
0.237577,0.200906,0.229153,0.127169,0.407871,0.162997,0.099345,0.096934,0.517085,0.221074
0.543303,0.297961,0.534244,0.395122,0.421288,0.265749,0.314399,0.440158,0.543719,0.231405
0.354946,0.397383,0.348702,0.214083,0.382827,0.248012,0.283777,0.249258,0.515075,0.152893
0.569806,0.503229,0.540463,0.395546,0.346154,0.312538,0.345489,0.413947,0.453769,0.150826
0.254614,0.408880,0.248709,0.136840,0.322898,0.232722,0.143057,0.189911,0.442211,0.309917
0.362518,0.187041,0.359206,0.215653,0.550984,0.353211,0.235390,0.354105,0.535678,0.299587
0.361571,0.483954,0.350913,0.220234,0.340787,0.207034,0.074801,0.151335,0.319096,0.200413
0.397066,0.441345,0.389818,0.248017,0.361360,0.260550,0.264610,0.374876,0.335176,0.247934
0.297681,0.170809,0.282985,0.173150,0.196780,0.098165,0.078541,0.136004,0.168844,0.086777
0.306200,0.290521,0.295838,0.174592,0.452594,0.193578,0.095138,0.142433,0.295477,0.167355
0.382395,0.342261,0.390509,0.238431,0.467800,0.418654,0.399719,0.441147,0.404523,0.285124
0.628490,0.450475,0.612331,0.475292,0.350626,0.345260,0.344787,0.434224,0.525126,0.154959
0.246096,0.274965,0.234958,0.130478,0.473166,0.159633,0.060542,0.150346,0.427136,0.359504
0.132844,0.345981,0.126604,0.064051,0.454383,0.105810,0.018233,0.044016,0.150754,0.411157
0.218646,0.105881,0.211117,0.114147,0.341682,0.173700,0.100514,0.170623,0.286432,0.347107
0.352106,0.340232,0.350291,0.211665,0.410555,0.292661,0.221833,0.293769,0.416583,0.307851
0.313772,0.516418,0.305858,0.186299,0.387299,0.203976,0.203834,0.227003,0.280905,0.200413
0.000047,0.125833,0.000007,0.000000,0.584973,0.175229,0.002338,0.004946,0.442211,0.603306
0.246096,0.365595,0.231019,0.133701,0.254919,0.067278,0.057971,0.092483,0.346231,0.161157
0.137056,0.327720,0.139319,0.065663,0.437388,0.240367,0.146096,0.154797,0.449749,0.293388
0.166115,0.324000,0.163229,0.081697,0.432021,0.206116,0.072464,0.064293,0.586432,0.326446
0.290109,0.197863,0.300053,0.164030,0.788909,0.483486,0.486442,0.479723,0.439699,0.576446
0.220540,0.291536,0.216853,0.114104,0.559928,0.254740,0.167602,0.177052,0.377387,0.334711
0.254614,0.298637,0.243389,0.137095,0.296959,0.152294,0.064049,0.099901,0.277387,0.241736
0.723616,0.336850,0.753301,0.579215,0.724508,0.790214,0.999065,0.906528,0.756784,0.442149
0.206342,0.390619,0.198264,0.107317,0.322004,0.144954,0.122253,0.098912,0.219598,0.336777
0.132371,0.246221,0.129299,0.062227,0.466011,0.200612,0.103553,0.092977,0.268342,0.448347
0.267392,0.373711,0.265087,0.142906,0.426655,0.313456,0.251286,0.302671,0.344221,0.448347
0.344534,0.336174,0.373441,0.206321,0.239714,0.626605,0.704301,0.390702,0.328643,0.592975
0.167061,0.354435,0.171728,0.080891,0.542039,0.342202,0.153810,0.156775,0.438191,0.595041
0.082631,0.206993,0.083276,0.037074,0.567084,0.194495,0.098878,0.099901,0.301005,0.564050
0.234264,0.399750,0.226251,0.125175,0.412343,0.183792,0.080178,0.104352,0.320603,0.266529
0.093232,0.204626,0.103316,0.043139,0.384615,0.323853,0.218794,0.119189,0.128141,0.466942
0.373403,0.235400,0.379038,0.228632,0.577818,0.448012,0.397382,0.446093,0.556281,0.386364
0.416469,0.446417,0.427825,0.271093,0.571556,0.479511,0.500935,0.473788,0.525628,0.502066
0.519167,0.348348,0.486563,0.355674,0.289803,0.149235,0.172744,0.281899,0.542211,0.026859
0.209654,0.037571,0.204207,0.110202,0.376565,0.148318,0.084385,0.134520,0.310050,0.250000
0.552769,0.250617,0.536317,0.395971,0.481216,0.280122,0.342917,0.433729,0.460302,0.270661
0.817321,0.354773,0.845900,0.686108,0.832737,0.820489,1.000000,1.000000,0.806533,0.409091
0.355892,0.039938,0.348909,0.210902,0.523256,0.279817,0.208976,0.290801,0.405025,0.309917
0.302414,0.225931,0.292383,0.173913,0.175313,0.167584,0.191445,0.143422,0.186935,0.190083
0.325130,0.253661,0.308553,0.188844,0.323793,0.131498,0.035531,0.061325,0.283417,0.204545
0.313772,0.506611,0.303854,0.182015,0.366726,0.184098,0.125993,0.157270,0.357286,0.254132
0.568859,0.311149,0.550138,0.421845,0.273703,0.189297,0.219028,0.283383,0.450251,0.028926
0.384288,0.225931,0.385534,0.225239,0.567084,0.496330,0.268350,0.426805,0.477890,0.324380
0.606247,0.521152,0.598510,0.444751,0.446333,0.429664,0.597242,0.573195,0.578895,0.250000
0.246569,0.121098,0.243872,0.132471,0.491950,0.234557,0.068957,0.147379,0.417085,0.324380
0.401325,0.330425,0.400184,0.256798,0.515206,0.317737,0.345021,0.405045,0.442714,0.185950
0.434453,0.400088,0.431280,0.282630,0.440072,0.336391,0.246143,0.282394,0.557789,0.204545
0.413157,0.142741,0.402257,0.262227,0.384615,0.233028,0.169004,0.298220,0.384925,0.169421
0.542830,0.412600,0.528025,0.395122,0.381932,0.240673,0.271856,0.343719,0.322613,0.171488
0.274018,0.431538,0.262116,0.153892,0.348837,0.119878,0.112436,0.138477,0.268844,0.241736
0.223852,0.235400,0.213743,0.118813,0.478533,0.129969,0.086255,0.133531,0.145226,0.216942
0.210601,0.192114,0.202272,0.108717,0.400716,0.154434,0.084151,0.147379,0.343719,0.200413
0.377189,0.265835,0.366669,0.226766,0.582290,0.342813,0.362085,0.431256,0.455779,0.272727
0.203502,0.124480,0.201858,0.102355,0.579607,0.291131,0.110799,0.242334,0.362312,0.241736
0.130525,0.076460,0.120592,0.061506,0.365832,0.069113,0.002338,0.004946,0.428643,0.314050
0.432087,0.282067,0.423679,0.283988,0.407871,0.291437,0.223235,0.298714,0.407538,0.278926
0.210601,0.257042,0.206418,0.107954,0.515206,0.233945,0.049790,0.096934,0.298995,0.342975
0.280170,0.210037,0.276074,0.156395,0.314848,0.234557,0.116643,0.157765,0.365829,0.276859
0.178419,0.177911,0.169103,0.089841,0.235242,0.100917,0.054932,0.044016,0.175377,0.163223
0.232844,0.167089,0.237169,0.122715,0.568873,0.340061,0.089060,0.153314,0.474874,0.607438
0.228112,0.232356,0.243250,0.122376,0.514311,0.463609,0.390136,0.371414,0.818090,0.510331
0.377189,0.306415,0.373510,0.231602,0.266547,0.300612,0.213885,0.181009,0.348744,0.328512
0.353052,0.185012,0.346767,0.210647,0.430233,0.255963,0.200795,0.278437,0.338693,0.243802
0.319924,0.277333,0.306342,0.187275,0.248658,0.138838,0.069659,0.070722,0.212563,0.140496
0.284903,0.374387,0.274485,0.159449,0.553667,0.175841,0.075736,0.136004,0.748744,0.245868
0.058637,0.371682,0.065517,0.025621,0.379249,0.342813,0.311127,0.112265,0.588945,0.694215
0.130194,0.190423,0.138144,0.066469,0.497317,0.432722,0.962599,0.393670,0.752764,0.909091
0.197350,0.113997,0.187139,0.101124,0.410555,0.100000,0.048621,0.093472,0.391960,0.250000
0.292002,0.190423,0.286924,0.167720,0.377460,0.203670,0.219495,0.177052,0.387940,0.270661
0.249408,0.278347,0.238275,0.134380,0.312165,0.148012,0.093268,0.120178,0.462312,0.274793
0.506389,0.373034,0.508676,0.347911,0.535778,0.452905,0.435951,0.526212,0.462814,0.262397
0.466635,0.329749,0.446483,0.312492,0.204830,0.164526,0.122721,0.141939,0.398995,0.076446
0.240416,0.102499,0.228393,0.129417,0.371199,0.103976,0.048387,0.101879,0.271357,0.208678
0.185518,0.109939,0.172074,0.094719,0.210197,0.057492,0.009584,0.037587,0.196985,0.173554
0.225745,0.354097,0.223279,0.117201,0.512522,0.292661,0.162225,0.189911,0.473869,0.320248
0.577851,0.210713,0.570178,0.429905,0.315742,0.306116,0.281206,0.483185,0.347236,0.057851
0.596782,0.285449,0.600583,0.454083,0.540250,0.453211,0.588593,0.640950,0.490955,0.243802
0.253668,0.423083,0.249193,0.136162,0.443649,0.254128,0.127863,0.144411,0.251759,0.384297
0.770942,0.416996,0.748464,0.654295,0.293381,0.293884,0.311828,0.484669,0.377387,0.134298
0.378135,0.339894,0.357340,0.231899,0.291592,0.107339,0.047920,0.100890,0.233668,0.076446
0.180786,0.000034,0.172627,0.090817,0.396243,0.119266,0.061477,0.089021,0.166332,0.309917
0.463796,0.307430,0.452702,0.315080,0.331843,0.224465,0.199158,0.330366,0.423618,0.130165
0.496450,0.506273,0.499692,0.356777,0.476744,0.433945,0.507013,0.520772,0.245226,0.301653
0.378135,0.244868,0.362315,0.230075,0.419499,0.185015,0.063114,0.191889,0.366834,0.154959
0.252721,0.090663,0.242283,0.135992,0.457961,0.157187,0.095605,0.187933,0.456784,0.216942
0.305253,0.335498,0.290586,0.178961,0.347943,0.136086,0.139317,0.175074,0.275377,0.159091
0.401325,0.073755,0.405712,0.251708,0.662791,0.419266,0.477326,0.547478,0.460302,0.448347
0.194037,0.169118,0.182578,0.097222,0.438283,0.119266,0.057504,0.132542,0.259297,0.365702
0.174160,0.183998,0.163782,0.087424,0.324687,0.075229,0.002338,0.004946,0.441206,0.221074
0.080028,0.160326,0.073464,0.035504,0.355993,0.074618,0.002338,0.004946,0.337688,0.376033
0.138381,0.282405,0.143811,0.067402,0.406082,0.339450,0.307854,0.188922,0.311055,0.665289
0.448651,0.351730,0.452702,0.292429,0.417710,0.419572,0.421459,0.443620,0.373869,0.293388
0.285376,0.423083,0.264120,0.162418,0.097496,0.003058,0.006078,0.014342,0.173367,0.068182
0.275911,0.113320,0.259144,0.154953,0.320215,0.059021,0.023843,0.070722,0.209045,0.254132
0.957880,0.411248,0.955774,0.893531,0.516995,0.529052,0.673445,0.933729,0.376884,0.179752
0.667771,0.570187,0.683507,0.495228,0.559034,0.809786,0.583684,0.744807,0.675879,0.516529
0.412683,0.358493,0.396729,0.264306,0.397138,0.212844,0.156381,0.261622,0.285427,0.134298
0.209654,0.176220,0.205520,0.109650,0.348837,0.192966,0.146798,0.121662,0.058794,0.272727
0.392806,0.429509,0.380973,0.240552,0.348837,0.265443,0.127863,0.166172,0.340201,0.293388
0.146711,0.182645,0.138006,0.073807,0.367621,0.087156,0.006078,0.016815,0.328141,0.237603
0.536204,0.299990,0.516968,0.380700,0.306798,0.202752,0.193315,0.292285,0.286935,0.107438
0.223852,0.252984,0.213467,0.117413,0.412343,0.131498,0.091398,0.165183,0.234171,0.245868
0.228585,0.259748,0.217544,0.121061,0.439177,0.113761,0.057270,0.081602,0.335678,0.181818
0.251775,0.209361,0.242145,0.135822,0.261181,0.165443,0.092099,0.086548,0.310050,0.117769
0.342641,0.453519,0.349531,0.197837,0.500000,0.681651,0.465404,0.332344,0.670352,0.545455
0.274018,0.395692,0.264189,0.154359,0.321109,0.145566,0.075035,0.146390,0.323618,0.287190
0.129673,0.287816,0.117068,0.061337,0.160107,0.015291,0.002338,0.004946,0.303015,0.320248
0.253668,0.579994,0.258177,0.141633,0.463327,0.357492,0.255961,0.230465,0.448744,0.421488
0.372929,0.456562,0.391200,0.223924,0.472272,0.549235,0.399018,0.444115,0.345226,0.365702
0.280644,0.223902,0.267713,0.158176,0.248658,0.107951,0.092800,0.122651,0.391457,0.159091
0.321344,0.425451,0.323687,0.188929,0.611807,0.331193,0.326087,0.327893,0.393970,0.409091
0.525319,0.410233,0.508676,0.373489,0.197674,0.207951,0.260168,0.290801,0.361809,0.090909
0.577378,0.432214,0.578470,0.426087,0.300537,0.380428,0.262740,0.339763,0.360302,0.130165
0.353526,0.355450,0.350360,0.211750,0.421288,0.312538,0.278167,0.300692,0.452261,0.324380
0.248462,0.333130,0.240141,0.134677,0.396243,0.191131,0.100281,0.208210,0.466834,0.229339
0.499763,0.325014,0.492782,0.342779,0.340787,0.310092,0.244507,0.375371,0.229146,0.121901
0.771888,0.573569,0.795454,0.653871,0.559034,0.581040,0.825853,0.806133,0.577890,0.274793
0.323237,0.474823,0.330113,0.192704,0.721825,0.484404,0.366526,0.458952,0.603518,0.520661
0.259820,0.300666,0.257762,0.143542,0.430233,0.267278,0.189341,0.193867,0.439699,0.303719
0.385234,0.235738,0.380006,0.243097,0.332737,0.237003,0.178822,0.206726,0.273367,0.225207
0.137056,0.255690,0.132201,0.064433,0.512522,0.164832,0.043478,0.101385,0.444221,0.287190
0.474681,0.356802,0.455466,0.322715,0.322898,0.166972,0.164797,0.271513,0.490452,0.066116
0.290109,0.433905,0.298740,0.163691,0.434705,0.397248,0.205937,0.257171,0.402010,0.497934
0.392333,0.108248,0.375790,0.246872,0.270125,0.134251,0.140019,0.161227,0.155276,0.130165
0.643635,0.420378,0.628225,0.486320,0.351521,0.355963,0.385694,0.477745,0.359296,0.024793
0.230005,0.312164,0.219202,0.120679,0.331843,0.154740,0.064750,0.073689,0.242714,0.239669
1.000000,0.296270,1.000000,0.999152,0.559928,0.407339,0.750584,0.793769,0.300503,0.130165
0.494084,0.536032,0.488636,0.341252,0.438283,0.294190,0.395512,0.331355,0.129648,0.200413
0.341221,0.476852,0.339166,0.198176,0.384615,0.343119,0.262973,0.324431,0.595477,0.316116
0.325603,0.244192,0.325967,0.184688,0.456172,0.407645,0.233754,0.281899,0.530653,0.417355
0.232371,0.292212,0.231710,0.122461,0.375671,0.296636,0.157550,0.160237,0.460804,0.291322
0.152390,0.262791,0.146920,0.075377,0.258497,0.124465,0.137214,0.057864,0.459297,0.291322
0.606720,0.400764,0.593673,0.460870,0.377460,0.343119,0.299673,0.434718,0.524623,0.140496
0.593942,0.769707,0.581925,0.457901,0.291592,0.289297,0.269986,0.333333,0.189950,0.084711
0.315665,0.116702,0.304683,0.180446,0.401610,0.210092,0.093268,0.131553,0.155779,0.297521
0.311406,0.141727,0.309589,0.177222,0.478533,0.308257,0.186068,0.225025,0.458292,0.289256
0.151443,0.264482,0.147404,0.071941,0.487478,0.203670,0.043712,0.099901,0.432161,0.415289
0.415050,0.356464,0.406403,0.262058,0.455277,0.311927,0.270453,0.324431,0.444724,0.289256
0.297681,0.247235,0.281672,0.170902,0.293381,0.096330,0.085320,0.126607,0.224121,0.159091
0.348320,0.127185,0.336678,0.211114,0.424866,0.176758,0.136045,0.232443,0.515075,0.113636
0.163748,0.194481,0.157770,0.078940,0.480322,0.179817,0.017765,0.065282,0.370854,0.320248
0.379555,0.196172,0.370815,0.229481,0.287120,0.278899,0.154278,0.191889,0.417588,0.208678
0.266919,0.482263,0.259559,0.149693,0.245081,0.174006,0.129500,0.105836,0.233166,0.231405
0.276858,0.426803,0.286578,0.152577,0.511628,0.493884,0.398551,0.344214,0.539196,0.485537
0.476574,0.316898,0.481035,0.318770,0.559034,0.424465,0.448808,0.544016,0.543216,0.295455
0.205395,0.587434,0.193289,0.106978,0.153846,0.060245,0.040439,0.020277,0.411558,0.150826
0.200663,0.815022,0.186586,0.103203,0.234347,0.052905,0.014025,0.036597,0.399498,0.192149
0.640322,0.612120,0.626151,0.498622,0.357782,0.272171,0.365591,0.417409,0.200000,0.142562
0.122433,0.209699,0.113474,0.057731,0.295170,0.068807,0.040907,0.087537,0.251759,0.309917
0.333649,0.390281,0.317882,0.195080,0.349732,0.155963,0.036466,0.098912,0.234673,0.192149
0.768102,0.583714,0.758139,0.647508,0.389088,0.458104,0.458158,0.616716,0.431658,0.291322
0.638902,0.397383,0.613022,0.493107,0.285331,0.199083,0.213651,0.302671,0.209548,0.057851
0.342641,0.613473,0.336954,0.203776,0.273703,0.261468,0.260168,0.223046,0.146734,0.254132
0.495977,1.000000,0.481035,0.329629,0.415921,0.340673,0.333567,0.440653,0.381407,0.221074
0.315192,0.199215,0.301228,0.183160,0.381038,0.146483,0.112436,0.189416,0.335176,0.157025
0.257454,0.180278,0.240624,0.141252,0.247764,0.047401,0.026882,0.059842,0.249246,0.175620
0.204449,0.286801,0.208284,0.104306,0.396243,0.348930,0.364189,0.145895,0.504523,0.572314
0.320398,0.475500,0.309244,0.189396,0.257603,0.151988,0.112202,0.120673,0.363317,0.109504
0.587790,0.466369,0.589527,0.429056,0.457066,0.420183,0.481300,0.444609,0.466332,0.227273
0.165641,0.343276,0.158461,0.082376,0.495528,0.126300,0.115241,0.156775,0.345226,0.318182
0.294368,0.261100,0.278769,0.168866,0.184258,0.081957,0.103787,0.059842,0.219598,0.150826
0.279697,0.148828,0.284436,0.156395,0.322004,0.355352,0.323516,0.201780,0.274372,0.311983
0.173687,0.524534,0.167375,0.086321,0.402505,0.164832,0.057971,0.085064,0.425628,0.295455
0.214860,0.176558,0.207869,0.111474,0.444544,0.182569,0.103553,0.149852,0.418593,0.262397
0.660672,0.468398,0.657248,0.517710,0.439177,0.434862,0.636279,0.652819,0.580402,0.206612
0.213914,0.295594,0.203792,0.111941,0.374776,0.126911,0.064049,0.107319,0.393970,0.212810
0.603407,0.341923,0.600583,0.450690,0.488372,0.509174,0.567321,0.486647,0.343216,0.371901
0.488405,0.249264,0.478271,0.332853,0.440072,0.262080,0.298270,0.417903,0.383417,0.146694
0.590156,0.325353,0.571560,0.434995,0.464222,0.307034,0.324684,0.429773,0.364824,0.154959
0.330336,0.248250,0.329215,0.194656,0.518784,0.334862,0.231183,0.264590,0.431156,0.254132
0.594889,0.644584,0.620623,0.451114,0.366726,0.574618,0.419355,0.570722,0.423618,0.274793
0.394699,0.255690,0.410549,0.241697,0.732558,0.642202,0.574568,0.619189,0.677387,0.557851
0.410790,0.456224,0.458922,0.267233,0.530411,0.896024,0.744741,0.685955,0.726131,0.661157
0.404638,0.806567,0.414004,0.255101,0.489267,0.444954,0.411641,0.420376,0.523116,0.361570
0.630857,0.586757,0.615786,0.485472,0.432916,0.276453,0.357410,0.466370,0.383920,0.138430
0.490771,0.451490,0.464450,0.334931,0.313059,0.136086,0.069892,0.145401,0.258291,0.084711
0.487932,0.420040,0.487945,0.341167,0.343471,0.333028,0.229079,0.376360,0.531658,0.115702
0.408424,0.327043,0.388436,0.260912,0.239714,0.115596,0.100748,0.145895,0.249749,0.111570
0.483199,0.418011,0.468596,0.332895,0.408766,0.218960,0.214119,0.327893,0.410553,0.140496
0.650733,0.724054,0.635135,0.541039,0.385510,0.293272,0.321879,0.432740,0.361307,0.159091
0.171320,0.312502,0.176151,0.086066,0.405188,0.294495,0.151706,0.135509,0.438191,0.328512
0.312825,0.410233,0.299708,0.177095,0.250447,0.196330,0.097475,0.110781,0.293970,0.198347
0.278751,0.219844,0.266676,0.156395,0.381932,0.133945,0.093502,0.085064,0.482412,0.179752
0.176526,0.361198,0.177671,0.085430,0.506261,0.337921,0.199860,0.146884,0.310553,0.404959
0.345954,0.240472,0.321406,0.207466,0.113596,0.025382,0.019402,0.036103,0.230151,0.099174
0.203975,0.112644,0.196537,0.103712,0.417710,0.176453,0.078541,0.141444,0.361307,0.283058
0.699006,0.381489,0.715295,0.571580,0.379249,0.543425,0.515428,0.543027,0.337186,0.266529
0.130715,0.201583,0.122389,0.062100,0.347048,0.087156,0.028050,0.074679,0.518091,0.291322
0.518221,0.499510,0.493473,0.362842,0.330948,0.158716,0.135577,0.239367,0.245226,0.126033
0.232371,0.258733,0.223971,0.123903,0.634168,0.164220,0.140954,0.370920,0.484925,0.200413
0.205868,0.150519,0.193496,0.107360,0.377460,0.062080,0.005844,0.021266,0.454271,0.190083
0.559867,0.347334,0.532862,0.406575,0.336315,0.123547,0.189808,0.293769,0.251256,0.020661
0.312825,0.274965,0.293350,0.181888,0.249553,0.067584,0.049088,0.066271,0.262814,0.128099
0.325130,0.185012,0.312354,0.188293,0.389982,0.178899,0.107059,0.188427,0.532663,0.196281
0.576432,0.571202,0.569487,0.421845,0.450805,0.388073,0.451379,0.482690,0.428141,0.272727
0.225272,0.145785,0.210426,0.120382,0.237030,0.076453,0.054932,0.141444,0.528141,0.250000
0.587790,0.286463,0.576397,0.424815,0.466011,0.384709,0.382422,0.472799,0.423618,0.204545
0.438239,0.306415,0.449247,0.280637,0.491950,0.494801,0.457691,0.452522,0.415075,0.367769
0.279697,0.202597,0.278424,0.158261,0.237925,0.236697,0.262973,0.172601,0.191960,0.212810
0.265026,0.293903,0.249055,0.146554,0.288909,0.072783,0.006779,0.019288,0.325126,0.196281
0.234737,0.373711,0.235511,0.126193,0.308587,0.252905,0.155914,0.192384,0.270352,0.386364
0.279697,0.115349,0.263290,0.157964,0.161002,0.057798,0.055166,0.062809,0.144221,0.140496
0.202556,0.346657,0.206833,0.106299,0.255814,0.304893,0.219028,0.281405,0.776382,0.274793
0.207761,0.310473,0.196122,0.107105,0.317531,0.096942,0.058439,0.112265,0.483920,0.216942
0.351633,0.338879,0.361002,0.215271,0.322004,0.456269,0.320711,0.331355,0.333668,0.473141
0.377662,0.317575,0.367913,0.230668,0.342576,0.244037,0.141187,0.243323,0.416583,0.196281
0.282537,0.213419,0.271928,0.157031,0.437388,0.186544,0.146330,0.171612,0.341709,0.324380
0.230478,0.262115,0.219410,0.122673,0.287120,0.116208,0.065217,0.117705,0.414573,0.167355
0.271652,0.137669,0.262530,0.147869,0.403399,0.200306,0.032492,0.099901,0.295477,0.247934
0.321344,0.120422,0.305927,0.186299,0.361360,0.133945,0.027115,0.099901,0.272362,0.208678
0.185991,0.089310,0.175184,0.093404,0.300537,0.088073,0.031323,0.072700,0.200502,0.233471
0.226219,0.285110,0.215678,0.121994,0.430233,0.124465,0.064984,0.179031,0.285930,0.287190
0.344534,0.286125,0.327764,0.207678,0.127013,0.103364,0.060309,0.072700,0.293970,0.142562
0.167061,0.452504,0.159359,0.080891,0.446333,0.151682,0.060542,0.097428,0.324121,0.342975
0.593942,0.310811,0.592291,0.455355,0.567084,0.445872,0.515895,0.530168,0.372864,0.340909
0.259347,0.344290,0.253201,0.139046,0.294275,0.253823,0.161992,0.158259,0.367337,0.278926
0.620445,0.478543,0.628225,0.468081,0.504472,0.505810,0.535998,0.637982,0.602513,0.530992
0.166115,0.301004,0.159428,0.080934,0.493739,0.148012,0.056101,0.092977,0.217085,0.351240
0.212021,0.285787,0.205935,0.110117,0.330054,0.178899,0.080411,0.079130,0.181407,0.276859
0.218646,0.499848,0.210357,0.116098,0.206619,0.117737,0.048387,0.069733,0.444724,0.202479
0.294368,0.206655,0.278355,0.167042,0.299642,0.104281,0.005844,0.021266,0.292462,0.204545
0.095599,0.158635,0.086870,0.043606,0.165474,0.039144,0.010986,0.022255,0.370854,0.398760
0.308566,0.101485,0.289550,0.179300,0.198569,0.054128,0.008883,0.026706,0.158291,0.090909
0.287269,0.139698,0.268957,0.164200,0.285331,0.058104,0.013090,0.048467,0.202513,0.128099
0.223379,0.317913,0.211048,0.116734,0.326476,0.104281,0.039271,0.061820,0.445226,0.254132
0.361098,0.202259,0.337853,0.221167,0.220036,0.051376,0.036232,0.097923,0.292462,0.072314
0.273545,0.123804,0.266054,0.152959,0.324687,0.186850,0.097008,0.131058,0.276884,0.256198
0.215807,0.034189,0.206902,0.112662,0.307692,0.126300,0.034362,0.048961,0.393467,0.247934
0.076526,0.300666,0.071183,0.032959,0.499106,0.122630,0.002338,0.004946,0.559296,0.508264
0.260767,0.241487,0.244632,0.143415,0.299642,0.060856,0.012856,0.036597,0.082915,0.159091
0.246096,0.147814,0.231226,0.134847,0.229875,0.041896,0.028518,0.030168,0.313065,0.154959
0.531945,0.309797,0.517659,0.374762,0.410555,0.285321,0.266480,0.398121,0.380402,0.157025
0.097586,0.310811,0.112507,0.042842,0.430233,0.546789,0.464002,0.247774,0.643216,0.793388
0.257927,0.246559,0.240555,0.141591,0.214669,0.049235,0.033661,0.089021,0.212060,0.136364
0.154756,0.218829,0.157079,0.076649,0.487478,0.283486,0.159654,0.200791,0.348241,0.491736
0.623758,0.336512,0.603347,0.479534,0.255814,0.205505,0.272324,0.387240,0.441206,0.041322
0.278277,0.122113,0.269717,0.153256,0.552773,0.213761,0.091164,0.173096,0.247739,0.326446
0.632276,0.399073,0.636517,0.475292,0.584973,0.517125,0.601917,0.748764,0.763317,0.365702
0.247042,0.186027,0.236478,0.133362,0.313953,0.143731,0.048855,0.088526,0.295477,0.254132
0.269285,0.256704,0.258868,0.146936,0.457961,0.177982,0.076905,0.109298,0.330151,0.223140
0.337435,0.107233,0.319540,0.200637,0.371199,0.106116,0.043478,0.139960,0.162312,0.165289
0.238997,0.278009,0.223210,0.128314,0.225403,0.062691,0.005844,0.032641,0.166834,0.241736
0.439659,0.372020,0.436118,0.284285,0.584079,0.347095,0.347826,0.424827,0.451256,0.285124
0.439186,0.411586,0.440264,0.289841,0.580501,0.336086,0.422861,0.399604,0.411558,0.336777
0.428301,0.196172,0.428516,0.275589,0.387299,0.362997,0.283777,0.353116,0.367839,0.223140
0.283956,0.326029,0.281464,0.157158,0.395349,0.287768,0.168537,0.150841,0.357286,0.338843
0.200663,0.343276,0.194533,0.103415,0.481216,0.151070,0.014025,0.042532,0.447236,0.233471
0.202082,0.171486,0.190663,0.104560,0.281753,0.080122,0.004675,0.019288,0.363317,0.243802
0.251775,0.314869,0.235580,0.136119,0.281753,0.072171,0.020570,0.046983,0.245729,0.216942
0.477047,0.381827,0.469978,0.328781,0.539356,0.266667,0.354839,0.496044,0.340201,0.241736
0.284430,0.152886,0.278424,0.157286,0.384615,0.248624,0.089762,0.108803,0.302513,0.483471
0.557974,0.396368,0.546683,0.402333,0.354204,0.372477,0.250117,0.306133,0.453769,0.243802
0.145291,0.264482,0.142498,0.070965,0.439177,0.167890,0.061010,0.092483,0.422111,0.295455
0.782300,0.492408,0.769195,0.680170,0.494633,0.336086,0.541842,0.702275,0.375377,0.126033
0.352106,0.231003,0.348011,0.211114,0.410555,0.292049,0.189575,0.213650,0.433166,0.311983
0.124278,0.241148,0.123356,0.058113,0.296959,0.225994,0.199158,0.118200,0.495477,0.458678
0.193090,0.177573,0.191423,0.097731,0.462433,0.222018,0.128565,0.170129,0.364824,0.415289
0.601041,0.404822,0.595055,0.445599,0.415027,0.353211,0.437821,0.550445,0.518593,0.167355
0.223852,0.194143,0.215885,0.117413,0.567084,0.166361,0.096073,0.165678,0.481910,0.332645
0.155230,0.169118,0.154867,0.075547,0.422183,0.223853,0.086021,0.105836,0.292965,0.435950
0.240416,0.310811,0.227149,0.128017,0.288909,0.120795,0.019869,0.046983,0.253769,0.237603
0.368197,0.170133,0.352986,0.222779,0.331843,0.181651,0.110098,0.179525,0.236683,0.208678
0.212494,0.213757,0.201996,0.109947,0.350626,0.123853,0.062880,0.119683,0.293467,0.303719
0.235211,0.177573,0.231088,0.120128,0.574240,0.312538,0.029687,0.093472,0.708040,0.347107
0.221486,0.248926,0.206695,0.117710,0.214669,0.054740,0.021739,0.062315,0.312060,0.171488
0.415050,0.321633,0.437500,0.260912,0.650268,0.666667,0.683497,0.619189,0.665829,0.557851
0.887364,0.262115,0.901182,0.791729,0.566190,0.666361,0.789621,0.951039,0.455276,0.252066
0.383341,0.542119,0.374616,0.243097,0.454383,0.242508,0.291024,0.328882,0.300000,0.322314
0.196876,0.147476,0.189695,0.102270,0.188730,0.129052,0.107527,0.077646,0.321608,0.243802
0.264080,0.316560,0.263498,0.145197,0.322004,0.261162,0.243104,0.222057,0.242714,0.264463
0.287269,0.300328,0.285403,0.156310,0.506261,0.342508,0.226741,0.281899,0.494975,0.330578
0.326077,0.219844,0.309106,0.190965,0.320215,0.111621,0.037401,0.108309,0.187940,0.202479
0.089825,0.195496,0.089496,0.041358,0.279964,0.179205,0.112669,0.122651,0.442211,0.355372
0.116233,0.291197,0.110779,0.057307,0.440966,0.125994,0.065685,0.074679,0.229146,0.425620
0.263133,0.282743,0.246222,0.147784,0.203936,0.024771,0.005143,0.031652,0.240201,0.059917
0.299101,0.401102,0.286440,0.170774,0.305903,0.138532,0.080411,0.124629,0.384422,0.165289
0.273545,0.308782,0.263152,0.149778,0.404293,0.186850,0.065217,0.092977,0.356281,0.264463
0.450544,0.290183,0.434044,0.294634,0.405188,0.202752,0.139317,0.243818,0.223618,0.142562
0.303833,0.244868,0.288098,0.173447,0.248658,0.118043,0.053296,0.077646,0.301508,0.165289
0.637009,0.408204,0.622005,0.487593,0.356887,0.289602,0.231417,0.390208,0.285427,0.136364
0.625651,0.578979,0.621314,0.462566,0.423971,0.454128,0.385928,0.630564,0.414573,0.231405
0.247515,0.281052,0.238551,0.133574,0.364043,0.162997,0.104956,0.105341,0.324121,0.210744
0.697113,0.255013,0.671069,0.594910,0.377460,0.205505,0.275362,0.423838,0.335176,0.030992
0.711311,0.412262,0.714604,0.567763,0.489267,0.541284,0.574568,0.747280,0.388945,0.256198
0.443445,0.459268,0.450629,0.295610,0.409660,0.401529,0.425666,0.438675,0.565327,0.272727
0.388547,0.118393,0.372197,0.241061,0.250447,0.155658,0.081580,0.136499,0.337186,0.132231
0.681022,0.182307,0.673833,0.527042,0.433810,0.407034,0.453950,0.625618,0.463819,0.264463
0.646474,0.258395,0.628916,0.505408,0.383721,0.272783,0.359280,0.447082,0.261809,0.119835
0.317558,0.215109,0.304407,0.184772,0.280859,0.138532,0.062179,0.105341,0.413065,0.159091
0.434927,0.215109,0.431971,0.273595,0.422183,0.383486,0.157784,0.272008,0.472362,0.345041
0.169901,0.355450,0.182163,0.082630,0.349732,0.451376,0.535297,0.298714,0.571859,0.733471
0.306673,0.625647,0.290932,0.177561,0.211091,0.088379,0.032024,0.060336,0.186432,0.177686
0.316138,0.183998,0.307378,0.185409,0.278175,0.174618,0.101683,0.127102,0.372864,0.206612
0.194037,0.308444,0.203931,0.092514,0.626118,0.602446,0.397148,0.319980,0.575879,0.630165
0.203029,0.109939,0.202963,0.102991,0.644902,0.283486,0.187003,0.279426,0.486432,0.415289
0.192144,0.176558,0.185756,0.097222,0.253131,0.160245,0.085320,0.107319,0.478894,0.278926
0.239943,0.439992,0.241592,0.129078,0.158318,0.271865,0.187938,0.152324,0.076884,0.363636
0.256034,0.262791,0.254652,0.135483,0.470483,0.340367,0.140019,0.147379,0.366332,0.349173
0.298154,0.135640,0.290241,0.168951,0.286225,0.206116,0.121085,0.146390,0.284925,0.142562
0.360625,0.459268,0.346767,0.221082,0.314848,0.146789,0.198457,0.265579,0.289950,0.107438
0.247515,0.148152,0.241799,0.135101,0.263864,0.182875,0.162225,0.130069,0.299498,0.258264
0.326550,0.218153,0.308069,0.192195,0.167263,0.091437,0.050023,0.046983,0.279900,0.117769
0.203029,0.195834,0.204483,0.105409,0.287120,0.284404,0.237728,0.141444,0.381910,0.485537
0.594889,0.456562,0.588145,0.437116,0.441860,0.346789,0.436185,0.509891,0.471859,0.202479
0.155230,0.084914,0.151758,0.075547,0.432916,0.174312,0.047218,0.102374,0.376884,0.345041
0.083010,0.241148,0.079337,0.038516,0.467800,0.170948,0.002338,0.004946,0.469849,0.454545
0.402745,0.346995,0.405021,0.255016,0.576029,0.421407,0.444367,0.455490,0.441709,0.380165
0.692380,0.425112,0.695255,0.535949,0.582290,0.581957,0.659186,0.777448,0.558794,0.353306
0.242310,0.270907,0.236893,0.128399,0.458855,0.242202,0.114072,0.169634,0.445729,0.260331
0.335069,0.252646,0.317605,0.197498,0.257603,0.107645,0.064984,0.165678,0.296985,0.177686
0.309039,0.310473,0.306203,0.175865,0.485689,0.294495,0.202899,0.271019,0.379900,0.243802
0.275438,0.262115,0.271306,0.154741,0.257603,0.215902,0.175082,0.206726,0.263317,0.175620
0.193090,0.173176,0.183269,0.099555,0.230769,0.089602,0.065685,0.040554,0.243719,0.270661
0.228112,0.255352,0.217475,0.122333,0.351521,0.134251,0.068957,0.086053,0.400503,0.231405
0.517274,0.382503,0.557048,0.360764,0.638640,0.731498,0.747779,0.597428,0.534171,0.458678
0.234264,0.040614,0.223556,0.126914,0.331843,0.103976,0.063347,0.093966,0.276884,0.132231
0.283010,0.290183,0.279115,0.161909,0.195886,0.185321,0.097242,0.097923,0.414070,0.206612
0.282063,0.218491,0.272205,0.154444,0.422183,0.214067,0.079476,0.123145,0.344221,0.268595
0.253668,0.177234,0.238413,0.138113,0.314848,0.083486,0.051660,0.106330,0.261809,0.167355
0.187411,0.300328,0.183822,0.096077,0.436494,0.171865,0.117812,0.149852,0.219095,0.355372
0.433507,0.174191,0.418151,0.278473,0.388193,0.203670,0.130902,0.228981,0.344221,0.200413
0.277804,0.394339,0.268404,0.157370,0.213775,0.198165,0.145629,0.097428,0.266332,0.250000
0.521060,0.370329,0.511440,0.359788,0.465116,0.342508,0.283076,0.441147,0.473367,0.241736
0.250355,0.277671,0.239242,0.136840,0.314848,0.143425,0.077373,0.136004,0.460302,0.144628
0.207288,0.265835,0.198333,0.108717,0.330948,0.106116,0.067321,0.108803,0.276884,0.208678
0.192144,0.240810,0.187484,0.097434,0.501789,0.182263,0.073633,0.127596,0.333668,0.297521
0.114387,0.404822,0.110296,0.053150,0.251342,0.128746,0.089762,0.030168,0.112563,0.376033
0.379082,0.419364,0.371368,0.233383,0.300537,0.257187,0.162693,0.196835,0.449246,0.208678
0.385707,0.679754,0.365701,0.244327,0.282648,0.084709,0.111968,0.140455,0.403015,0.080579
0.232371,0.387576,0.225284,0.123139,0.412343,0.192049,0.061945,0.112760,0.486935,0.287190
0.114766,0.405499,0.109259,0.054168,0.472272,0.132110,0.050257,0.067260,0.489950,0.351240
0.403218,0.384532,0.408476,0.279788,0.540250,0.424159,0.358111,0.424332,0.520101,0.404959
0.270705,0.083223,0.256311,0.149099,0.323793,0.120795,0.057504,0.123640,0.267839,0.285124
0.197823,0.395692,0.187691,0.100446,0.449016,0.126605,0.023375,0.058358,0.283920,0.256198
0.217227,0.315546,0.210150,0.112917,0.303220,0.179817,0.130669,0.075668,0.492965,0.283058
0.364884,0.144432,0.376136,0.217434,0.460644,0.505199,0.341281,0.316518,0.520603,0.518595
0.219120,0.213419,0.218857,0.112280,0.511628,0.300917,0.168303,0.227498,0.420101,0.293388
0.316138,0.318589,0.315601,0.183160,0.348837,0.294495,0.228144,0.242829,0.401005,0.264463
0.130715,0.318251,0.125360,0.062015,0.500000,0.198471,0.023142,0.102374,0.747739,0.440083
0.144345,0.391296,0.134067,0.069481,0.264759,0.063303,0.008181,0.030663,0.291457,0.318182
0.165641,0.178249,0.163782,0.080637,0.416816,0.253517,0.150538,0.114738,0.439699,0.417355
0.180786,0.414967,0.172765,0.091793,0.325581,0.119266,0.086723,0.074184,0.485427,0.223140
0.196403,0.233709,0.184374,0.100785,0.267442,0.060856,0.034362,0.072700,0.231658,0.258264
0.271652,0.269216,0.257002,0.151771,0.245081,0.081957,0.035063,0.095945,0.205528,0.132231
0.374822,0.433567,0.402948,0.229693,0.428444,0.624159,0.641187,0.485163,0.497990,0.413223
0.256507,0.269555,0.260388,0.137561,0.481216,0.346177,0.183263,0.143422,0.382412,0.454545
0.624704,0.332454,0.622005,0.469353,0.551878,0.399083,0.500935,0.627596,0.338693,0.237603
0.560341,0.414629,0.552211,0.409968,0.449016,0.368502,0.374942,0.437191,0.448744,0.254132
0.372929,0.244530,0.353124,0.224900,0.336315,0.159939,0.080645,0.147379,0.262814,0.165289
0.331282,0.335159,0.327073,0.193426,0.486583,0.290214,0.265545,0.324431,0.311055,0.338843
0.278751,0.332454,0.268680,0.155122,0.355993,0.184709,0.044413,0.108309,0.407538,0.299587
0.334122,0.212066,0.317813,0.198388,0.295170,0.124159,0.084853,0.150346,0.333668,0.206612
0.325130,0.334483,0.310211,0.190499,0.314848,0.137309,0.033661,0.118200,0.253769,0.159091
0.333176,0.201244,0.316500,0.196395,0.251342,0.114373,0.051192,0.136004,0.270854,0.142562
0.188831,0.253323,0.193081,0.096713,0.335420,0.284098,0.223469,0.183482,0.220603,0.359504
0.486985,0.531298,0.474124,0.333107,0.283542,0.282875,0.283777,0.288823,0.209548,0.105372
0.321817,0.205641,0.308069,0.187657,0.327370,0.149235,0.027115,0.053907,0.178392,0.196281
0.169901,0.291197,0.159152,0.083733,0.266547,0.080122,0.048855,0.059842,0.664322,0.179752
0.522953,0.241487,0.509367,0.359067,0.338998,0.320489,0.257129,0.314046,0.336683,0.181818
0.237104,0.513375,0.233714,0.126321,0.459750,0.225688,0.129500,0.216123,0.386935,0.402892
0.509702,0.619560,0.507985,0.355504,0.432916,0.345566,0.399252,0.414936,0.333166,0.210744
0.370090,0.268878,0.359966,0.225366,0.359571,0.215596,0.097475,0.116716,0.423618,0.204545
0.357312,0.325691,0.348702,0.218961,0.288909,0.182263,0.208509,0.149852,0.212563,0.175620
0.668244,0.365595,0.651720,0.526193,0.404293,0.303058,0.369799,0.576162,0.253266,0.157025
0.231424,0.400088,0.228324,0.122376,0.129696,0.269113,0.207574,0.123145,0.150251,0.353306
0.596782,0.517094,0.579852,0.444327,0.461538,0.245566,0.389201,0.453017,0.308040,0.101240
0.237577,0.626323,0.227909,0.126830,0.293381,0.140979,0.097242,0.100890,0.283920,0.247934
0.357312,0.144432,0.346007,0.212386,0.521467,0.226300,0.163394,0.325915,0.301508,0.252066
0.266919,0.251632,0.254514,0.148208,0.305903,0.109786,0.071763,0.117211,0.376382,0.192149
0.302887,0.710527,0.294041,0.175483,0.365832,0.170948,0.068256,0.166172,0.163317,0.231405
0.220066,0.662169,0.214780,0.115207,0.375671,0.205810,0.169705,0.104847,0.376382,0.262397
0.294841,0.525549,0.278562,0.167296,0.324687,0.102752,0.067087,0.107319,0.285930,0.140496
0.284903,0.521491,0.268266,0.159788,0.287120,0.098777,0.030622,0.091988,0.310050,0.113636
0.131330,0.625309,0.123633,0.062524,0.252236,0.085321,0.038336,0.056380,0.286935,0.216942
0.477993,0.589801,0.465832,0.333998,0.423971,0.283180,0.237728,0.322948,0.373367,0.285124
0.967345,0.560042,0.988943,1.000000,0.508050,0.551682,0.852034,0.840257,0.508040,0.148760
0.351159,0.584390,0.334881,0.213192,0.163685,0.103364,0.083684,0.090999,0.330151,0.109504
0.218646,0.292550,0.207939,0.114189,0.299642,0.122630,0.081113,0.092977,0.234171,0.198347
0.292948,0.287816,0.279806,0.167042,0.206619,0.126911,0.115942,0.146884,0.203015,0.134298
0.296261,0.352406,0.297704,0.169417,0.279070,0.317737,0.238429,0.144906,0.276884,0.316116
0.291529,0.373034,0.291554,0.166872,0.313953,0.276758,0.255961,0.178536,0.257286,0.231405
0.127212,0.283758,0.119348,0.060573,0.281753,0.109786,0.036933,0.033630,0.316583,0.311983
0.502603,0.460620,0.519732,0.355037,0.369410,0.556575,0.501636,0.500495,0.324623,0.510331
0.219593,0.286463,0.225214,0.112535,0.589445,0.397248,0.240767,0.279921,0.455779,0.487603
0.127165,0.296946,0.122320,0.061761,0.338998,0.135168,0.071295,0.079624,0.596985,0.311983
0.239470,0.623280,0.228462,0.129969,0.321109,0.127217,0.057737,0.122651,0.404020,0.165289
0.375769,0.176558,0.363905,0.230499,0.262970,0.205199,0.131837,0.164194,0.320101,0.159091
0.250355,0.685164,0.232401,0.136543,0.227191,0.047706,0.002338,0.004946,0.327136,0.219008
0.184572,0.199892,0.183960,0.091368,0.439177,0.270642,0.122020,0.082591,0.407538,0.400826
0.276858,0.203612,0.270201,0.154147,0.347048,0.196636,0.138616,0.157270,0.329146,0.208678
0.341694,0.365933,0.335987,0.201443,0.337209,0.282569,0.120617,0.156281,0.229146,0.229339
0.327496,0.233709,0.312215,0.193383,0.149374,0.106422,0.054231,0.071217,0.383417,0.132231
0.213441,0.165060,0.208699,0.110881,0.474061,0.195413,0.126461,0.102374,0.366332,0.345041
0.438713,0.331440,0.456157,0.285175,0.456172,0.522630,0.525012,0.459446,0.553266,0.347107
0.245149,0.281391,0.238413,0.132259,0.351521,0.183486,0.070594,0.080613,0.208040,0.285124
0.327496,0.322309,0.310557,0.194868,0.253131,0.106728,0.072464,0.107319,0.265829,0.142562
0.307146,0.147137,0.300813,0.170859,0.496422,0.296942,0.137681,0.265579,0.366332,0.359504
0.318031,0.268202,0.303854,0.181379,0.428444,0.187156,0.108696,0.161227,0.342714,0.245868
0.414103,0.053126,0.407785,0.256077,0.471377,0.340979,0.280739,0.312067,0.368844,0.280992
0.258874,0.226607,0.269924,0.141337,0.389088,0.405810,0.363254,0.244807,0.518593,0.500000
0.362518,0.241487,0.348425,0.221633,0.311270,0.148624,0.123656,0.142928,0.180402,0.095041
0.589683,0.308106,0.582616,0.434147,0.512522,0.386544,0.529687,0.595450,0.388442,0.252066
0.222433,0.218491,0.219064,0.117498,0.547406,0.226911,0.102384,0.159743,0.403518,0.309917
0.459536,0.354773,0.437500,0.302906,0.209302,0.161162,0.087658,0.119189,0.400000,0.086777
0.249408,0.430523,0.237653,0.137010,0.271020,0.102752,0.042309,0.067260,0.248241,0.223140
0.514434,0.119069,0.489327,0.359958,0.239714,0.133945,0.106358,0.211672,0.085427,0.070248
0.522007,0.366947,0.515586,0.366278,0.433810,0.337921,0.275830,0.388724,0.535678,0.243802
0.259347,0.105543,0.242145,0.141591,0.197674,0.067278,0.019168,0.061820,0.282915,0.229339
0.292475,0.366271,0.278286,0.167636,0.194097,0.104893,0.044413,0.067260,0.333166,0.204545
0.373403,0.355111,0.361624,0.227954,0.396243,0.198777,0.161758,0.249753,0.219598,0.175620
0.268339,0.286125,0.268819,0.145112,0.500894,0.351682,0.189808,0.255687,0.296985,0.402892
0.259820,0.257042,0.253339,0.142779,0.337209,0.177064,0.086723,0.122156,0.239196,0.237603
0.544723,0.264144,0.535626,0.392153,0.443649,0.346483,0.350865,0.458952,0.392965,0.371901
0.644108,0.389943,0.649647,0.499046,0.508945,0.446483,0.513791,0.559347,0.401005,0.272727
0.381448,0.237767,0.379660,0.231559,0.422183,0.360856,0.182796,0.308605,0.310553,0.407025
0.323710,0.499848,0.335434,0.191899,0.577818,0.457798,0.319542,0.339268,0.615578,0.483471
0.263133,0.223564,0.258868,0.141167,0.574240,0.275535,0.140954,0.167161,0.448744,0.353306
0.762423,0.342261,0.748464,0.652598,0.373882,0.333639,0.394109,0.500989,0.228643,0.119835
0.108282,0.106895,0.122320,0.044624,1.000000,0.628440,0.229780,0.264590,0.667337,0.950413
0.127591,0.116026,0.140494,0.054719,0.661002,0.617737,0.280037,0.353116,0.506030,0.966942
0.247989,0.349363,0.246567,0.131326,0.518784,0.296024,0.193548,0.112265,0.539699,0.411157
0.193090,0.250617,0.189764,0.094592,0.606440,0.271254,0.097242,0.216123,0.454271,0.636364
0.441079,0.202597,0.420915,0.286872,0.381932,0.148930,0.131604,0.230465,0.332161,0.157025
0.401325,0.481587,0.414696,0.249332,0.596601,0.515596,0.476858,0.426311,0.380402,0.450413
0.225272,0.168442,0.224731,0.119831,0.262970,0.239144,0.159654,0.135509,0.225628,0.384297
0.370563,0.168780,0.351535,0.227869,0.296064,0.097248,0.082281,0.130564,0.306030,0.092975
0.303833,0.365595,0.309935,0.175271,0.527728,0.392966,0.340112,0.409001,0.535678,0.500000
0.359678,0.133611,0.348978,0.218579,0.417710,0.216514,0.194483,0.220079,0.346231,0.152893
0.381921,0.316560,0.369502,0.236861,0.362254,0.206728,0.177419,0.219090,0.256784,0.210744
0.206342,0.301004,0.200199,0.105069,0.476744,0.203670,0.102852,0.133037,0.440704,0.270661
0.536204,0.367624,0.532171,0.385366,0.493739,0.325382,0.369098,0.472305,0.407035,0.214876
0.610980,0.356802,0.599201,0.454083,0.466011,0.344342,0.332165,0.471316,0.377889,0.266529
0.279224,0.287816,0.280981,0.148293,0.627907,0.451682,0.115241,0.267062,0.331156,0.485537
0.273071,0.236414,0.267575,0.148590,0.544723,0.285321,0.093034,0.153314,0.537688,0.355372
0.109560,0.141727,0.111747,0.048484,0.764759,0.318349,0.080178,0.124629,0.576382,0.578512
0.835305,0.402117,0.841063,0.720043,0.459750,0.587768,0.542309,0.732443,0.472864,0.380165
0.202556,0.342261,0.190110,0.103754,0.299642,0.078593,0.014259,0.033136,0.294975,0.297521
0.318504,0.303372,0.310557,0.181337,0.425760,0.270948,0.128331,0.191889,0.333668,0.400826
0.135684,0.201921,0.132754,0.063500,0.387299,0.201223,0.056802,0.124629,0.169347,0.411157
0.075296,0.114673,0.074224,0.033001,0.465116,0.177064,0.062179,0.079624,0.315578,0.460744
0.306673,0.305739,0.301643,0.172895,0.500000,0.291743,0.100514,0.160732,0.338191,0.293388
0.253668,0.086605,0.242905,0.137858,0.343471,0.136697,0.071529,0.136004,0.321106,0.188017
0.329389,0.117040,0.321475,0.191177,0.654741,0.241896,0.238429,0.332344,0.465327,0.322314
0.240890,0.126171,0.235234,0.127975,0.522361,0.219266,0.090697,0.143422,0.305025,0.353306
0.225745,0.265497,0.221828,0.118516,0.498211,0.240673,0.125760,0.224530,0.275377,0.367769
0.221959,0.348686,0.217129,0.115674,0.447227,0.232722,0.100514,0.111771,0.406533,0.322314
0.317085,0.223902,0.303854,0.183245,0.368515,0.165749,0.043245,0.097923,0.291960,0.260331
0.638429,0.370667,0.628225,0.490138,0.357782,0.345260,0.358345,0.506924,0.560804,0.107438
0.188358,0.267526,0.186586,0.094210,0.405188,0.241896,0.125292,0.142928,0.285930,0.311983
0.642215,0.377092,0.649647,0.493956,0.474061,0.475535,0.489715,0.658754,0.541206,0.278926
0.345007,0.434243,0.345385,0.206278,0.466905,0.296636,0.344320,0.308605,0.440201,0.223140
0.222906,0.498157,0.225145,0.111517,0.644007,0.418349,0.107994,0.228981,0.543216,0.518595
0.035447,0.533665,0.028961,0.014974,0.262970,0.092966,0.002338,0.004946,0.412060,0.491736
0.033649,0.531974,0.031449,0.011411,0.313953,0.310398,0.218560,0.072206,0.495980,0.588843
0.215807,0.159988,0.213260,0.110032,0.431127,0.286239,0.159888,0.133037,0.385930,0.388430
0.354472,0.516756,0.359482,0.217561,0.329159,0.319878,0.238195,0.197329,0.413065,0.297521
0.367250,0.531298,0.351812,0.222736,0.279070,0.164220,0.098410,0.154797,0.396985,0.161157
0.294841,0.620574,0.283952,0.167508,0.313953,0.154128,0.072230,0.167161,0.290452,0.181818
0.326077,0.371682,0.317744,0.187190,0.395349,0.255046,0.088593,0.122156,0.286432,0.369835
0.314245,0.457238,0.299915,0.182270,0.365832,0.150153,0.071763,0.125618,0.308543,0.185950
0.158069,0.224578,0.148717,0.076946,0.381932,0.096330,0.025947,0.032146,0.419598,0.268595
0.155230,0.232356,0.152449,0.075207,0.332737,0.190520,0.104254,0.125618,0.311055,0.373967
0.127922,0.325691,0.119279,0.060319,0.297853,0.097554,0.057036,0.052423,0.266332,0.276859
0.181732,0.490379,0.173456,0.092514,0.271020,0.145566,0.038569,0.045500,0.465327,0.295455
0.183625,0.398059,0.170830,0.092047,0.203041,0.073089,0.002338,0.004946,0.307035,0.216942
0.196403,0.430523,0.191423,0.099640,0.394454,0.194190,0.115007,0.116716,0.492462,0.340909
0.274018,0.666903,0.259559,0.154571,0.279070,0.073089,0.049088,0.079130,0.245729,0.152893
0.111358,0.413615,0.105182,0.051114,0.364937,0.115291,0.095839,0.068249,0.322613,0.347107
0.279224,0.649657,0.267506,0.157286,0.264759,0.121713,0.147031,0.120673,0.259297,0.167355
0.156649,0.605357,0.151205,0.075462,0.346154,0.177982,0.142590,0.140455,0.272864,0.254132
0.150497,0.334145,0.144709,0.071347,0.435599,0.173089,0.014025,0.060336,0.372362,0.295455
0.115618,0.614487,0.106910,0.054210,0.264759,0.095719,0.002338,0.004946,0.347739,0.239669
0.360151,0.438639,0.363490,0.217858,0.296064,0.350459,0.242870,0.189911,0.203015,0.258264
0.214387,0.480910,0.212361,0.110287,0.366726,0.255963,0.262272,0.208210,0.169849,0.345041
0.334595,0.589801,0.328869,0.193807,0.426655,0.288073,0.106592,0.217606,0.244724,0.262397
0.199716,0.664874,0.185756,0.102864,0.204830,0.052599,0.002338,0.004946,0.005025,0.123967
0.389967,0.707146,0.411931,0.243224,0.475850,0.581957,0.598410,0.471316,0.541709,0.464876
0.659725,0.520138,0.685580,0.510499,0.521467,0.627523,0.744273,0.733927,0.552261,0.409091
0.690014,0.428832,0.678670,0.566490,0.531306,0.298165,0.572464,0.691889,0.339699,0.148760
0.622338,0.626999,0.604038,0.474019,0.413238,0.259939,0.338943,0.489120,0.352764,0.130165
0.455277,0.621251,0.445792,0.303118,0.295170,0.256575,0.218560,0.267062,0.271357,0.154959
0.644581,0.663522,0.665540,0.475716,0.592129,0.790826,0.823749,0.756677,0.676885,0.438017
0.036914,0.501539,0.028547,0.015907,0.008945,0.077064,0.002338,0.004946,0.269849,0.202479
