0.694190,0.651848,0.480519,0.106375,0.245234,0.168172
0.803653,0.001000,0.553572,0.783249,0.261845,0.751640
0.858786,1.000000,0.995042,0.548599,0.698723,0.001000
0.001000,0.751959,0.001000,0.467885,0.001000,0.001000
0.448152,1.000000,0.052902,0.028387,0.001000,1.000000
1.000000,0.346755,0.001000,0.334279,1.000000,0.964226
1.000000,0.001000,0.067070,0.001000,0.001000,1.000000
1.000000,1.000000,0.558436,0.297464,0.043259,0.001000
0.195986,0.001000,0.686843,0.086334,0.001000,0.678277
0.001000,1.000000,1.000000,1.000000,0.454148,0.001000
0.412996,0.452067,0.284482,0.001000,0.001000,1.000000
0.425832,1.000000,0.001000,0.001000,0.786366,0.001000
1.000000,0.267205,1.000000,0.103924,0.536518,0.001000
0.001000,0.986372,1.000000,1.000000,0.001000,0.197036
0.796138,0.001000,1.000000,0.001000,0.001000,0.001000
0.163875,0.001000,1.000000,1.000000,0.001000,0.775696
0.001000,1.000000,0.965213,0.859800,0.001000,0.001000
0.001000,1.000000,0.189809,0.001000,0.001000,1.000000
0.001000,1.000000,0.001000,0.258429,1.000000,0.138205
0.862359,0.807012,0.259435,1.000000,0.554515,0.001000
1.000000,1.000000,0.001000,0.001000,0.594984,1.000000
0.001000,0.001000,0.001000,0.281697,0.001000,1.000000
1.000000,0.168320,1.000000,0.001000,0.001000,0.001000
1.000000,0.307869,1.000000,0.926648,0.001000,0.001000
0.001000,0.669465,0.517793,1.000000,0.484147,1.000000
1.000000,1.000000,0.001000,0.235952,0.001000,1.000000
1.000000,0.001000,0.738390,0.001000,0.001000,0.943248
0.742297,1.000000,0.001000,0.001000,0.622919,0.485204
0.706517,1.000000,1.000000,0.001000,0.537203,0.393409
0.943304,0.500799,0.020791,0.489916,0.001000,0.726651
1.000000,0.410984,0.394719,0.001000,0.001000,0.934890
0.001000,1.000000,0.294395,0.098423,0.001000,1.000000
1.000000,1.000000,0.603000,0.001000,0.001000,0.001000
0.799990,0.247349,0.001000,0.204952,0.274140,0.209121
1.000000,0.266710,1.000000,0.495431,1.000000,0.709549
0.998917,1.000000,1.000000,0.001000,0.001000,0.390974
0.513775,0.001000,0.001000,0.450059,0.865424,0.966528
1.000000,1.000000,0.884000,0.712435,0.947937,0.001000
0.675873,0.221681,1.000000,1.000000,0.001000,0.001000
0.001000,1.000000,0.318018,0.077320,0.001000,0.001000
0.168255,0.751349,1.000000,0.001000,0.697620,0.001000
0.178824,0.866328,0.435583,0.891719,0.001000,1.000000
0.874584,0.001000,1.000000,0.001000,0.001000,0.001000
1.000000,1.000000,0.001000,0.001000,1.000000,0.748712
0.001000,0.405645,1.000000,0.001000,0.031040,0.120764
1.000000,1.000000,1.000000,0.170217,1.000000,0.001000
0.332295,0.180159,0.964324,0.001000,0.001000,0.052558
0.890953,1.000000,0.001000,1.000000,0.001000,0.001000
1.000000,1.000000,1.000000,1.000000,0.001000,0.001000
1.000000,0.380271,1.000000,0.001000,1.000000,0.001000
1.000000,0.001000,0.001000,0.001000,0.001000,0.076402
0.440353,0.664867,0.733202,0.001000,0.001000,0.001000
1.000000,0.001000,0.001000,1.000000,0.001000,1.000000
0.001000,0.364555,0.811196,0.001000,0.001000,0.001000
1.000000,1.000000,1.000000,0.501844,0.465274,0.001000
1.000000,0.713615,0.921992,0.001000,0.089387,0.131474
1.000000,0.411052,1.000000,0.162639,0.783969,1.000000
0.030879,0.199929,1.000000,0.520236,0.398711,1.000000
0.001000,0.350405,0.485916,0.001000,0.001000,1.000000
1.000000,0.513778,1.000000,0.001000,1.000000,0.476097
0.388918,0.040843,0.347260,0.001000,1.000000,1.000000
0.001000,1.000000,0.814838,1.000000,0.085636,0.001000
0.345810,0.176745,0.180430,0.001000,0.084430,0.001000
1.000000,0.676367,0.757886,0.001000,0.001000,0.001000
1.000000,0.788325,0.637245,1.000000,0.722049,0.001000
1.000000,1.000000,0.475843,1.000000,0.838611,0.001000
0.001000,0.001000,0.632823,0.233482,0.333541,0.001000
0.416475,0.166890,1.000000,0.717467,1.000000,1.000000
1.000000,0.001000,0.797685,1.000000,0.001000,0.297846
0.366253,1.000000,0.001000,1.000000,0.001000,0.001000
1.000000,1.000000,0.778592,0.766067,1.000000,0.001000
0.001000,1.000000,1.000000,0.358024,0.001000,0.001000
0.507357,0.675015,0.001000,1.000000,0.001000,0.001000
0.202816,0.147616,1.000000,0.001000,0.321078,0.518969
0.001000,0.408561,0.743347,0.001000,0.417661,1.000000
1.000000,0.001000,0.109278,1.000000,0.001000,0.196261
0.001000,1.000000,0.381323,0.645511,1.000000,0.001000
0.040462,0.106513,1.000000,0.640665,1.000000,0.181674
0.794260,0.657577,0.077654,0.001000,0.063811,0.001000
1.000000,1.000000,1.000000,0.299682,0.001000,0.728435
0.930765,0.001000,0.804257,1.000000,0.001000,0.426777
0.649072,1.000000,1.000000,1.000000,0.716241,0.001000
0.101718,1.000000,1.000000,0.001000,1.000000,1.000000
1.000000,1.000000,0.001000,0.001000,0.502725,0.207718
1.000000,1.000000,0.178134,0.001000,0.228282,0.705288
1.000000,0.528315,0.001000,0.001000,0.001000,1.000000
0.642170,1.000000,1.000000,0.708156,0.756622,1.000000
1.000000,0.408136,1.000000,0.796826,0.635282,0.177648
1.000000,0.943222,1.000000,1.000000,0.254613,0.296086
0.059171,1.000000,1.000000,0.001000,0.001000,0.186196
1.000000,0.162278,0.767029,0.172976,1.000000,0.001000
0.644608,1.000000,0.001000,0.635046,1.000000,0.315245
0.001000,1.000000,0.001000,0.001000,0.327937,0.001000
1.000000,1.000000,0.670662,1.000000,0.868159,1.000000
1.000000,0.536438,0.001000,0.001000,1.000000,0.001000
0.001000,0.001000,1.000000,0.001000,0.888405,0.838787
0.945199,0.483113,1.000000,1.000000,1.000000,0.339397
0.001000,0.881686,0.115648,0.472709,1.000000,1.000000
1.000000,0.402574,1.000000,0.688363,1.000000,0.753071
0.001000,1.000000,0.543007,0.001000,1.000000,0.001000
0.600657,1.000000,0.001000,0.351529,0.238232,0.001000
0.618694,0.095373,1.000000,0.001000,0.001000,0.001000
0.796201,0.001000,0.106997,1.000000,1.000000,0.151191
0.621867,0.001000,0.001000,0.001000,0.001000,0.977904
1.000000,1.000000,0.001000,0.745417,0.001000,0.001000
1.000000,0.241767,1.000000,0.001000,0.001000,1.000000
0.001000,0.001000,0.817355,0.161368,0.524500,0.001000
1.000000,0.001000,1.000000,0.526168,0.232271,0.146248
1.000000,1.000000,0.001000,0.761768,0.001000,0.663049
0.938028,0.198217,1.000000,0.001000,0.001000,0.001000
1.000000,0.001000,1.000000,0.001000,0.697475,0.001000
0.506092,0.496461,0.001000,1.000000,1.000000,0.001000
1.000000,0.001000,0.001000,1.000000,0.272270,1.000000
1.000000,0.001000,0.039113,1.000000,0.960384,0.437850
0.001000,0.644288,1.000000,0.001000,0.001000,1.000000
1.000000,0.001000,1.000000,0.001000,0.001000,0.001000
0.001000,1.000000,1.000000,0.001000,0.001000,0.246043
0.504165,0.185450,0.574636,0.001000,0.287199,0.637507
0.330000,1.000000,0.507158,0.001000,0.457048,0.001000
0.353260,1.000000,1.000000,1.000000,0.001000,0.001000
1.000000,0.438301,1.000000,1.000000,0.809621,1.000000
1.000000,0.133375,0.584094,0.541364,0.001000,0.449111
0.852184,0.001000,1.000000,0.001000,0.001000,1.000000
1.000000,0.651794,0.652041,0.001000,1.000000,0.001000
1.000000,1.000000,0.303795,0.375995,0.915994,1.000000
1.000000,1.000000,1.000000,1.000000,0.001000,1.000000
0.001000,1.000000,0.753446,0.593278,0.001000,0.688475
1.000000,0.298995,1.000000,1.000000,0.844539,0.729919
0.601510,0.658170,0.507167,0.001000,0.001000,0.253364
0.001000,0.293447,1.000000,1.000000,1.000000,0.001000
1.000000,0.941880,0.491950,0.307261,0.103929,0.001000
1.000000,0.001000,0.001000,0.001000,0.001000,0.514346
1.000000,1.000000,1.000000,0.001000,0.245999,0.001000
0.577613,1.000000,1.000000,0.680871,1.000000,0.001000
1.000000,0.318178,0.001000,0.022483,0.001000,0.001000
1.000000,0.001000,1.000000,0.001000,0.001000,0.861876
0.901810,0.629195,0.169276,0.001000,0.001000,0.001000
0.323010,0.266406,1.000000,0.001000,0.764717,1.000000
0.633335,0.001000,1.000000,0.001000,0.001000,0.001000
1.000000,1.000000,0.001000,0.001000,0.001000,0.135300
0.001000,1.000000,0.960852,0.191242,0.344235,0.001000
0.898298,0.001000,0.401846,0.351082,1.000000,1.000000
1.000000,0.584425,1.000000,0.911740,0.001000,1.000000
0.001000,1.000000,0.715266,0.550536,0.001000,0.054387
0.554416,1.000000,0.058798,0.095101,0.001000,0.904028
0.686714,0.001000,0.001000,0.113948,1.000000,1.000000
0.832291,0.001000,0.001000,1.000000,1.000000,0.853937
0.554411,1.000000,0.001000,1.000000,1.000000,0.001000
1.000000,1.000000,0.734039,0.001000,1.000000,0.001000
1.000000,0.874423,1.000000,0.366135,0.001000,1.000000
0.001000,1.000000,0.997003,0.001000,0.941474,0.349121
1.000000,1.000000,0.001000,0.001000,0.001000,0.354180
0.001000,0.623214,1.000000,0.001000,0.679346,0.001000
1.000000,0.503432,0.343252,1.000000,0.215004,1.000000
0.472958,0.001000,1.000000,0.001000,0.001000,0.865192
1.000000,1.000000,0.001000,0.001000,0.062594,0.001000
0.428888,1.000000,1.000000,0.001000,0.001000,0.001000
1.000000,1.000000,1.000000,0.604827,0.001000,1.000000
1.000000,0.892089,0.884744,1.000000,0.001000,0.001000
1.000000,0.766239,0.338361,0.363447,0.001000,1.000000
1.000000,0.193676,0.473773,0.735366,0.076925,1.000000
0.001000,1.000000,0.276145,0.001000,0.001000,0.908014
1.000000,0.369586,0.709683,0.079318,0.805651,1.000000
0.332021,1.000000,0.001000,0.001000,0.062890,0.001000
1.000000,1.000000,0.315963,1.000000,0.721805,0.001000
1.000000,0.896194,0.000150,0.001000,0.631985,1.000000
0.001000,0.001000,0.751725,1.000000,0.001000,0.001000
0.554456,0.193329,0.001000,0.923602,0.056160,0.001000
0.001000,0.001000,0.001000,0.947938,0.001000,0.915507
0.700766,0.009999,0.035553,0.001000,1.000000,0.001000
0.362102,0.320819,0.001000,0.001000,0.001000,0.457605
0.276348,0.969289,0.001000,0.198579,0.014399,0.001000
0.001000,1.000000,0.001000,0.692983,0.001000,0.001000
0.338793,1.000000,0.390945,0.882422,0.674197,0.001000
1.000000,1.000000,0.289548,0.001000,1.000000,0.673318
0.678288,0.001000,0.095551,0.096251,0.001000,0.065758
0.277688,0.001000,0.001000,0.478744,0.001000,1.000000
1.000000,0.001000,0.949438,0.075974,1.000000,1.000000
0.980927,1.000000,1.000000,0.001000,0.880729,1.000000
0.001000,0.565015,1.000000,0.001000,1.000000,1.000000
0.956140,1.000000,1.000000,1.000000,0.698973,0.259372
0.001000,0.066951,0.474800,0.207744,0.983480,0.498832
0.446849,0.001000,0.001000,0.043517,1.000000,0.105880
1.000000,0.001000,0.001000,0.001000,0.131944,0.001000
0.314687,0.001000,0.675534,1.000000,0.586757,0.001000
0.514472,0.001000,0.001000,0.001000,0.923494,0.001000
1.000000,1.000000,0.001000,0.289610,1.000000,0.001000
1.000000,0.568644,1.000000,0.001000,1.000000,0.233942
0.458549,0.230166,0.728395,0.001000,0.001000,0.001000
1.000000,1.000000,1.000000,0.001000,0.001000,0.923009
0.001000,1.000000,0.509914,0.001000,0.001000,0.001000
0.338586,0.001000,0.001000,0.001000,1.000000,1.000000
0.390512,1.000000,0.056671,0.001000,0.247430,0.001000
0.001000,0.635202,0.657965,0.001000,0.533276,0.643879
0.094002,0.377062,0.001000,0.001000,0.001000,0.001000
1.000000,0.500918,0.873514,0.001000,0.001000,0.547254
0.732928,1.000000,1.000000,1.000000,1.000000,0.001000
0.105361,1.000000,1.000000,0.001000,0.001000,0.001000
1.000000,1.000000,0.180322,0.446737,0.097790,0.412341
1.000000,0.717601,1.000000,0.001000,1.000000,0.001000
0.381228,0.471391,0.001000,0.459861,0.680057,0.098342
0.001000,0.902279,0.807252,0.923608,1.000000,0.844337
0.001000,1.000000,0.497952,1.000000,1.000000,0.001000
0.584791,0.213875,0.696930,0.001000,1.000000,0.001000
0.235347,0.116958,0.150381,1.000000,1.000000,1.000000
0.622661,0.001000,0.976536,0.001000,0.744344,0.001000
1.000000,1.000000,0.001000,0.737021,0.125127,0.148340
0.001000,1.000000,1.000000,0.001000,1.000000,1.000000
1.000000,0.001000,0.001000,0.001000,0.001000,0.085589
0.675774,0.021753,0.457146,0.434199,0.266915,1.000000
0.193681,1.000000,0.001000,0.001000,0.582185,1.000000
1.000000,0.278426,0.595968,0.036657,1.000000,0.001000
0.685721,0.001000,0.726236,0.001000,0.001000,0.100194
0.196571,1.000000,0.992837,0.799729,0.029892,1.000000
0.001000,1.000000,0.236155,1.000000,0.001000,0.001000
0.474268,1.000000,0.001000,0.001000,0.001000,0.001000
1.000000,0.001000,1.000000,1.000000,0.305511,0.001000
0.974037,0.354510,0.273915,1.000000,0.001000,1.000000
1.000000,1.000000,0.652241,1.000000,1.000000,0.001000
1.000000,1.000000,0.661354,0.001000,0.083030,1.000000
1.000000,0.001000,0.518986,1.000000,0.485275,0.001000
0.314433,0.001000,0.203108,0.001000,1.000000,0.001000
1.000000,1.000000,1.000000,1.000000,0.862395,0.001000
1.000000,1.000000,1.000000,0.844735,0.001000,0.001000
0.189703,0.001000,0.001000,0.001000,0.001000,1.000000
0.001000,1.000000,0.001000,0.001000,0.001000,0.001000
1.000000,1.000000,1.000000,1.000000,1.000000,0.001000
0.001000,1.000000,1.000000,0.934691,0.001000,0.001000
0.833026,0.813317,1.000000,0.001000,0.212868,0.001000
0.049172,0.001000,1.000000,1.000000,0.239890,0.088648
0.001000,1.000000,0.856808,0.465864,0.917097,1.000000
0.001000,0.511340,0.649184,0.001000,0.689242,0.001000
0.001000,0.001000,1.000000,1.000000,0.001000,0.505878
0.048183,0.001000,0.873645,0.693377,0.181531,0.001000
1.000000,0.001000,1.000000,0.365305,0.001000,0.001000
0.933163,1.000000,0.580698,0.001000,0.001000,0.001000
0.001000,0.001000,0.001000,1.000000,1.000000,0.980776
1.000000,1.000000,1.000000,0.001000,1.000000,0.001000
0.778644,1.000000,0.001000,0.001000,1.000000,0.001000
0.001000,0.255720,0.001000,1.000000,0.001000,1.000000
0.040583,0.063010,1.000000,0.058044,0.093130,0.001000
1.000000,1.000000,0.884323,0.820156,0.001000,0.661177
1.000000,0.737908,1.000000,0.001000,1.000000,0.001000
0.501525,1.000000,1.000000,0.001000,1.000000,0.491300
0.201432,0.309252,0.495114,0.001000,0.001000,1.000000
0.658452,0.164225,0.348478,1.000000,1.000000,0.363804
0.347504,0.001000,0.001000,0.001000,0.001000,0.978777
0.796458,0.476252,0.001000,0.001000,0.001000,0.963518
0.837142,1.000000,1.000000,0.001000,0.220076,0.445384
0.867518,0.479065,0.681795,0.001000,0.459001,1.000000
0.001000,1.000000,1.000000,1.000000,0.224721,1.000000
1.000000,1.000000,0.953156,0.001000,0.001000,0.973006
0.958930,0.834665,0.342491,1.000000,1.000000,0.742945
0.001000,0.326072,0.001000,0.001000,0.001000,1.000000
0.001000,1.000000,1.000000,0.001000,0.676254,0.562656
0.001000,1.000000,0.001000,0.001000,1.000000,0.001000
0.910548,1.000000,0.496024,0.347082,1.000000,0.001000
0.001000,1.000000,0.001000,0.001000,0.041513,0.001000
1.000000,0.001000,0.001000,1.000000,0.444798,0.209308
0.001000,0.652192,0.466782,0.001000,0.001000,0.001000
0.001000,0.001000,0.284932,0.338024,1.000000,0.082617
0.001000,1.000000,1.000000,0.001000,1.000000,0.001000
1.000000,0.902089,0.001000,0.276544,1.000000,0.361553
1.000000,0.629870,0.618121,0.001000,0.258568,0.001000
0.005719,1.000000,0.703516,0.001000,1.000000,0.700652
0.129426,1.000000,0.406229,0.744573,0.256798,1.000000
0.636551,1.000000,0.001000,0.001000,1.000000,0.001000
1.000000,1.000000,0.496089,0.001000,0.001000,0.964406
0.356841,1.000000,0.500295,0.001000,0.450934,0.592349
1.000000,0.945648,0.001000,0.857931,0.001000,1.000000
0.001000,1.000000,1.000000,0.431609,0.001000,0.041099
0.524077,1.000000,0.001000,0.001000,1.000000,0.502758
0.757945,0.293787,0.523344,0.001000,0.168565,1.000000
1.000000,0.256749,0.694082,0.001000,0.001000,0.001000
1.000000,0.613883,0.001000,0.503975,1.000000,0.475682
0.001000,0.001000,0.001000,0.309566,0.001000,0.001000
0.001000,1.000000,0.001000,0.449256,0.158340,0.479803
0.922939,1.000000,1.000000,0.001000,1.000000,0.871891
0.963476,0.737697,0.068666,1.000000,0.451655,0.001000
1.000000,0.916713,0.001000,1.000000,1.000000,0.001000
0.226823,1.000000,0.271571,0.001000,0.404665,0.001000
1.000000,1.000000,0.111703,1.000000,0.371429,0.001000
0.177590,0.001000,0.412566,0.114907,1.000000,0.975531
0.928552,0.001000,0.365804,1.000000,0.303818,1.000000
1.000000,1.000000,0.257938,0.001000,0.375385,1.000000
0.271115,0.001000,0.001000,0.001000,0.001000,0.843370
0.001000,0.564338,0.001000,0.001000,0.001000,1.000000
0.001000,0.001000,0.001000,0.001000,0.148216,0.051063
1.000000,1.000000,0.319819,1.000000,0.001000,0.001000
1.000000,0.001000,0.670653,0.295814,0.604399,0.503857
1.000000,1.000000,0.797772,0.549801,0.001000,0.001000
1.000000,0.001000,1.000000,1.000000,0.001000,0.001000
0.631867,0.001000,0.752719,0.001000,0.001000,0.648568
0.725681,0.001000,0.591479,0.426357,0.773653,0.001000
0.001000,1.000000,0.337531,0.001000,0.627337,0.198784
0.001000,1.000000,1.000000,0.941351,0.577850,0.078705
0.001000,1.000000,0.771741,0.001000,0.001000,1.000000
0.881286,0.001000,1.000000,0.001000,1.000000,0.001000
1.000000,1.000000,0.956318,0.571459,0.001000,0.001000
0.225600,0.756362,0.001000,0.166227,0.001000,0.001000
1.000000,0.365931,0.001000,0.001000,0.001000,0.374446
1.000000,0.752792,0.153435,1.000000,1.000000,1.000000
0.987391,0.459832,1.000000,0.173455,0.285776,0.476052
0.001000,1.000000,1.000000,0.001000,0.100329,0.001000
0.001000,1.000000,0.342795,0.001000,0.001000,0.904716
0.982180,1.000000,0.001000,0.001000,0.001000,0.245919
0.001000,0.260510,0.001000,0.663045,0.246977,0.001000
1.000000,0.194532,0.577352,1.000000,1.000000,0.280148
1.000000,0.075073,0.001000,0.220948,0.586423,1.000000
1.000000,0.581388,0.001000,0.335949,0.592581,0.917811
0.093569,0.001000,0.004398,0.001000,0.001000,0.817861
0.001000,0.001000,0.696337,0.120486,0.888993,0.352808
0.001000,0.001000,1.000000,1.000000,1.000000,0.374202
1.000000,1.000000,0.001000,1.000000,0.615889,1.000000
0.430775,0.001000,1.000000,1.000000,0.425919,0.001000
0.001000,1.000000,0.035266,0.245546,0.859250,0.001000
1.000000,0.001000,1.000000,0.001000,0.357042,1.000000
0.001000,0.001000,0.437870,1.000000,0.001000,0.001000
0.689384,0.001000,0.774008,0.001000,0.992316,0.001000
0.001000,1.000000,0.001000,0.001000,0.043051,0.325493
1.000000,0.001000,1.000000,0.001000,1.000000,0.868858
1.000000,0.086050,0.001000,0.001000,0.001000,0.839831
1.000000,0.535799,0.130205,0.765499,0.721062,0.715083
0.001000,0.001000,1.000000,0.001000,0.001000,0.001000
0.535153,0.001000,0.001000,0.001000,1.000000,0.946144
0.976011,0.801715,0.509762,1.000000,0.001000,1.000000
0.243192,1.000000,0.001000,0.742103,0.237115,1.000000
1.000000,0.162056,0.330393,0.001000,1.000000,1.000000
1.000000,0.001000,1.000000,1.000000,0.623943,0.001000
0.994913,0.411554,1.000000,0.996820,1.000000,0.001000
0.970575,0.591769,0.001000,0.001000,0.001000,1.000000
1.000000,0.932820,0.001000,1.000000,0.001000,0.537076
0.258363,0.583156,0.001000,0.001000,0.001000,0.001000
0.139812,0.415288,0.001000,0.519892,0.001000,0.001000
0.389966,0.001000,0.986149,0.694350,0.747556,0.001000
0.001000,0.684254,0.001000,0.485855,0.001000,1.000000
0.001000,0.514917,1.000000,0.001000,1.000000,0.586003
0.715269,0.385578,0.885581,0.001000,1.000000,0.001000
1.000000,0.221681,0.001000,0.115403,0.001000,1.000000
1.000000,1.000000,0.001000,0.515572,0.590852,0.001000
0.891068,0.001000,0.001000,1.000000,0.180527,1.000000
1.000000,0.929605,0.001000,0.001000,0.001000,0.449304
0.142727,0.768253,0.001000,0.158370,0.001000,1.000000
0.447283,1.000000,0.523843,0.001000,0.001000,0.001000
0.569792,0.001000,0.001000,0.032721,1.000000,0.133994
0.303554,1.000000,0.946649,0.001000,0.393629,0.001000
0.573607,0.594209,0.755398,0.221295,0.195895,1.000000
1.000000,0.001000,1.000000,0.001000,1.000000,0.001000
1.000000,0.333580,0.998378,0.001000,0.811403,0.001000
1.000000,0.795093,0.183475,0.291999,0.595699,0.001000
1.000000,0.001000,0.308930,0.001000,0.001000,0.001000
1.000000,1.000000,1.000000,0.001000,0.827399,0.001000
0.685576,0.595864,0.001000,1.000000,0.769958,0.001000
1.000000,0.001000,0.001000,0.334356,1.000000,0.001000
0.661131,0.001000,0.001000,0.001000,1.000000,0.177591
0.001000,0.001000,0.915749,0.001000,0.744452,1.000000
0.001000,0.273056,0.187749,0.563197,1.000000,1.000000
0.191531,1.000000,0.001000,0.001000,1.000000,0.001000
1.000000,0.001000,0.900691,1.000000,1.000000,1.000000
1.000000,0.249791,0.001000,0.576568,0.381131,0.163032
0.001000,0.187685,0.001000,0.541022,1.000000,1.000000
0.658366,0.627413,1.000000,0.001000,0.001000,0.665734
1.000000,1.000000,1.000000,0.001000,1.000000,0.001000
0.792231,0.303056,1.000000,0.368811,1.000000,0.001000
1.000000,1.000000,0.455492,0.001000,0.001000,0.001000
1.000000,1.000000,0.640343,1.000000,0.441415,0.001000
0.331545,0.001000,1.000000,0.001000,0.001000,0.001000
1.000000,0.001000,0.001000,0.001000,1.000000,0.001000
1.000000,1.000000,0.001000,1.000000,0.001000,0.823011
0.241400,0.521335,0.001000,0.254162,0.001000,0.001000
0.001000,0.899929,0.701237,1.000000,0.270003,0.001000
0.334858,0.533700,1.000000,0.001000,0.621892,1.000000
0.001000,0.950424,0.559761,0.258247,0.487235,0.839576
1.000000,0.001000,0.320493,1.000000,0.001000,0.170281
1.000000,0.458773,0.921447,0.001000,1.000000,0.225333
1.000000,1.000000,1.000000,0.001000,1.000000,0.001000
1.000000,1.000000,0.001000,0.001000,0.964644,1.000000
1.000000,0.001000,0.874155,0.001000,0.273348,0.001000
1.000000,1.000000,0.001000,0.001000,0.001000,1.000000
0.940803,0.763920,0.001000,0.001000,0.001000,0.001000
0.474632,0.520278,0.239333,0.722976,1.000000,0.001000
0.001000,0.701706,1.000000,0.001000,0.001000,0.001000
0.001000,1.000000,0.036066,0.001000,1.000000,1.000000
1.000000,1.000000,1.000000,1.000000,1.000000,0.001000
1.000000,0.561495,0.284947,0.239649,0.001000,0.001000
0.001000,0.001000,0.145108,0.001000,1.000000,0.001000
1.000000,1.000000,0.487708,1.000000,1.000000,1.000000
1.000000,0.001000,0.654098,0.395931,0.001000,0.001000
0.755598,1.000000,0.001000,0.001000,0.384428,0.936698
1.000000,0.001000,0.001000,0.593887,1.000000,0.001000
1.000000,0.819411,1.000000,0.001000,0.987814,0.001000
0.001000,0.001000,1.000000,0.001000,1.000000,0.091569
0.923011,0.001000,0.001000,0.017685,1.000000,0.308647
1.000000,0.001000,0.137449,0.001000,0.332649,1.000000
0.001000,0.001000,1.000000,0.001000,0.001000,1.000000
1.000000,0.001000,1.000000,0.001000,0.001000,0.190865
1.000000,0.509030,1.000000,1.000000,0.001000,1.000000
1.000000,1.000000,0.001000,1.000000,0.274939,0.001000
1.000000,1.000000,0.545562,0.331012,0.001000,0.001000
0.091228,0.001000,0.168606,0.001000,0.849141,0.001000
0.275335,0.001000,0.505166,0.001000,0.962770,0.015759
0.967118,0.290831,0.001000,1.000000,1.000000,1.000000
1.000000,0.001000,0.001000,0.001000,1.000000,0.975855
0.222701,1.000000,1.000000,1.000000,0.280018,0.001000
1.000000,0.514792,1.000000,0.530033,0.001000,0.001000
0.001000,0.189728,0.001000,0.001000,0.001000,0.294785
1.000000,0.634586,0.459753,0.698225,0.001000,0.714388
0.001000,0.951623,0.001000,1.000000,1.000000,0.001000
1.000000,0.894525,0.001000,0.001000,1.000000,0.213642
0.172502,0.335762,0.023651,0.001000,1.000000,0.001000
0.588601,0.001000,0.151804,0.132335,0.001000,0.938481
0.680277,1.000000,1.000000,1.000000,0.229826,0.566803
0.281322,0.001000,0.001000,0.001000,0.485774,1.000000
1.000000,1.000000,1.000000,1.000000,0.001000,1.000000
1.000000,0.450974,0.805120,0.001000,0.762639,1.000000
1.000000,0.599771,0.861989,0.001000,0.504606,0.001000
0.580462,1.000000,1.000000,0.001000,0.001000,0.694169
0.001000,0.001000,0.001000,0.216901,1.000000,1.000000
1.000000,0.001000,0.001000,0.948517,0.795160,1.000000
1.000000,1.000000,0.001000,0.001000,0.001000,0.001000
0.001000,1.000000,1.000000,0.573530,1.000000,0.001000
0.949930,1.000000,0.047078,0.001000,0.133256,0.001000
0.509845,1.000000,0.001000,1.000000,0.001000,1.000000
1.000000,1.000000,0.001000,0.001000,0.001000,1.000000
1.000000,0.002980,1.000000,0.341840,0.296197,0.001000
1.000000,1.000000,0.524409,0.001000,0.282577,0.209624
0.239016,0.001000,0.527011,1.000000,0.672511,0.001000
1.000000,1.000000,1.000000,0.076076,1.000000,1.000000
1.000000,0.470078,0.823421,0.001000,0.001000,1.000000
1.000000,1.000000,0.502258,0.977595,0.114563,0.513731
0.831115,1.000000,0.567434,0.001000,0.001000,0.001000
1.000000,1.000000,0.001000,0.225406,0.001000,0.610410
0.001000,0.791085,0.001000,0.001000,0.001000,0.246954
0.593794,0.001000,0.165976,1.000000,0.001000,0.001000
1.000000,0.121308,0.001000,0.001000,0.811441,0.001000
0.198090,0.497552,0.801915,0.224282,0.001000,1.000000
1.000000,0.752474,0.001000,1.000000,0.270359,1.000000
1.000000,0.389135,0.001000,0.242754,1.000000,0.001000
0.327701,1.000000,1.000000,0.001000,0.001000,0.699615
1.000000,0.001000,0.953798,0.001000,0.702912,0.001000
1.000000,1.000000,1.000000,0.428607,0.001000,0.001000
0.672960,1.000000,0.459170,0.409038,0.176119,0.366676
0.047834,1.000000,0.100950,0.630956,1.000000,1.000000
0.001000,0.590884,0.001000,1.000000,0.001000,0.323258
0.001000,1.000000,1.000000,0.001000,0.001000,1.000000
0.122610,0.001000,0.001000,1.000000,1.000000,0.020982
1.000000,1.000000,0.001000,0.001000,1.000000,0.293636
1.000000,1.000000,0.138364,0.122860,0.756300,1.000000
0.176549,1.000000,1.000000,0.501542,0.012801,0.844999
0.001000,0.001000,0.001000,0.001000,0.807592,0.001000
0.492121,0.573462,0.133645,0.001000,0.001000,0.001000
1.000000,0.001000,0.870155,0.001000,0.748237,0.068322
0.001000,0.001000,0.568601,0.001000,1.000000,0.047467
0.001000,1.000000,0.001000,0.517445,1.000000,0.001000
1.000000,1.000000,0.920851,0.001000,0.921279,0.001000
0.001000,0.357316,0.314695,0.041058,0.001000,1.000000
0.018360,0.332620,0.324751,0.173082,0.001000,0.001000
1.000000,1.000000,0.312867,0.001000,0.001000,0.648933
0.357257,0.001000,0.001000,0.554560,0.171766,0.001000
0.163779,1.000000,0.200993,0.487654,0.001000,0.301648
0.944256,0.001000,0.001000,0.423519,0.001000,1.000000
0.001000,1.000000,1.000000,0.001000,0.459425,0.001000
1.000000,1.000000,1.000000,0.866062,0.711822,0.001000
1.000000,0.618909,0.001000,0.001000,0.013378,0.213950
0.452147,0.001000,0.001000,0.001000,1.000000,0.103975
0.062927,1.000000,1.000000,0.001000,0.372471,1.000000
0.173125,1.000000,0.852295,0.001000,0.371832,0.994190
0.001000,1.000000,1.000000,0.487626,0.519917,0.601505
0.489072,1.000000,1.000000,0.618982,1.000000,0.398483
1.000000,0.249968,0.064664,1.000000,0.643087,0.814370
0.593497,1.000000,1.000000,0.001000,0.001000,0.646455
1.000000,1.000000,0.479156,1.000000,0.246050,0.286848
0.001000,1.000000,0.233568,0.001000,0.348787,1.000000
0.001000,0.531069,1.000000,0.001000,0.923511,0.001000
0.564603,0.523301,0.717816,0.940472,1.000000,0.147830
0.001000,0.215586,0.001000,0.001000,1.000000,0.038479
0.990204,0.001000,0.243468,0.001000,0.001000,0.811254
0.001000,1.000000,0.001000,0.001000,0.061079,0.103167
0.001794,1.000000,0.466128,0.001000,0.001000,0.001000
0.445035,0.248591,0.001000,1.000000,0.587321,0.918140
1.000000,1.000000,1.000000,0.463773,0.102505,0.001000
0.144185,0.654137,0.716273,0.074788,0.001000,0.629635
0.758256,1.000000,0.825443,0.001000,1.000000,0.668201
0.226216,0.021696,1.000000,0.001000,0.001000,0.132996
0.001000,1.000000,0.001000,0.001000,0.464891,0.001000
0.550749,0.946956,1.000000,0.001000,0.001000,1.000000
1.000000,1.000000,0.001000,0.001000,1.000000,0.001000
0.001000,1.000000,1.000000,0.001000,1.000000,0.001000
0.001000,0.707531,0.001000,0.362333,0.001000,0.001000
1.000000,1.000000,0.001000,1.000000,0.001000,1.000000
0.971317,1.000000,1.000000,0.001000,0.001000,1.000000
0.082789,0.347683,0.367049,0.413178,1.000000,0.001000
0.117668,0.551956,0.633326,0.001000,1.000000,0.001000
0.977467,1.000000,0.001000,0.030675,0.001000,0.001000
1.000000,0.479777,0.365648,0.001000,0.950925,0.162417
1.000000,1.000000,0.212572,0.791551,0.001000,0.707043
1.000000,0.001000,0.001000,0.153165,0.393081,0.269844
0.001000,0.001000,0.492279,0.277311,0.001000,0.365992
1.000000,0.781914,1.000000,0.243873,0.001000,1.000000
0.001000,1.000000,0.792579,0.001000,0.001000,0.001000
1.000000,1.000000,0.867411,1.000000,0.256474,0.001000
1.000000,0.001000,1.000000,0.316716,0.501951,0.755846
0.001000,0.001000,1.000000,0.624871,0.001000,0.276375
1.000000,0.363302,0.001000,1.000000,0.319557,0.001000
1.000000,0.001000,0.395140,0.001000,0.001000,0.646839
1.000000,0.076843,0.400141,0.001000,1.000000,0.236609
0.001000,0.846646,0.916319,0.001000,0.374829,0.001000
0.001000,0.736354,1.000000,1.000000,0.334703,0.001000
0.793811,0.029532,0.629261,0.001000,0.880150,0.001000
1.000000,0.001000,1.000000,0.001000,0.001000,0.001000
0.001000,0.542148,0.001000,0.332922,0.081234,0.521290
1.000000,0.001000,0.001000,0.001000,0.643838,1.000000
0.544551,0.749128,0.508275,1.000000,0.001000,0.001000
0.978290,1.000000,0.406370,0.001000,0.001000,1.000000
0.945391,1.000000,0.247297,0.001000,1.000000,0.001000
0.333453,0.817633,0.034882,0.001000,0.001000,0.001000
0.523740,0.678095,0.624848,0.092646,0.200900,0.469660
0.001000,1.000000,0.001000,1.000000,1.000000,1.000000
0.480241,0.495456,0.292342,0.001000,0.233697,0.248152
1.000000,0.001000,1.000000,0.570135,0.001000,0.001000
0.241189,0.703381,0.001000,0.317424,0.351501,1.000000
1.000000,0.259554,1.000000,0.785299,0.536297,0.001000
0.001000,0.001000,0.606849,0.001000,0.001000,0.001000
0.067410,0.001000,0.437604,0.802199,0.400488,0.001000
0.001000,0.890675,0.374928,0.001000,0.001000,0.001000
0.350058,0.072216,1.000000,0.001000,0.033837,0.001000
1.000000,1.000000,0.056885,1.000000,0.001000,0.001000
1.000000,0.001000,1.000000,0.001000,0.001000,0.527317
0.911632,0.001000,0.001000,1.000000,0.148370,0.191451
0.280019,1.000000,1.000000,0.001000,1.000000,0.001000
1.000000,0.001000,0.840013,1.000000,0.320512,1.000000
1.000000,1.000000,1.000000,0.644470,0.001000,0.430216
1.000000,1.000000,0.001000,0.178667,0.659830,0.261300
0.639815,1.000000,0.908019,0.001000,0.989377,0.001000
0.001000,0.726720,0.988582,0.001000,1.000000,0.446791
0.466657,1.000000,0.001000,0.283512,0.001000,0.001000
1.000000,1.000000,0.001000,0.001000,0.155330,0.034880
0.001000,0.001000,1.000000,0.001000,1.000000,0.001000
0.107354,0.705497,1.000000,0.890630,0.001000,0.924294
1.000000,1.000000,0.681516,0.001000,1.000000,1.000000
0.794368,0.001000,1.000000,0.001000,1.000000,0.001000
0.551344,0.001000,0.001000,0.001000,0.356112,0.001000
1.000000,0.443093,0.001000,0.001000,0.539500,0.285750
0.001000,1.000000,0.001000,0.081523,1.000000,0.001000
1.000000,0.628168,0.001000,0.585804,0.001000,1.000000
0.001000,1.000000,0.001000,0.001000,1.000000,0.001000
0.001000,1.000000,1.000000,0.001000,0.330588,0.894319
0.118469,0.001000,0.310428,1.000000,1.000000,0.001000
0.759917,0.393336,1.000000,0.855607,0.932304,0.001000
0.256256,1.000000,1.000000,0.561190,1.000000,0.128543
1.000000,0.003048,0.449137,0.488510,1.000000,0.001000
1.000000,0.492187,0.572946,0.001000,0.302463,1.000000
1.000000,0.402195,1.000000,0.225583,0.001000,1.000000
1.000000,1.000000,0.790301,1.000000,0.001000,0.001000
0.684745,0.001000,1.000000,0.001000,0.001000,0.001000
1.000000,1.000000,1.000000,0.001000,1.000000,1.000000
0.001000,0.001000,1.000000,0.785527,0.173388,0.264329
0.054543,0.495344,1.000000,0.001000,0.001000,0.001000
1.000000,0.599830,1.000000,0.001000,0.001000,0.001000
0.829709,1.000000,1.000000,0.001000,1.000000,1.000000
0.438032,1.000000,0.343708,0.001000,0.820389,0.001000
0.066426,0.001000,0.021867,0.407194,0.711049,0.001000
0.001000,0.062392,0.001000,1.000000,0.428006,0.001000
1.000000,0.818415,0.001000,0.001000,0.075555,0.001000
1.000000,1.000000,0.575164,1.000000,0.094194,0.435058
1.000000,1.000000,0.311466,0.001000,1.000000,0.052744
0.001000,1.000000,1.000000,0.001000,1.000000,0.001000
1.000000,1.000000,0.001000,1.000000,1.000000,0.001000
0.001000,0.775146,0.484734,0.928012,0.511736,0.001000
0.568897,0.826326,1.000000,0.001000,1.000000,1.000000
0.424902,1.000000,1.000000,1.000000,0.001000,1.000000
0.985468,1.000000,0.001000,0.001000,0.001000,1.000000
0.001000,0.624998,1.000000,0.001000,0.167590,0.001000
1.000000,0.001000,0.001000,0.598059,0.209480,0.001000
0.001000,1.000000,0.001000,1.000000,0.001000,0.001000
1.000000,0.227193,1.000000,0.001000,0.001000,0.021488
0.001000,0.001000,0.525250,1.000000,1.000000,0.001000
1.000000,0.001000,1.000000,0.001000,0.001000,0.515199
0.857624,0.601658,0.001000,0.001000,1.000000,0.001000
1.000000,0.200637,1.000000,0.218290,0.595608,0.001000
0.975248,1.000000,0.872314,0.322794,0.001000,0.939082
0.001000,0.742055,0.001000,0.001000,0.300902,0.001000
0.001000,0.951053,0.406847,0.111985,0.001000,0.001000
1.000000,1.000000,0.001000,1.000000,1.000000,0.949959
0.977158,0.001000,1.000000,0.353015,0.001000,0.001000
1.000000,0.855206,1.000000,0.001000,0.001000,1.000000
1.000000,0.001000,1.000000,0.001000,0.529094,0.001000
1.000000,0.134743,1.000000,0.001000,1.000000,1.000000
1.000000,1.000000,0.225917,0.001000,0.001000,0.001000
0.195675,0.040369,0.001000,0.240776,0.001000,0.839134
0.147060,0.001000,0.059357,0.175970,1.000000,0.116451
0.672916,0.939038,0.001000,0.001000,1.000000,0.649081
0.001000,0.909772,0.001000,0.085136,1.000000,0.933978
0.914688,0.001000,1.000000,0.001000,0.600056,0.577373
0.450985,1.000000,1.000000,0.001000,0.259072,0.084277
0.231425,0.927621,0.498852,0.001000,0.337965,0.001000
0.537881,0.534888,0.001000,0.289377,0.679985,0.001080
1.000000,0.001000,0.838817,0.001000,0.001000,1.000000
1.000000,1.000000,0.886456,0.001000,0.001000,0.164409
0.205703,0.697091,1.000000,1.000000,1.000000,0.868095
0.025048,0.001000,0.001000,1.000000,0.001000,0.510802
0.808100,0.001000,0.480963,0.195484,0.001000,0.641484
1.000000,0.001000,0.001000,1.000000,0.091388,0.001000
0.001000,1.000000,0.425314,0.001000,0.001000,0.755214
1.000000,0.001000,0.707124,0.001000,0.001000,0.236443
1.000000,0.645585,1.000000,1.000000,1.000000,0.607100
1.000000,1.000000,0.716327,1.000000,0.001000,0.001000
0.001000,1.000000,0.001000,1.000000,1.000000,0.068548
0.001000,0.001000,0.001000,0.001000,0.001000,0.949837
1.000000,0.676999,0.598011,0.001000,0.001000,0.001000
0.549048,0.932579,0.977717,0.932617,1.000000,0.001000
0.001000,1.000000,1.000000,0.001000,0.529866,0.001000
1.000000,0.001000,0.413617,1.000000,0.001000,1.000000
0.001000,1.000000,0.648181,0.001000,0.001000,1.000000
0.081914,1.000000,0.502490,0.409263,1.000000,0.001000
0.001000,1.000000,1.000000,0.001000,0.098795,1.000000
1.000000,1.000000,0.001000,0.638896,1.000000,0.719379
0.857347,0.375473,0.001000,0.001000,1.000000,0.318650
1.000000,0.636186,1.000000,0.001000,0.001000,0.001000
0.542858,1.000000,0.001000,0.387852,0.792286,0.001000
1.000000,0.331004,1.000000,1.000000,1.000000,0.885293
0.001000,1.000000,0.001000,0.001000,1.000000,0.001000
1.000000,0.100712,0.848727,0.001000,0.001000,0.886399
0.333216,0.942801,1.000000,0.001000,0.905081,0.001000
1.000000,0.091074,0.001000,0.001000,0.001000,0.417938
0.649002,0.001000,0.478952,0.001000,0.612003,0.868612
1.000000,1.000000,0.001000,0.711775,0.273654,0.001000
0.001000,0.117258,0.818821,0.826370,0.038870,0.001000
1.000000,1.000000,0.186685,0.001000,1.000000,0.716551
0.846196,0.001000,1.000000,1.000000,0.463470,0.001000
1.000000,0.001000,0.243825,0.682132,1.000000,1.000000
1.000000,0.959286,1.000000,0.477635,0.001000,1.000000
0.020107,0.600687,0.001000,0.138063,0.099644,0.001000
0.230210,0.953610,0.001000,1.000000,0.899727,0.001000
0.001000,0.781366,0.373564,0.001000,1.000000,0.001000
0.730297,1.000000,0.669335,1.000000,0.001000,0.001000
0.001000,0.923606,0.157420,0.205978,0.458231,0.709081
0.765590,0.681293,0.001000,0.001000,0.001000,0.529050
1.000000,0.001000,0.001000,0.001000,0.001000,0.001000
0.789242,0.936151,0.001000,0.474705,0.070618,0.957934
0.001000,0.208029,1.000000,0.130664,0.001000,0.050230
0.001000,0.630202,1.000000,0.948276,1.000000,0.759876
1.000000,1.000000,0.767490,1.000000,0.327353,0.001000
0.001000,0.468443,0.179149,0.001000,0.001000,0.987620
0.182938,1.000000,0.837179,0.001000,1.000000,0.001000
0.547328,0.001000,0.001000,1.000000,0.649086,1.000000
0.001000,0.698549,0.001000,0.999537,0.001000,1.000000
1.000000,1.000000,1.000000,0.357682,0.001000,0.326847
0.820650,1.000000,0.184365,0.001000,0.001000,0.999561
0.043610,0.001000,1.000000,1.000000,0.001000,0.350314
1.000000,0.143330,1.000000,0.001000,1.000000,0.458152
0.092366,0.001000,0.755788,0.001000,0.001000,0.095301
1.000000,0.019006,0.001000,1.000000,0.001000,1.000000
1.000000,0.939950,1.000000,0.001000,1.000000,0.001000
0.001000,0.357672,0.001000,0.479118,0.001000,1.000000
0.001000,0.001000,1.000000,0.001000,0.001000,0.001000
1.000000,0.259588,0.558814,0.345138,0.388304,0.285833
0.001000,0.001000,0.897084,0.001000,0.001000,1.000000
1.000000,1.000000,1.000000,0.001000,1.000000,0.912268
1.000000,1.000000,0.721492,0.531000,1.000000,0.001000
0.386286,0.415738,0.310925,0.314999,0.001000,0.775629
0.001000,1.000000,1.000000,0.001000,1.000000,0.001000
0.001000,1.000000,0.001000,0.527125,0.738340,0.001000
0.911120,1.000000,0.001000,0.001000,1.000000,0.753075
0.001000,0.001000,0.001000,0.438426,0.001000,0.001000
0.332144,0.175476,1.000000,0.396918,0.684881,0.001000
0.289205,1.000000,0.001000,0.001000,1.000000,0.595459
0.229685,1.000000,0.001000,0.001000,1.000000,0.313106
0.001000,1.000000,0.230451,0.001000,0.001000,0.805070
1.000000,0.001000,0.001000,1.000000,1.000000,1.000000
0.511782,1.000000,0.515819,0.395240,0.001000,0.611993
0.001000,1.000000,1.000000,0.001000,0.933595,0.001000
0.206120,0.375862,1.000000,0.001000,1.000000,0.001000
0.386140,1.000000,1.000000,0.930471,0.001000,0.001000
1.000000,0.469623,1.000000,0.066547,1.000000,0.749729
1.000000,0.944107,0.912033,0.001000,0.001000,0.001000
0.001000,0.001000,1.000000,0.001000,0.311130,1.000000
0.001000,0.340380,0.001000,0.065149,1.000000,0.453897
1.000000,1.000000,1.000000,0.404026,0.001000,0.001000
0.513288,0.001000,0.042087,0.001000,0.016762,0.001000
0.001000,0.001000,1.000000,0.120389,1.000000,0.001000
1.000000,0.001000,1.000000,0.439458,1.000000,0.001000
0.388255,1.000000,1.000000,0.881687,1.000000,0.303081
0.212130,0.313401,0.250944,0.649252,1.000000,1.000000
0.001000,1.000000,1.000000,0.008032,1.000000,0.001000
0.251336,0.502152,0.051553,0.534909,0.001000,0.813152
0.505505,0.423683,0.082872,1.000000,1.000000,0.059453
0.329751,1.000000,0.242652,0.001000,0.001000,0.539968
0.111587,1.000000,0.842689,0.104536,0.001000,0.694866
1.000000,1.000000,0.028074,1.000000,0.091015,0.822760
0.045720,0.953509,0.001000,0.492471,0.001000,0.001000
0.001000,1.000000,0.001000,0.001000,0.001000,0.001000
1.000000,1.000000,0.906611,0.001000,0.001000,0.612211
0.893737,0.332723,0.700230,0.001000,0.001000,1.000000
1.000000,1.000000,0.001000,0.040995,1.000000,0.677054
0.001000,1.000000,0.001000,0.383437,1.000000,1.000000
0.001000,0.077343,1.000000,0.001000,1.000000,0.001000
1.000000,1.000000,0.001000,0.001000,0.762354,0.001000
0.234037,1.000000,1.000000,1.000000,0.092316,0.001000
0.895457,0.795613,0.001000,0.563538,0.572877,0.385729
0.403286,0.287851,0.478853,0.315014,0.001000,1.000000
1.000000,0.438559,0.176479,0.925571,1.000000,0.072584
1.000000,0.907615,1.000000,1.000000,0.068928,0.319261
1.000000,0.654269,0.001000,0.864166,1.000000,0.956514
1.000000,1.000000,0.892544,0.211616,0.885139,0.922241
1.000000,0.017596,1.000000,0.001000,0.637816,1.000000
1.000000,0.001000,0.449078,1.000000,0.272443,0.244644
0.535514,0.807476,0.001000,0.088662,0.986128,0.259890
0.001000,0.199384,0.001000,0.660154,1.000000,0.001000
0.264176,0.537307,1.000000,0.001000,0.001000,1.000000
0.001000,0.001000,0.934155,0.591931,0.590441,0.015829
0.177422,1.000000,0.001000,0.001000,0.288917,0.001000
1.000000,0.001000,0.763440,1.000000,0.609972,1.000000
0.001000,0.969443,0.034679,0.855803,0.630036,0.001000
1.000000,0.001000,0.484904,0.631552,0.988448,0.827881
0.908064,1.000000,0.628650,1.000000,0.432373,1.000000
1.000000,0.317172,0.394921,0.001000,1.000000,0.001000
1.000000,0.683452,1.000000,0.906040,0.480462,0.001000
1.000000,0.001000,0.750629,0.001000,0.001000,0.149244
1.000000,0.013248,1.000000,0.001000,0.040283,0.034501
1.000000,1.000000,0.372990,0.600734,1.000000,0.071766
0.340094,0.786786,0.001000,1.000000,0.001000,0.001000
0.001000,0.001000,0.690531,0.226813,1.000000,0.643231
0.003707,0.001000,1.000000,0.722899,1.000000,0.001000
0.587787,1.000000,0.722687,0.901727,0.204376,1.000000
0.697402,0.172783,0.364758,1.000000,0.574170,0.001000
0.001000,0.001000,0.001000,0.001000,0.107371,0.943170
0.810875,0.001000,0.113333,1.000000,0.266472,1.000000
0.177221,0.001000,1.000000,0.471330,0.001000,0.414345
1.000000,0.001000,0.120573,0.001000,0.001000,1.000000
0.900653,0.116551,0.001000,1.000000,0.526881,0.001000
0.001000,0.001000,0.001000,0.125801,0.725506,0.303395
0.001000,0.733350,0.001000,0.001000,0.001000,0.001000
1.000000,1.000000,0.001000,1.000000,1.000000,0.132186
0.393774,0.941571,1.000000,1.000000,0.001000,0.488730
0.001000,1.000000,0.015858,0.739240,0.057769,0.001000
1.000000,1.000000,0.001000,0.001000,0.122162,0.347470
0.001000,0.200871,0.747579,1.000000,0.001000,0.001000
1.000000,1.000000,0.860681,0.791974,0.230573,0.001000
0.745967,0.542858,0.148630,1.000000,0.001000,0.789676
1.000000,0.400540,0.001000,0.757899,1.000000,0.001000
1.000000,0.001000,0.930597,0.001000,0.001000,0.692986
1.000000,0.001000,1.000000,0.079391,0.001000,0.168102
1.000000,0.664049,1.000000,0.001000,0.850159,0.231575
1.000000,1.000000,0.738447,1.000000,0.586063,0.660221
0.001000,0.001000,1.000000,0.001000,1.000000,0.574925
1.000000,0.377777,1.000000,0.001000,0.001000,0.239645
0.001000,1.000000,1.000000,1.000000,0.001000,0.001000
0.297259,1.000000,0.563873,1.000000,0.001000,0.001000
0.294667,1.000000,0.939494,0.001000,0.516476,1.000000
0.001000,1.000000,0.001000,1.000000,0.083093,0.222995
1.000000,0.679068,1.000000,0.861670,0.001000,1.000000
1.000000,0.001000,0.169333,1.000000,0.001000,0.592614
0.246672,0.442086,0.001000,0.001000,0.001000,0.001000
1.000000,0.001000,1.000000,0.746966,1.000000,1.000000
0.001000,0.001000,0.001000,0.001000,1.000000,0.747082
0.169302,0.694990,0.440451,0.001000,0.886516,0.001000
0.070719,0.268934,1.000000,0.001000,0.431991,0.001000
1.000000,0.001000,0.001000,0.001000,0.869582,0.001000
0.001000,1.000000,0.001000,1.000000,0.001000,1.000000
1.000000,0.001000,1.000000,0.002848,1.000000,0.623471
0.765951,0.001000,0.022222,1.000000,0.432070,0.360814
1.000000,1.000000,0.888598,0.001000,1.000000,0.001000
0.001000,1.000000,0.968881,0.188555,0.001000,0.001000
1.000000,0.870393,0.001000,0.227286,1.000000,0.001000
0.001000,1.000000,0.888004,0.001000,0.001000,0.001000
0.001000,0.206963,0.001000,0.002890,0.886847,0.507618
1.000000,1.000000,0.661928,0.848342,0.001000,0.001000
0.001000,0.001000,0.270928,0.001000,0.001000,0.001000
0.477321,0.424118,1.000000,0.001000,1.000000,0.001000
0.897561,1.000000,0.848056,1.000000,0.001000,0.257632
0.865767,0.619271,1.000000,0.001000,1.000000,0.829705
1.000000,0.001000,0.001000,0.001000,0.482410,0.001000
0.318029,0.484272,0.758957,0.464871,0.001000,0.741462
0.305919,1.000000,0.743282,0.710670,0.087742,1.000000
1.000000,0.001000,0.447309,0.001000,0.001000,0.001000
0.230686,1.000000,1.000000,1.000000,0.287790,0.001000
0.638190,0.001000,0.001000,0.001000,1.000000,1.000000
1.000000,0.001000,0.001000,0.001000,0.001000,0.543969
0.001000,1.000000,0.623861,0.106216,0.001000,0.762314
0.298652,0.001000,0.687028,0.005006,0.510387,0.637142
0.001000,0.001000,1.000000,1.000000,0.215805,0.001000
1.000000,0.001000,1.000000,0.189118,0.001000,0.906767
0.001000,1.000000,1.000000,0.001000,0.001000,0.643566
0.001000,0.797119,0.707139,0.001000,1.000000,0.001000
0.639203,0.001000,1.000000,0.001000,0.001000,0.001000
1.000000,1.000000,0.001000,0.001000,0.459263,0.098264
0.001000,1.000000,1.000000,0.539234,0.001000,0.001000
0.243720,1.000000,0.001000,0.563239,0.638800,0.001000
1.000000,0.164006,1.000000,0.001000,1.000000,0.001000
1.000000,1.000000,0.001000,0.419386,0.544563,0.310007
0.644618,1.000000,0.689171,0.001000,0.300086,1.000000
1.000000,1.000000,1.000000,0.001000,0.569147,1.000000
1.000000,0.001000,1.000000,0.001000,0.300448,0.612692
1.000000,0.873565,0.001000,1.000000,0.001000,1.000000
1.000000,0.001000,0.943194,1.000000,0.001000,0.001000
1.000000,1.000000,0.001000,0.001000,0.001000,0.001000
0.700158,0.141963,1.000000,0.001000,0.394975,0.899595
0.001000,0.177718,0.001000,0.596221,0.001000,0.001000
1.000000,1.000000,0.274550,0.032659,0.321780,1.000000
0.187193,0.204363,0.478583,0.200546,0.588307,0.185844
0.001000,1.000000,1.000000,0.544119,0.001000,1.000000
0.710317,0.288040,0.001000,0.355260,1.000000,0.001000
1.000000,0.138852,0.111190,0.001000,0.001000,0.222588
0.845521,0.142279,0.001000,0.001000,0.636081,0.001000
0.399257,0.001000,0.053426,0.231810,0.001000,0.966722
0.837602,1.000000,1.000000,0.762591,0.087202,0.001000
0.572046,1.000000,0.311826,0.001000,0.001000,0.001000
1.000000,1.000000,0.089022,0.001000,0.009068,1.000000
0.666630,0.562750,1.000000,1.000000,0.001000,0.001000
0.001000,0.001000,0.001000,0.146913,0.001000,0.001000
0.001000,1.000000,0.001000,0.150918,1.000000,0.001000
1.000000,1.000000,0.688252,0.238562,0.001000,0.612678
0.001000,0.448813,0.001000,0.001000,0.963749,0.907782
0.389924,1.000000,1.000000,1.000000,0.484417,0.036628
1.000000,1.000000,0.001000,0.001000,0.623979,1.000000
0.001000,0.001000,0.527000,0.084467,0.796047,0.001000
1.000000,0.222905,0.001000,1.000000,0.001000,0.052832
0.699994,0.001000,0.351092,1.000000,1.000000,0.001000
1.000000,0.259585,0.936700,0.635731,1.000000,0.132743
1.000000,1.000000,0.653162,0.001000,0.001000,0.041130
1.000000,1.000000,0.913344,0.001000,0.500780,0.102879
1.000000,0.057674,0.001000,0.585568,0.905379,0.001000
1.000000,0.001000,0.082585,0.001000,0.742223,0.001000
0.826910,0.001000,0.926882,0.001000,0.698908,0.497860
0.041248,0.001000,0.621198,1.000000,1.000000,1.000000
1.000000,0.001000,1.000000,0.001000,0.849915,1.000000
1.000000,0.891575,0.886975,0.001000,1.000000,0.001000
0.869153,1.000000,1.000000,0.001000,0.001000,0.203052
0.291359,1.000000,1.000000,0.066247,0.001000,0.001000
0.524368,0.215470,0.494908,0.215541,0.342230,0.426608
0.538003,0.001000,0.001000,0.468184,1.000000,0.001000
1.000000,0.742433,0.001000,0.948131,0.001000,1.000000
0.404843,0.988924,0.001000,0.524875,0.113237,0.001000
0.001000,1.000000,1.000000,1.000000,1.000000,1.000000
0.001000,0.244463,1.000000,0.001000,1.000000,0.486536
1.000000,1.000000,0.353251,1.000000,1.000000,1.000000
0.378798,0.001000,1.000000,0.732359,0.364610,0.001000
1.000000,0.917949,0.001000,0.747168,0.001000,0.001000
1.000000,0.001000,0.001000,0.520608,1.000000,1.000000
0.001000,0.078460,0.499140,1.000000,1.000000,0.218226
1.000000,1.000000,0.001000,0.889276,0.866226,0.001000
0.294645,0.001000,0.899424,0.001000,0.001000,0.942727
0.236685,0.150821,1.000000,0.001000,0.162635,0.001000
0.001000,0.009944,0.001000,0.001000,0.251731,1.000000
1.000000,0.538721,1.000000,0.480150,1.000000,0.337949
0.641397,0.940366,0.048499,0.001000,0.984350,1.000000
0.028299,0.001000,1.000000,0.001000,0.450596,1.000000
1.000000,1.000000,1.000000,0.001000,0.467409,0.001000
1.000000,0.970276,0.012695,0.321082,0.470902,0.026488
1.000000,0.081858,1.000000,0.001000,0.001000,0.001000
1.000000,1.000000,0.001000,1.000000,0.850239,0.634218
1.000000,0.514132,1.000000,0.001000,1.000000,0.001000
0.849286,0.761330,1.000000,0.001000,0.001000,0.001000
0.787686,0.416054,1.000000,0.001000,0.001000,0.001000
0.754665,0.903342,1.000000,1.000000,1.000000,0.229033
0.020914,0.100558,1.000000,1.000000,0.939369,0.897706
0.001000,0.337058,0.001000,1.000000,0.001000,0.263015
1.000000,1.000000,0.001000,0.001000,0.027493,0.043882
1.000000,0.001000,1.000000,0.001000,0.001000,1.000000
0.001000,1.000000,0.001000,0.599263,1.000000,0.487933
0.001000,0.640813,0.001000,0.818886,0.001000,0.001000
0.864375,0.775822,0.269377,0.001000,0.001000,1.000000
0.995096,0.178705,0.001000,0.001000,0.001000,0.001000
0.001000,1.000000,0.001000,0.146204,0.001000,0.001000
0.589815,0.323905,0.816277,0.324021,0.271278,1.000000
1.000000,0.001000,1.000000,0.404079,1.000000,1.000000
1.000000,1.000000,0.001000,0.684066,0.967455,0.079549
0.803155,0.774274,0.001000,0.479256,1.000000,0.001000
1.000000,1.000000,0.544172,0.001000,0.001000,0.571708
0.195615,1.000000,0.001299,0.001000,1.000000,0.001000
1.000000,0.852754,0.598976,0.001000,0.001000,0.832232
0.535868,0.213641,1.000000,0.988784,0.001000,0.001000
0.015935,1.000000,0.205657,0.001000,0.001000,1.000000
0.001000,0.001000,0.108330,0.828005,0.001000,0.640579
0.497105,0.001000,0.464270,0.765123,0.944482,0.500482
0.366551,0.001000,0.676042,1.000000,1.000000,0.639974
1.000000,1.000000,1.000000,1.000000,0.280226,0.796796
0.688635,0.001000,1.000000,0.321478,0.001000,0.879849
1.000000,0.450103,0.522659,1.000000,1.000000,0.001000
0.001000,0.001000,1.000000,0.193230,0.071754,0.001000
0.026171,0.001000,0.001000,0.001000,0.351922,0.001000
1.000000,1.000000,0.580324,1.000000,0.981217,1.000000
0.001000,0.132753,0.001000,1.000000,0.001000,0.001000
1.000000,0.001000,0.364754,0.471945,1.000000,0.913434
1.000000,0.526671,0.001000,0.001000,0.001000,1.000000
1.000000,1.000000,0.001000,1.000000,0.533619,0.001000
1.000000,0.491750,0.001000,1.000000,0.366209,0.131311
1.000000,0.798584,1.000000,0.001000,0.686103,0.001000
1.000000,0.001000,1.000000,0.001000,1.000000,1.000000
0.001000,0.001000,0.553668,0.245223,1.000000,0.001000
1.000000,0.001000,0.001000,0.430212,0.001000,1.000000
0.001000,0.818962,1.000000,0.001000,0.907473,0.001000
1.000000,1.000000,1.000000,0.532042,0.673158,0.687012
1.000000,0.752256,0.001000,0.046767,1.000000,0.441957
1.000000,0.001000,0.197877,0.001000,0.911312,0.485298
0.011922,1.000000,0.477840,1.000000,0.067496,0.673354
1.000000,0.990443,0.359507,0.408170,0.938967,1.000000
0.258136,0.448474,0.263177,0.001000,0.001000,0.001000
1.000000,1.000000,1.000000,0.077162,1.000000,0.784493
0.293253,0.046136,1.000000,0.001000,0.001000,0.317859
1.000000,0.579445,0.645301,0.808365,0.090020,0.964345
0.001000,0.001000,0.001000,0.827521,1.000000,0.720916
1.000000,1.000000,1.000000,0.001000,0.001000,1.000000
1.000000,1.000000,0.001000,1.000000,0.001000,0.301401
0.001000,0.001000,0.001000,0.217379,0.103312,0.369015
1.000000,0.001000,0.617255,0.001000,1.000000,0.279525
1.000000,1.000000,1.000000,1.000000,1.000000,1.000000
1.000000,0.005540,1.000000,0.001000,0.826162,1.000000
0.282410,0.655792,1.000000,0.044000,1.000000,0.001000
0.001000,0.001000,0.754195,1.000000,0.001000,0.480814
1.000000,0.643540,0.925373,0.001000,0.001000,1.000000
0.946766,0.001000,0.271703,0.001000,0.132949,0.375404
0.999343,0.001000,1.000000,0.001000,1.000000,0.651602
0.709155,0.001000,0.001000,0.001000,1.000000,0.001000
1.000000,1.000000,1.000000,1.000000,0.001000,0.781158
1.000000,1.000000,1.000000,0.001000,1.000000,1.000000
1.000000,1.000000,0.231971,0.741985,0.001000,1.000000
0.001000,1.000000,0.001000,1.000000,0.001000,0.001000
0.752683,0.001000,0.001000,0.346645,0.001000,0.249815
1.000000,0.001000,0.255427,1.000000,0.001000,0.710391
0.001000,0.472341,1.000000,0.001000,0.001000,0.173799
1.000000,1.000000,0.001000,0.404929,0.001000,0.001000
1.000000,1.000000,1.000000,0.001000,1.000000,0.517786
0.104170,1.000000,0.001000,0.001000,0.727677,0.001000
0.001000,1.000000,1.000000,0.417746,0.329607,1.000000
0.615139,0.001000,0.001000,0.001000,0.001000,0.966810
0.485162,0.001000,0.001000,0.321815,0.526340,0.513630
1.000000,1.000000,0.001000,0.001000,0.001000,1.000000
0.448613,1.000000,1.000000,0.994158,0.001000,1.000000
0.001000,0.623429,0.001000,0.001000,1.000000,0.543830
1.000000,1.000000,0.642725,0.001000,0.516796,1.000000
0.001000,1.000000,0.198474,0.596437,0.812424,0.918697
1.000000,1.000000,1.000000,0.435887,1.000000,0.136059
0.051603,1.000000,1.000000,0.092448,0.630178,1.000000
0.001000,0.623085,0.387456,1.000000,1.000000,0.001000
0.449464,0.121100,0.001000,1.000000,0.498530,0.155311
0.283864,1.000000,0.001000,0.001000,0.001000,0.001000
0.373002,0.001000,0.168055,0.797634,0.001000,0.647569
1.000000,0.100102,0.260462,0.001000,0.001000,0.001000
0.261987,0.590287,0.001000,0.680948,0.727198,0.001000
0.001000,0.001000,1.000000,1.000000,0.444525,0.391382
1.000000,0.175173,1.000000,1.000000,0.001000,0.001000
0.001000,0.001000,0.001000,0.001000,0.552352,1.000000
1.000000,1.000000,0.604928,1.000000,0.680563,1.000000
0.001000,0.116100,1.000000,0.001000,0.001000,1.000000
0.233684,0.457228,0.264953,0.248399,1.000000,1.000000
0.905080,1.000000,0.563455,0.001000,1.000000,0.630624
0.001000,1.000000,0.371942,1.000000,0.086304,0.001000
0.001000,0.001000,0.606312,0.257682,0.948305,1.000000
1.000000,0.001000,1.000000,0.001000,0.001000,0.001000
1.000000,1.000000,0.033633,1.000000,0.014229,0.295734
0.532757,0.596862,0.069857,0.275330,0.001000,0.001000
1.000000,0.584626,0.734162,0.233164,0.001000,0.001000
0.240877,0.052031,0.660812,0.001000,0.001000,1.000000
1.000000,0.019432,0.137781,0.001000,0.519297,0.001000
0.001000,0.001000,0.313242,0.461835,0.376185,0.001000
0.001000,0.001000,1.000000,0.001000,0.001000,1.000000
1.000000,1.000000,0.001000,0.001000,1.000000,0.001000
0.923850,1.000000,0.001000,0.001000,0.017590,1.000000
0.357610,0.173106,1.000000,0.001000,1.000000,0.584669
1.000000,0.042483,1.000000,0.243455,0.001000,1.000000
0.001000,0.010208,0.001000,0.071938,0.001000,0.001000
0.756956,0.001000,0.001000,0.001000,0.781608,1.000000
0.871585,1.000000,0.001000,0.001000,1.000000,0.001000
0.373755,0.186685,0.213987,1.000000,0.178077,0.001000
0.001000,0.001000,0.001000,0.001000,0.800056,0.001000
0.386096,0.110144,0.377687,0.092881,0.001000,0.001000
0.814442,0.298464,0.001000,0.001000,0.343841,0.413897
1.000000,0.001000,1.000000,0.001000,0.370532,0.001000
1.000000,0.001000,0.230109,0.557526,0.415500,0.520864
0.001000,0.641484,1.000000,0.001000,1.000000,0.155465
1.000000,0.706075,0.001000,0.725478,0.009572,1.000000
1.000000,0.005136,0.001000,1.000000,0.091338,0.001000
0.001000,0.639153,1.000000,0.078954,1.000000,0.001000
1.000000,1.000000,0.759606,0.226040,0.724534,0.232154
0.250306,0.001000,1.000000,0.001000,0.099192,0.651460
0.001000,0.001000,0.762204,0.815306,0.573882,0.854556
0.600884,0.233348,1.000000,0.001000,1.000000,1.000000
0.001000,0.001000,1.000000,0.222978,0.002124,0.219219
0.750961,1.000000,1.000000,0.001000,0.001000,0.001000
1.000000,0.023187,1.000000,0.001000,0.208055,0.001000
0.936338,0.440463,1.000000,0.001000,0.539742,1.000000
1.000000,0.001000,0.778917,0.001000,0.451512,1.000000
0.001000,0.061353,1.000000,0.001000,0.001000,0.756448
0.773655,0.866453,1.000000,1.000000,1.000000,0.001000
1.000000,1.000000,0.001000,0.691861,0.001000,0.422013
1.000000,1.000000,0.463089,0.260735,0.590641,0.001000
1.000000,1.000000,1.000000,0.068923,0.384875,0.286150
0.126466,1.000000,0.001000,0.062875,0.001000,0.470026
1.000000,0.001000,1.000000,0.003465,0.001000,1.000000
0.107643,0.001000,1.000000,0.001000,0.001000,0.001000
1.000000,0.243559,0.780679,0.475242,0.001000,0.001000
0.101671,0.652995,1.000000,0.439619,0.001000,1.000000
0.803545,0.734238,0.001000,1.000000,1.000000,0.125936
1.000000,0.137274,1.000000,1.000000,0.909577,0.508184
0.404041,0.131684,1.000000,0.405272,1.000000,0.375707
0.001000,1.000000,1.000000,1.000000,0.820951,0.757727
0.112278,1.000000,0.001000,0.925753,0.951326,1.000000
0.511785,0.001000,0.001000,0.909610,0.226236,0.857637
0.816895,1.000000,0.001000,0.651315,1.000000,0.635056
