0.560314,0.464033,0.539820,0.371314,0.423228,0.303189,0.394413,0.661986,0.342121,0.265147
0.669777,0.001000,0.612873,1.000000,0.439839,0.886657,0.559009,1.000000,0.856644,0.707371
1.000000,0.001000,0.001000,0.471425,0.001000,0.664699,0.001000,0.218140,0.096083,1.000000
0.132697,0.386045,0.104167,1.000000,1.000000,0.001000,0.001000,0.889890,1.000000,1.000000
1.000000,0.001000,0.126371,0.001000,0.001000,1.000000,0.883997,1.000000,0.420038,0.456236
0.358339,0.050957,0.041616,0.001000,0.629552,0.283148,0.001000,1.000000,0.001000,0.856888
1.000000,1.000000,0.748734,0.174709,0.142034,0.103408,0.198376,0.235606,0.001000,1.000000
0.291956,0.983723,0.001000,0.223692,0.964360,0.001000,0.917864,0.277343,0.980600,0.262696
0.851598,0.001000,0.001000,0.705838,1.000000,1.000000,0.001000,0.690850,0.444069,0.001000
1.000000,0.001000,0.001000,0.001000,0.001000,0.001000,1.000000,1.000000,0.001000,0.872671
0.001000,0.941110,1.000000,1.000000,0.001000,0.001000,0.001000,1.000000,0.051411,0.001000
0.001000,1.000000,0.001000,1.000000,0.001000,0.455243,1.000000,0.632019,0.510290,0.420311
0.339230,1.000000,0.849101,0.001000,1.000000,0.754458,0.001000,0.001000,0.691871,1.000000
0.001000,0.001000,0.001000,0.546636,0.001000,1.000000,0.943132,0.178458,1.000000,0.001000
0.001000,0.001000,1.000000,0.027335,1.000000,1.000000,0.001000,0.001000,0.001000,0.282764
0.597588,1.000000,0.778733,1.000000,1.000000,0.770318,0.001000,0.791563,0.001000,1.000000
1.000000,0.001000,0.797691,0.001000,0.001000,1.000000,0.442520,1.000000,0.001000,0.001000
0.937999,0.781065,0.552147,1.000000,1.000000,0.113956,0.686382,0.887223,0.591235,0.114098
0.100586,0.847574,0.148135,0.929793,1.000000,0.062325,0.308613,0.001000,0.001000,1.000000
0.001000,1.000000,0.353696,0.363362,0.001000,1.000000,0.823891,1.000000,0.464602,0.001000
0.001000,0.001000,0.645620,0.001000,0.001000,0.401766,0.423319,0.702935,1.000000,0.001000
1.000000,0.853089,1.000000,0.912691,0.727955,1.000000,1.000000,0.001000,0.001000,0.487949
0.379899,0.001000,0.001000,0.714998,1.000000,1.000000,1.000000,1.000000,0.745602,0.871207
1.000000,0.001000,0.521503,0.001000,1.000000,1.000000,0.001000,0.001000,0.001000,0.896023
0.397813,0.434978,0.001000,0.001000,0.001000,0.402690,1.000000,0.378119,0.794507,0.001000
0.044948,0.678513,0.494884,1.000000,0.001000,1.000000,0.574807,0.001000,1.000000,0.001000
0.001000,0.273634,1.000000,1.000000,0.001000,0.001000,1.000000,1.000000,0.001000,0.018944
1.000000,0.001000,0.325626,0.323906,1.000000,0.838988,1.000000,0.725828,1.000000,0.001000
0.198419,0.001000,1.000000,0.001000,0.046776,0.187575,0.591176,1.000000,0.001000,1.000000
0.001000,0.001000,0.847900,1.000000,0.970795,1.000000,0.001000,0.001000,1.000000,0.001000
1.000000,0.132339,1.000000,0.001000,0.847474,0.001000,0.001000,0.001000,0.001000,0.173377
0.306477,0.477052,0.792503,0.001000,0.012638,0.001000,1.000000,0.001000,0.001000,1.000000
0.001000,1.000000,0.001000,0.084021,0.753905,0.001000,0.087056,0.001000,1.000000,1.000000
1.000000,0.859502,0.759860,0.001000,1.000000,0.364956,0.835886,0.254999,0.186274,0.228449
1.000000,0.223237,1.000000,0.427578,0.961963,1.000000,0.001000,0.210067,1.000000,0.679008
0.713791,1.000000,0.001000,0.069871,0.428625,0.001000,0.001000,1.000000,1.000000,0.127077
1.000000,0.001000,1.000000,0.679239,0.117956,0.001000,0.261154,0.298654,1.000000,1.000000
0.001000,1.000000,0.874139,1.000000,0.263630,0.029482,0.046033,0.186883,0.042032,0.001000
0.399510,0.001000,1.000000,0.395833,0.700595,0.001000,0.001000,0.001000,1.000000,0.401624
0.717040,1.000000,1.000000,0.130626,1.000000,1.000000,0.389737,1.000000,0.935498,0.001000
0.001000,0.001000,0.692124,0.498421,0.511535,0.001000,0.116698,0.177028,1.000000,0.876239
1.000000,1.000000,0.918836,0.001000,0.740394,1.000000,0.001000,0.791660,0.014184,0.699617
0.001000,1.000000,0.001000,0.001000,1.000000,0.797832,0.692486,1.000000,1.000000,0.001000
0.001000,1.000000,1.000000,0.622963,0.001000,0.001000,0.207580,0.685153,0.001000,1.000000
0.001000,0.001000,0.048446,0.001000,1.000000,0.001000,0.470257,1.000000,0.001000,0.021860
0.823142,0.001000,0.712247,1.000000,0.909375,0.001000,0.023172,1.000000,0.001000,0.293236
0.001000,1.000000,0.440624,0.910450,1.000000,0.001000,0.001000,0.116651,1.000000,0.799437
1.000000,0.477535,0.639890,0.377043,0.020363,0.001000,0.212990,0.426768,1.000000,0.751485
1.000000,0.657340,0.073100,0.931577,0.659803,0.001000,0.718151,1.000000,0.001000,0.523752
0.515196,1.000000,1.000000,1.000000,0.894235,0.044621,0.001000,1.000000,0.934671,0.001000
1.000000,1.000000,1.000000,1.000000,0.001000,0.001000,0.651904,0.701532,0.925739,0.875099
0.257929,0.301534,0.522868,0.908430,1.000000,0.179656,0.001000,0.417717,0.001000,1.000000
0.508294,1.000000,1.000000,0.973095,0.934616,1.000000,0.867308,0.418274,1.000000,0.955598
0.950362,0.473509,1.000000,0.662688,1.000000,1.000000,0.403792,0.789900,0.001000,0.857843
1.000000,0.319204,0.011431,0.389338,1.000000,0.001000,0.680923,0.728587,1.000000,0.001000
0.510732,1.000000,0.001000,0.899985,1.000000,0.450262,0.001000,1.000000,0.001000,0.001000
0.643017,0.001000,1.000000,1.000000,0.613371,1.000000,1.000000,1.000000,0.863845,0.149737
0.001000,0.001000,1.000000,0.001000,0.001000,0.001000,1.000000,0.521100,0.985292,0.935762
0.811323,0.295298,1.000000,1.000000,1.000000,0.474414,0.001000,0.891824,0.001000,0.631481
1.000000,1.000000,1.000000,0.122040,1.000000,0.885177,1.000000,1.000000,0.001000,0.877597
0.622802,0.001000,1.000000,0.001000,0.329695,0.724382,0.001000,0.907140,0.335119,0.001000
0.484818,0.001000,1.000000,0.001000,0.173023,0.001000,0.496424,0.001000,0.001000,1.000000
1.000000,0.447052,0.467497,0.001000,0.001000,0.001000,0.001000,1.000000,1.000000,1.000000
0.001000,1.000000,0.056104,0.001000,1.000000,0.001000,1.000000,0.001000,0.001000,1.000000
0.001000,0.001000,0.876656,0.426307,0.702494,0.001000,1.000000,0.001000,0.909217,0.684940
0.547351,0.442109,1.000000,1.000000,0.001000,0.958582,0.001000,1.000000,0.585959,0.001000
1.000000,0.001000,0.001000,0.001000,1.000000,0.001000,1.000000,0.001000,0.794362,0.001000
0.372216,0.308646,0.001000,1.000000,1.000000,0.001000,1.000000,0.001000,0.001000,1.000000
0.587350,1.000000,1.000000,0.001000,0.001000,1.000000,1.000000,0.931664,0.001000,0.257587
1.000000,0.001000,0.289971,1.000000,0.845921,0.001000,1.000000,0.285104,0.001000,0.001000
0.001000,0.871092,1.000000,0.001000,0.127791,0.381060,0.204388,0.195588,0.436238,0.001000
0.602279,0.933368,0.175630,1.000000,0.449867,0.002442,0.606227,0.001000,0.001191,0.783734
1.000000,1.000000,0.001000,0.001000,1.000000,0.089642,1.000000,1.000000,0.906508,1.000000
1.000000,0.001000,0.643395,0.806303,0.001000,0.584128,0.552407,0.001000,0.923618,0.001000
0.041388,1.000000,1.000000,0.371260,0.594750,0.001000,1.000000,0.001000,0.816912,0.812826
0.383590,0.733653,1.000000,1.000000,1.000000,1.000000,1.000000,1.000000,0.001000,1.000000
0.001000,1.000000,0.812747,0.858217,0.001000,0.823492,1.000000,0.309133,1.000000,1.000000
1.000000,1.000000,0.447140,0.377636,0.449876,0.001000,0.001000,0.747178,0.001000,0.001000
1.000000,1.000000,1.000000,0.001000,1.000000,0.593221,0.405844,0.862872,0.200816,0.001000
0.942219,0.001000,0.001000,0.001000,0.001000,0.649363,1.000000,1.000000,0.997575,0.001000
0.561079,0.001000,0.423243,1.000000,1.000000,0.877685,1.000000,0.001000,1.000000,0.001000
0.001000,0.380141,0.001000,0.001000,1.000000,0.001000,1.000000,0.445233,0.001000,0.958851
0.767934,0.441380,0.228577,0.001000,0.136797,0.001000,0.023233,0.276544,1.000000,0.001000
1.000000,1.000000,0.478965,0.001000,1.000000,0.001000,0.001000,0.044895,1.000000,0.828501
0.001000,0.001000,0.001000,0.338442,0.001000,0.796416,0.874746,0.746853,0.441122,0.001000
0.764422,0.001000,0.461147,0.616021,1.000000,1.000000,1.000000,0.594563,1.000000,1.000000
0.001000,1.000000,0.001000,1.000000,0.657975,0.747350,0.001000,0.548201,0.202347,0.713305
0.138593,0.452759,0.001000,1.000000,0.415752,0.001000,0.001000,0.669559,1.000000,1.000000
0.698415,0.001000,0.001000,1.000000,1.000000,0.988954,0.254634,1.000000,0.001000,1.000000
1.000000,0.001000,1.000000,1.000000,0.676748,0.001000,1.000000,0.001000,0.910776,0.487722
1.000000,0.723793,0.001000,1.000000,0.001000,1.000000,0.910897,0.001000,1.000000,0.446096
1.000000,1.000000,0.001000,0.001000,0.001000,0.489197,0.001000,0.633352,1.000000,0.001000
0.994426,0.001000,1.000000,0.222898,0.285961,1.000000,0.364183,1.000000,0.120889,0.001000
1.000000,0.001000,0.001000,1.000000,0.746679,1.000000,0.001000,0.001000,0.159481,0.001000
0.295012,1.000000,1.000000,0.001000,0.001000,0.057890,0.708565,1.000000,0.893088,0.763599
0.001000,1.000000,1.000000,0.611555,0.827453,1.000000,0.001000,0.001000,1.000000,0.379538
0.418156,0.721105,0.001000,1.000000,1.000000,0.001000,0.387667,1.000000,0.173812,1.000000
0.001000,1.000000,0.335446,0.089048,0.001000,1.000000,1.000000,0.379724,0.571285,0.238090
1.000000,1.000000,0.177651,1.000000,0.001000,0.001000,0.212069,0.164651,1.000000,1.000000
0.395758,1.000000,1.000000,0.001000,1.000000,0.547535,0.001000,0.082056,0.728872,1.000000
0.001000,0.001000,0.811026,1.000000,0.001000,0.001000,0.254679,0.203467,0.001000,1.000000
0.371240,0.001000,0.001000,0.001000,0.001000,1.000000,0.001000,1.000000,0.348697,0.001000
0.115348,0.001000,1.000000,0.001000,0.091140,0.001000,0.001000,0.001000,0.001000,0.554580
0.142472,0.781474,0.001000,0.463518,0.192393,0.067609,0.001000,1.000000,0.001000,0.851755
0.001000,0.001000,0.184423,1.000000,0.333654,1.000000,0.823376,0.001000,0.817064,1.000000
0.369343,0.001000,1.000000,0.876460,0.407326,0.001000,0.009445,0.651862,0.001000,0.162733
0.143812,0.001000,0.001000,0.743683,0.006192,1.000000,0.936165,0.001000,0.811040,0.234746
1.000000,1.000000,0.826557,1.000000,1.000000,0.001000,1.000000,1.000000,0.001000,0.178314
1.000000,0.118488,1.000000,1.000000,0.685178,0.867705,1.000000,1.000000,0.795860,0.356347
0.001000,0.001000,0.534101,0.472683,1.000000,0.633849,0.147072,0.001000,0.001000,0.202289
1.000000,0.401741,1.000000,0.001000,0.001000,0.001000,0.281123,0.028259,0.001000,0.001000
0.755329,1.000000,0.881343,0.001000,0.243510,0.001000,0.001000,0.214877,1.000000,0.020673
1.000000,0.828743,0.001000,0.554549,1.000000,0.001000,1.000000,0.578782,0.937931,0.001000
1.000000,0.529803,0.304179,0.001000,0.671104,0.001000,0.001000,0.001000,1.000000,1.000000
1.000000,0.001000,0.001000,1.000000,0.001000,1.000000,0.423808,0.051751,0.001000,0.001000
0.204710,0.001000,0.001000,0.001000,1.000000,1.000000,0.090735,1.000000,0.001000,0.001000
0.562510,0.118833,0.001000,0.354668,0.600674,0.001000,0.682455,1.000000,0.001000,0.001000
0.041000,0.001000,0.001000,0.149643,0.772905,0.152259,0.787408,0.395723,0.030825,0.644229
0.599052,1.000000,1.000000,1.000000,1.000000,0.080078,0.001000,1.000000,1.000000,0.001000
0.001000,0.001000,1.000000,0.748382,0.123031,0.643551,0.246969,0.906155,1.000000,0.330900
1.000000,0.335352,1.000000,0.001000,0.110266,0.122732,0.001000,1.000000,0.776944,0.195317
0.001000,0.714464,0.866553,1.000000,1.000000,0.979354,0.001000,1.000000,0.359554,1.000000
1.000000,0.001000,0.430421,0.001000,0.639639,0.001000,1.000000,0.365254,0.001000,0.001000
0.230176,1.000000,1.000000,1.000000,0.351699,0.001000,0.890430,0.001000,0.841231,0.001000
1.000000,1.000000,0.001000,1.000000,0.303121,0.283357,0.001000,1.000000,0.873923,0.001000
1.000000,1.000000,1.000000,0.001000,0.001000,0.001000,0.001000,0.579403,0.323705,0.001000
0.536941,0.791857,0.561501,1.000000,0.001000,0.812525,0.001000,0.001000,0.679072,1.000000
1.000000,0.090611,0.655269,0.301596,1.000000,0.001000,0.385944,0.001000,0.587838,0.001000
0.001000,0.396055,0.042201,1.000000,0.935546,0.996543,0.179071,1.000000,0.001000,1.000000
0.315950,1.000000,0.001000,0.001000,0.203306,1.000000,0.001000,0.391766,0.001000,0.001000
1.000000,0.001000,1.000000,1.000000,0.483505,0.001000,0.674260,0.364648,0.135517,1.000000
0.001000,1.000000,1.000000,1.000000,0.594950,1.000000,1.000000,0.445947,1.000000,0.633032
0.741149,0.001000,0.377616,1.000000,1.000000,0.001000,0.432880,1.000000,0.582162,0.001000
0.180557,0.001000,0.262409,0.001000,1.000000,0.001000,1.000000,1.000000,1.000000,1.000000
1.000000,0.001000,1.000000,1.000000,1.000000,1.000000,0.001000,0.001000,0.001000,0.001000
0.001000,0.001000,0.001000,1.000000,0.001000,1.000000,0.001000,0.001000,0.001000,0.001000
1.000000,1.000000,1.000000,1.000000,1.000000,0.001000,0.001000,1.000000,1.000000,1.000000
0.001000,0.001000,0.678656,0.532783,1.000000,0.141736,0.362047,0.065010,0.001000,0.001000
1.000000,1.000000,0.534476,0.291790,0.001000,1.000000,0.770702,1.000000,1.000000,1.000000
0.001000,0.323525,0.708485,0.001000,0.867236,0.001000,0.001000,0.001000,1.000000,1.000000
0.001000,0.801739,0.001000,0.001000,0.816354,0.890191,0.330710,0.001000,0.758566,0.001000
1.000000,0.722963,0.001000,0.001000,0.662201,1.000000,0.494592,0.482187,0.001000,0.001000
0.001000,0.001000,0.001000,1.000000,1.000000,1.000000,0.938834,1.000000,1.000000,0.001000
1.000000,0.210726,0.624274,1.000000,0.001000,0.001000,1.000000,0.072323,0.001000,0.001000
0.001000,1.000000,0.001000,1.000000,0.001000,0.001000,1.000000,0.613655,0.190017,0.001000
1.000000,1.000000,0.943624,1.000000,0.001000,0.796194,1.000000,0.748046,1.000000,0.001000
1.000000,0.001000,0.347155,1.000000,1.000000,0.001000,1.000000,0.985114,0.001000,0.001000
0.574909,0.001000,0.001000,1.000000,0.387490,0.001000,0.262372,1.000000,1.000000,0.460779
0.213628,0.001000,0.001000,0.001000,0.001000,1.000000,0.496681,0.486390,0.001000,0.001000
0.001000,1.000000,0.682772,0.901423,1.000000,0.001000,0.369255,0.939198,0.515449,0.092364
0.761590,0.245971,0.753587,1.000000,0.001000,1.000000,1.000000,1.000000,0.321608,1.000000
1.000000,0.920791,1.000000,0.001000,0.001000,1.000000,0.659153,0.844803,0.204093,1.000000
1.000000,1.000000,0.001000,0.045538,0.001000,0.001000,0.001000,1.000000,0.001000,1.000000
1.000000,0.087585,0.970840,0.765798,0.001000,1.000000,0.001000,0.172094,1.000000,0.001000
0.776672,1.000000,0.555325,0.612021,1.000000,0.001000,0.001000,1.000000,0.001000,0.001000
0.356593,0.001000,1.000000,0.001000,0.001000,1.000000,0.593977,0.703122,0.001000,0.265491
0.546577,0.001000,0.001000,0.001000,0.001000,0.001000,0.198826,0.893635,1.000000,0.179592
0.001000,0.823151,1.000000,0.001000,1.000000,0.001000,1.000000,0.912227,0.001000,0.435316
1.000000,0.657414,1.000000,0.349336,0.560830,0.080645,0.407747,0.461357,0.001000,1.000000
0.783311,0.001000,1.000000,0.903794,0.001000,1.000000,0.320123,1.000000,0.353685,1.000000
0.502675,1.000000,0.001000,0.001000,1.000000,0.001000,0.861092,1.000000,0.357691,0.001000
0.234283,1.000000,0.202471,1.000000,0.443004,0.001000,0.600113,1.000000,1.000000,0.558947
0.001000,1.000000,0.001000,1.000000,0.001000,1.000000,1.000000,0.987220,0.001000,0.138074
0.390201,1.000000,0.001000,0.249226,1.000000,0.637775,0.458168,0.303925,0.384946,0.001000
0.483645,1.000000,1.000000,0.001000,0.636791,0.145066,0.001000,0.001000,1.000000,0.227182
0.001000,0.861633,1.000000,0.678824,0.001000,0.001000,0.001000,0.865177,0.001000,0.001000
0.001000,1.000000,0.001000,0.714195,0.336334,0.614820,0.623162,1.000000,1.000000,0.001000
1.000000,1.000000,0.809106,0.457163,0.011375,1.000000,0.600834,0.323520,1.000000,0.530012
0.001000,1.000000,1.000000,0.001000,0.001000,1.000000,0.185465,0.001000,0.501552,0.001000
1.000000,1.000000,0.171004,1.000000,0.549423,0.001000,0.001000,0.001000,0.274168,0.273679
1.000000,1.000000,0.774182,0.001000,0.308513,1.000000,0.452997,1.000000,1.000000,1.000000
0.337733,0.331048,0.669971,1.000000,0.000153,0.001000,0.001000,0.497240,0.001000,0.940345
0.001000,0.376523,0.001000,0.001000,0.001000,1.000000,0.001000,0.001000,0.001000,0.001000
0.463296,0.346924,1.000000,1.000000,0.262528,1.000000,0.001000,0.001000,1.000000,0.001000
0.750448,0.653472,0.898985,0.706999,1.000000,1.000000,0.711666,1.000000,0.001000,0.044417
1.000000,0.001000,1.000000,1.000000,0.001000,0.001000,0.332090,0.001000,0.614321,0.001000
0.217885,0.944429,0.571311,0.001000,0.534188,0.623171,0.922832,0.001000,0.001000,0.976490
0.417326,0.208534,0.921923,0.401926,0.001000,1.000000,1.000000,1.000000,0.674737,0.175680
0.001000,1.000000,0.831042,0.001000,0.001000,1.000000,0.581509,0.001000,1.000000,0.001000
1.000000,0.001000,1.000000,1.000000,0.899027,0.768273,0.001000,0.001000,0.001000,0.369661
0.001000,0.523885,0.001000,0.001000,1.000000,0.017272,0.001000,0.001000,0.001000,0.471421
1.000000,0.564977,0.212736,1.000000,1.000000,1.000000,0.687614,0.469970,0.944323,0.332227
0.600856,0.771913,0.001000,1.000000,1.000000,0.001000,0.249508,0.015105,0.001000,1.000000
0.422590,0.001000,0.001000,1.000000,0.711218,0.670234,0.001000,0.276910,0.001000,0.342894
0.001000,0.072695,0.001000,0.927984,0.424971,0.001000,1.000000,0.204670,0.438954,1.000000
1.000000,0.576009,1.000000,0.001000,0.001000,0.417762,0.735602,1.000000,1.000000,0.194687
0.001000,0.693607,0.887167,1.000000,0.001000,0.001000,0.001000,0.001000,0.001000,0.914836
0.001000,0.001000,0.755638,0.385425,1.000000,0.487825,0.001000,0.001000,1.000000,1.000000
1.000000,0.670063,1.000000,1.000000,0.001000,1.000000,0.765068,1.000000,0.078706,0.001000
1.000000,1.000000,0.720505,0.001000,0.001000,1.000000,0.001000,0.801157,0.956137,0.072052
1.000000,0.001000,1.000000,0.001000,0.535036,1.000000,0.001000,0.001000,0.299472,1.000000
0.001000,0.001000,0.535014,0.001000,0.716717,0.001000,1.000000,0.001000,0.001000,1.000000
0.001000,0.077936,0.337637,0.528635,1.000000,0.001000,1.000000,0.001000,1.000000,0.965833
1.000000,0.001000,0.001000,0.001000,0.001000,0.974848,1.000000,0.545937,0.001000,0.924271
1.000000,1.000000,0.001000,0.001000,1.000000,0.001000,0.001000,0.001000,0.183084,0.001000
0.001000,0.356494,1.000000,1.000000,0.705049,0.453056,0.423656,1.000000,0.001000,1.000000
0.109316,1.000000,0.044935,1.000000,0.415109,1.000000,1.000000,0.172194,0.191995,0.001000
1.000000,1.000000,1.000000,0.001000,1.000000,1.000000,0.773122,0.304541,0.642844,0.024853
1.000000,1.000000,1.000000,0.001000,0.699613,0.243110,0.001000,0.001000,0.001000,1.000000
1.000000,0.745005,0.001000,1.000000,0.001000,0.672093,0.001000,0.593294,0.001000,0.001000
0.001000,0.001000,0.001000,0.134754,0.001000,0.716706,0.001000,0.426620,0.037897,0.001000
1.000000,1.000000,1.000000,0.078890,0.001000,0.335595,0.001000,1.000000,0.001000,1.000000
0.001000,0.327102,1.000000,0.001000,1.000000,0.721020,0.415492,0.395716,0.747183,0.001000
1.000000,0.110385,1.000000,0.001000,0.001000,0.312217,0.037649,1.000000,0.848411,1.000000
0.001000,0.873230,0.885438,0.001000,0.620106,0.001000,0.001000,1.000000,0.277414,1.000000
1.000000,0.741790,0.053948,0.151403,0.001000,0.584321,0.001000,0.778391,0.001000,0.317142
0.001000,1.000000,0.292913,1.000000,0.466552,0.001000,0.001000,0.084609,0.217723,0.001000
0.001000,0.390379,1.000000,0.337136,0.032592,1.000000,0.860543,0.001000,0.490516,0.001000
0.439731,0.406394,0.814699,0.486234,0.373889,1.000000,1.000000,0.001000,1.000000,0.007511
1.000000,0.001000,1.000000,0.053046,0.941087,0.001000,0.960582,0.325348,1.000000,0.408392
0.263270,0.649657,0.890285,0.001000,1.000000,0.001000,0.222824,0.368245,0.001000,0.001000
1.000000,0.852982,1.000000,0.001000,1.000000,0.001000,0.385799,0.606002,0.001000,1.000000
1.000000,0.001000,1.000000,0.001000,0.001000,0.531170,1.000000,0.001000,0.309062,0.001000
0.001000,0.001000,1.000000,0.380733,0.001000,0.001000,0.829643,0.066341,0.841339,1.000000
0.001000,0.085241,0.247050,0.828136,1.000000,1.000000,0.001000,1.000000,0.001000,0.001000
1.000000,0.001000,1.000000,0.001000,0.843400,1.000000,1.000000,1.000000,0.824040,0.001000
0.001000,0.934226,0.675717,0.366174,0.001000,0.001000,0.001000,1.000000,1.000000,1.000000
0.524490,0.439598,1.000000,0.001000,0.001000,0.800751,0.871418,1.000000,1.000000,0.001000
1.000000,0.217617,0.637861,0.022522,1.000000,0.565625,1.000000,0.153740,1.000000,1.000000
0.535287,0.001000,0.011636,0.001000,1.000000,1.000000,0.554237,1.000000,0.538302,0.001000
0.197669,0.001000,1.000000,0.226887,0.001000,0.001000,1.000000,0.001000,0.001000,0.001000
1.000000,0.001000,1.000000,1.000000,0.001000,1.000000,0.001000,1.000000,0.001000,0.134634
0.001000,0.611820,0.001000,0.143256,0.001000,0.551270,0.615131,1.000000,0.366890,0.001000
0.200982,0.345885,1.000000,0.001000,0.799886,1.000000,0.001000,0.960562,0.421363,0.417019
0.802315,1.000000,1.000000,0.001000,0.263202,1.000000,0.001000,0.664095,1.000000,0.072072
1.000000,0.001000,1.000000,0.428475,0.921670,0.730282,1.000000,0.001000,1.000000,0.001000
1.000000,1.000000,0.001000,0.001000,1.000000,1.000000,1.000000,0.001000,0.735757,0.001000
0.588428,0.127777,1.000000,1.000000,0.001000,0.001000,0.001000,1.000000,0.588734,0.377219
0.001000,0.001000,0.001000,0.001000,0.203670,0.171619,0.153227,1.000000,1.000000,0.001000
0.001000,0.513891,1.000000,0.001000,0.001000,0.001000,0.001000,1.000000,0.001000,0.001000
1.000000,1.000000,1.000000,1.000000,1.000000,1.000000,1.000000,0.001000,1.000000,0.174794
0.364742,0.597307,0.233909,0.001000,0.001000,0.001000,0.059002,0.287116,1.000000,0.001000
1.000000,1.000000,0.547009,1.000000,1.000000,1.000000,1.000000,0.001000,0.515700,0.554703
0.184403,0.001000,0.601228,0.830904,0.001000,0.001000,0.533607,1.000000,0.957164,0.001000
0.001000,0.951545,1.000000,0.001000,0.809576,0.470752,1.000000,0.365564,1.000000,0.001000
0.001000,0.001000,1.000000,0.001000,1.000000,0.226586,0.623234,0.001000,0.001000,0.176457
1.000000,0.604508,0.945342,0.001000,0.080158,0.001000,0.481828,1.000000,0.001000,0.001000
1.000000,0.001000,0.088685,1.000000,1.000000,0.001000,0.947995,0.001000,0.001000,0.287840
1.000000,0.321215,1.000000,1.000000,0.001000,1.000000,1.000000,1.000000,0.001000,1.000000
0.590019,0.100976,1.000000,1.000000,0.488271,0.527826,0.145600,0.001000,0.001000,0.001000
0.248401,0.225871,1.000000,0.175911,0.004373,0.001000,0.419060,0.444710,1.000000,0.112734
0.833242,0.103016,0.001000,1.000000,1.000000,1.000000,1.000000,0.001000,0.001000,0.072279
1.000000,1.000000,0.068331,1.000000,1.000000,1.000000,0.429197,0.001000,0.682223,0.128091
1.000000,0.887691,0.001000,0.001000,0.001000,0.001000,0.001000,0.435381,0.001000,0.391760
1.000000,0.446771,0.519054,0.963164,0.089729,0.849405,0.001000,0.961761,0.001000,1.000000
1.000000,0.001000,1.000000,0.613991,0.001000,0.041243,1.000000,0.707456,0.001000,0.001000
0.103446,0.001000,1.000000,0.001000,0.317639,0.001000,0.065698,0.687946,0.051471,1.000000
0.546401,1.000000,1.000000,1.000000,0.407820,0.701820,0.001000,0.001000,0.001000,0.001000
0.800854,1.000000,1.000000,1.000000,1.000000,1.000000,0.001000,1.000000,0.889102,0.064273
0.884915,0.231671,1.000000,1.000000,0.763748,0.251112,0.775883,0.001000,0.601493,0.001000
0.446586,1.000000,1.000000,0.001000,0.001000,0.829186,0.001000,0.001000,0.001000,0.375673
1.000000,1.000000,1.000000,0.001000,0.001000,1.000000,0.944339,1.000000,0.726292,1.000000
0.001000,0.001000,0.001000,0.001000,0.001000,1.000000,0.997116,1.000000,1.000000,0.001000
0.816054,1.000000,0.106379,0.001000,0.311250,0.001000,0.210068,1.000000,0.001000,1.000000
0.001000,1.000000,1.000000,1.000000,0.001000,0.001000,0.001000,1.000000,1.000000,0.001000
1.000000,0.699498,0.590783,0.001000,1.000000,1.000000,0.438303,0.001000,0.379464,0.306599
0.105140,0.001000,0.586312,1.000000,0.850505,0.001000,0.775418,1.000000,1.000000,0.234848
1.000000,1.000000,1.000000,0.189544,0.766130,0.001000,0.071580,1.000000,1.000000,1.000000
0.582053,1.000000,0.409149,0.716873,0.560153,0.705224,0.481328,0.001000,0.001000,0.001000
1.000000,1.000000,0.001000,0.490345,0.001000,0.745427,0.001000,0.801223,0.001000,0.001000
0.001000,0.542815,0.439424,0.001000,0.108685,1.000000,0.001000,0.001000,1.000000,0.001000
0.001000,0.001000,1.000000,0.001000,0.001000,0.148893,0.715809,0.779893,0.074540,1.000000
1.000000,0.564659,0.041282,1.000000,0.448353,1.000000,0.840038,0.399273,0.001000,0.401526
1.000000,0.001000,0.173331,1.000000,1.000000,0.001000,0.026450,1.000000,1.000000,0.001000
1.000000,0.001000,0.997498,0.001000,0.946644,1.000000,1.000000,0.984218,0.001000,0.001000
0.539084,1.000000,0.518471,0.673977,0.354113,0.501693,0.001000,1.000000,0.001000,0.789728
1.000000,1.000000,0.001000,0.310350,0.001000,1.000000,0.001000,0.817072,0.001000,1.000000
1.000000,0.001000,0.001000,1.000000,0.001000,0.001000,0.001000,1.000000,1.000000,0.117957
1.000000,1.000000,0.001000,0.144992,1.000000,0.428653,1.000000,1.000000,0.001000,0.281632
1.000000,1.000000,0.022179,0.932923,1.000000,0.698356,0.161980,1.000000,0.001000,0.001000
0.001000,0.001000,1.000000,0.001000,0.221159,0.224803,0.047539,0.001000,0.001000,0.068858
1.000000,0.001000,0.929456,0.021197,0.926231,0.203339,0.001000,0.001000,0.430203,0.001000
1.000000,0.343328,0.001000,1.000000,0.001000,0.714259,1.000000,0.185035,0.914836,0.859031
1.000000,0.001000,1.000000,0.085117,0.001000,0.008657,0.228589,0.596669,0.056780,1.000000
0.001000,0.144805,0.384052,0.438021,0.164726,0.001000,0.972040,1.000000,0.174469,0.001000
0.001000,0.944794,0.202887,0.001000,0.001000,0.751374,0.320945,0.026424,0.001000,0.613856
0.280788,0.845312,0.001000,0.504790,0.673294,0.001000,0.001000,0.979130,0.072444,1.000000
0.001000,1.000000,1.000000,0.001000,0.637419,0.001000,1.000000,1.000000,1.000000,1.000000
1.000000,0.001000,1.000000,0.338375,0.001000,0.001000,0.162557,0.707764,0.100078,0.001000
0.001000,0.001000,1.000000,0.307117,0.001000,1.000000,1.000000,0.001000,0.469358,1.000000
0.039249,1.000000,0.911596,0.001000,0.549826,1.000000,0.001000,1.000000,1.000000,0.646398
0.834997,0.897366,0.334702,1.000000,1.000000,0.815796,1.000000,0.892297,0.984859,0.001000
0.144459,1.000000,0.937673,1.000000,0.322535,1.000000,1.000000,0.001000,0.001000,0.743430
1.000000,0.874560,0.538457,1.000000,0.424044,0.421865,0.001000,1.000000,0.095170,0.001000
0.663867,1.000000,0.001000,0.250535,1.000000,0.001000,1.000000,0.484885,0.212534,0.136600
0.797611,1.000000,1.000000,0.350972,0.001000,0.001000,0.001000,0.001000,1.000000,0.135454
0.856328,0.001000,0.302769,0.001000,0.106456,0.946271,0.001000,1.000000,0.001000,0.001000
0.376159,0.399028,0.001000,0.921427,0.408837,0.001000,0.001000,0.001000,0.092966,0.001000
0.001000,1.000000,0.881907,1.000000,1.000000,1.000000,1.000000,1.000000,0.199392,0.001000
0.010309,0.466322,0.775574,0.339727,0.001000,0.764652,0.458479,1.000000,0.687045,0.001000
1.000000,0.964062,0.071846,0.001000,1.000000,0.001000,0.001000,0.626810,0.001000,1.000000
0.001000,0.001000,0.759477,0.001000,0.279787,0.598297,1.000000,0.001000,0.001000,1.000000
1.000000,1.000000,0.001000,0.119371,1.000000,0.001000,0.001000,1.000000,1.000000,0.053780
1.000000,0.001000,0.001000,0.426997,0.001000,0.559147,0.001000,0.324362,1.000000,1.000000
0.001000,1.000000,0.120475,1.000000,0.700355,0.717946,1.000000,0.001000,0.001000,1.000000
0.001000,0.159868,0.426350,0.678117,1.000000,0.001000,0.001000,0.562094,0.494928,0.001000
1.000000,0.001000,0.823097,1.000000,0.001000,0.227489,0.001000,0.146739,0.712394,0.093076
0.445443,0.191538,1.000000,0.365559,0.852646,1.000000,0.126466,1.000000,0.001000,0.804018
1.000000,0.001000,0.001000,0.418104,0.571075,0.404861,0.001000,0.001000,0.353881,0.436083
0.001000,0.661853,0.851174,0.501380,1.000000,0.440687,0.001000,1.000000,0.001000,0.811107
0.872374,0.001000,0.001000,0.001000,0.744612,1.000000,0.781305,1.000000,0.353361,0.001000
1.000000,0.001000,1.000000,0.581655,0.679945,0.890863,0.001000,0.001000,1.000000,0.783643
0.177172,0.572236,1.000000,0.082768,0.001000,1.000000,0.468736,0.001000,0.982958,0.001000
0.474935,0.001000,0.001000,0.849981,0.993735,0.001000,0.314035,0.001000,1.000000,0.333584
0.001000,0.658831,0.975620,0.001000,0.552823,0.001000,0.001000,0.746492,1.000000,1.000000
0.649783,0.001000,0.639441,0.001000,0.571970,0.001000,1.000000,0.292993,1.000000,0.001000
1.000000,0.245576,0.001000,0.001000,0.001000,0.193489,0.001000,0.888533,0.178121,0.618265
1.000000,0.001000,0.001000,0.001000,0.821832,1.000000,0.244774,0.759266,0.369877,1.000000
0.001000,0.044535,0.823920,1.000000,0.349079,0.001000,0.001000,1.000000,0.593322,1.000000
0.327092,0.001000,1.000000,0.001000,0.062491,0.468974,0.001000,0.001000,0.001000,0.001000
0.389864,0.490280,0.684149,0.357585,0.378894,0.604677,0.001000,1.000000,0.001000,1.000000
1.000000,1.000000,0.325871,0.214922,0.235051,0.073129,0.382876,0.741966,0.846608,0.001000
1.000000,0.927793,0.001000,0.001000,0.001000,0.354722,0.001000,0.873035,0.448388,1.000000
1.000000,0.071739,1.000000,1.000000,0.714291,0.001000,0.001000,0.001000,0.468451,0.001000
0.138837,0.001000,0.001000,0.001000,0.380313,0.999013,0.549667,0.188556,0.001000,0.503974
0.454723,0.001000,0.188984,0.001000,0.079096,0.001000,1.000000,0.129074,0.130724,0.001000
0.927464,1.000000,0.116186,1.000000,0.041470,0.001000,1.000000,0.001000,1.000000,0.001000
0.001000,0.823178,0.757262,0.001000,0.001000,1.000000,0.297549,0.685265,0.001000,0.730441
1.000000,0.001000,1.000000,0.001000,1.000000,0.001000,0.753907,1.000000,0.417399,1.000000
1.000000,1.000000,1.000000,0.909409,0.001000,0.565233,1.000000,1.000000,0.001000,0.337439
0.974910,0.557161,0.485445,1.000000,0.850728,0.128636,1.000000,0.001000,0.001000,0.340019
1.000000,0.001000,1.000000,0.649933,0.195695,1.000000,0.001000,0.839123,0.001000,0.001000
1.000000,1.000000,0.001000,0.001000,0.333324,0.169897,0.001000,0.001000,1.000000,0.001000
1.000000,0.001000,0.001000,0.424963,1.000000,1.000000,0.001000,1.000000,1.000000,1.000000
0.761311,0.001000,1.000000,1.000000,0.523406,0.001000,1.000000,0.001000,1.000000,0.001000
0.417468,0.001000,0.001000,0.145628,0.534106,0.001000,1.000000,0.453231,0.001000,0.001000
0.854580,0.581611,0.001000,1.000000,0.001000,0.278337,1.000000,0.001000,1.000000,0.241467
0.001000,0.943462,0.001000,1.000000,0.001000,1.000000,0.001000,0.001000,1.000000,0.001000
0.001000,1.000000,1.000000,0.184297,0.508582,1.000000,0.001000,0.001000,0.172030,1.000000
1.000000,0.264004,0.605547,0.112802,1.000000,1.000000,1.000000,0.209702,0.001000,1.000000
1.000000,0.918848,1.000000,0.331685,0.922283,0.001000,0.363031,1.000000,1.000000,0.001000
1.000000,0.304372,0.632247,0.001000,0.480457,1.000000,1.000000,0.412333,1.000000,0.384355
0.001000,1.000000,0.868127,1.000000,0.733010,1.000000,0.001000,0.435334,0.332676,0.001000
1.000000,0.334941,0.001000,0.001000,1.000000,0.971937,1.000000,0.106497,1.000000,1.000000
0.001000,0.001000,1.000000,1.000000,0.351382,0.399346,0.001000,0.505482,1.000000,0.001000
0.001000,0.001000,1.000000,0.319296,1.000000,0.001000,0.001000,0.001000,0.477640,0.901995
1.000000,0.001000,1.000000,1.000000,0.167070,1.000000,0.257602,0.394724,0.917276,0.001000
0.001000,0.001000,0.081168,0.672133,0.889043,0.001000,0.001000,0.072530,0.001000,1.000000
0.743086,0.001000,1.000000,0.537881,0.001000,0.138906,0.224734,0.001000,1.000000,0.930775
0.654959,1.000000,0.388780,0.638200,1.000000,1.000000,0.225360,0.001000,1.000000,0.149719
0.001000,0.984515,1.000000,0.001000,1.000000,0.001000,1.000000,1.000000,0.001000,1.000000
1.000000,0.012446,0.001000,0.494612,0.427443,1.000000,0.660915,0.272837,0.216828,0.439625
1.000000,0.209504,1.000000,1.000000,0.153940,1.000000,1.000000,1.000000,0.001000,1.000000
0.851592,1.000000,0.008419,0.001000,0.001000,1.000000,0.001000,0.635136,1.000000,0.001000
0.482670,0.277178,1.000000,0.001000,0.001000,0.794873,0.358659,0.001000,0.001000,0.771910
0.001000,1.000000,0.042443,0.001000,1.000000,0.001000,1.000000,0.001000,0.001000,0.118463
0.001000,0.001000,0.584551,1.000000,1.000000,0.001000,1.000000,0.001000,1.000000,0.001000
0.001000,0.811060,0.703254,0.321124,0.001000,0.001000,1.000000,0.316732,1.000000,0.001000
1.000000,0.575948,0.890194,0.001000,0.704286,0.669019,0.786208,0.878405,0.006753,1.000000
0.001000,0.554240,0.001000,0.001000,0.478896,0.001000,0.001000,0.961191,0.268449,0.270757
0.001000,0.056544,1.000000,1.000000,0.001000,1.000000,1.000000,1.000000,0.625089,0.001000
1.000000,0.710673,0.001000,0.001000,0.892860,0.506547,1.000000,0.169500,0.001000,1.000000
0.902012,0.001000,1.000000,0.001000,0.707088,0.001000,1.000000,0.144881,1.000000,0.001000
1.000000,1.000000,1.000000,0.979347,0.168626,0.001000,0.001000,0.001000,0.001000,0.001000
0.011654,0.598434,0.237042,1.000000,0.001000,0.001000,0.001000,0.731581,1.000000,0.213426
0.539040,0.751223,0.001000,0.196150,1.000000,0.784098,0.001000,0.919910,0.001000,0.243908
1.000000,1.000000,0.760318,0.001000,1.000000,0.088842,0.749235,1.000000,0.098916,1.000000
1.000000,0.001000,0.553658,0.287419,0.001000,0.578962,0.412746,0.001000,0.434852,0.047969
0.404005,0.347073,0.001000,0.554316,0.857979,0.136097,0.793806,0.001000,0.700419,0.001000
0.001000,1.000000,1.000000,1.000000,0.829165,0.056144,0.001000,0.658223,0.001000,0.310390
1.000000,1.000000,1.000000,1.000000,0.001000,0.001000,0.001000,1.000000,0.001000,0.607777
0.674224,0.001000,0.540264,0.460423,0.001000,0.776501,0.851562,0.001000,0.001000,1.000000
0.406468,0.187657,0.001000,1.000000,0.368023,0.001000,0.001000,1.000000,1.000000,0.001000
0.786919,0.001000,0.001000,0.439585,1.000000,0.296926,1.000000,1.000000,1.000000,0.704075
1.000000,0.977034,0.775628,1.000000,0.001000,0.001000,0.001000,1.000000,0.001000,1.000000
1.000000,0.364409,0.001000,0.001000,0.001000,0.001000,0.001000,1.000000,1.000000,0.290298
0.677806,0.001000,0.148369,0.001000,0.278086,0.583920,0.891611,1.000000,1.000000,0.001000
0.001000,0.940223,1.000000,0.001000,0.707860,0.133975,1.000000,0.001000,0.275219,1.000000
0.001000,1.000000,0.001000,0.896456,0.590890,0.001000,0.001000,1.000000,0.001000,1.000000
0.582285,0.766921,1.000000,0.001000,0.001000,1.000000,1.000000,0.001000,0.195682,1.000000
1.000000,1.000000,0.001000,0.903835,1.000000,0.854396,0.557570,0.385611,0.001000,0.001000
1.000000,0.614511,1.000000,0.355652,1.000000,0.001000,0.001000,0.001000,0.190789,0.653986
0.001000,0.745510,1.000000,0.001000,0.917822,0.001000,1.000000,1.000000,1.000000,0.982268
0.001000,0.832880,0.001000,0.056700,1.000000,0.068667,1.000000,0.110850,0.710329,0.001000
0.001000,1.000000,0.178846,0.662267,1.000000,0.001000,1.000000,0.001000,1.000000,0.001000
0.001000,0.118875,0.001000,0.621080,0.378040,0.001000,0.392846,0.001000,0.708890,0.965587
1.000000,1.000000,0.042036,0.976714,0.451648,0.084392,0.001000,0.127396,0.680423,0.985142
0.353950,0.245812,1.000000,1.000000,0.129394,0.047609,1.000000,1.000000,0.494127,0.001000
1.000000,1.000000,0.758056,0.001000,1.000000,0.001000,0.157719,1.000000,1.000000,1.000000
1.000000,0.771471,1.000000,0.742574,0.001000,1.000000,0.001000,0.610825,0.001000,0.296835
0.414724,0.001000,0.075840,0.673076,0.001000,1.000000,1.000000,0.001000,0.001000,0.394665
0.453359,0.051691,1.000000,0.054469,0.459335,1.000000,0.583229,1.000000,0.001000,0.001000
0.001000,0.735791,0.216721,0.470917,0.636225,0.844098,0.465813,0.691431,0.001000,0.001000
0.001000,0.824911,1.000000,0.001000,0.001000,0.001000,0.001000,0.432527,0.437173,0.549450
0.001000,0.832363,0.365204,1.000000,0.001000,0.001000,1.000000,0.686275,0.087265,0.147205
0.001000,0.442387,1.000000,1.000000,1.000000,0.894893,1.000000,1.000000,0.629092,1.000000
0.642433,0.001000,0.001000,0.187909,0.121858,0.001000,0.001000,1.000000,0.001000,1.000000
0.916974,0.001000,1.000000,0.001000,0.276366,0.001000,0.001000,1.000000,0.745973,1.000000
0.001000,0.510734,0.001000,1.000000,0.001000,1.000000,1.000000,1.000000,1.000000,0.516454
0.001000,0.622708,0.666280,1.000000,0.127074,0.001000,0.001000,1.000000,0.001000,0.001000
1.000000,1.000000,0.001000,0.553456,1.000000,0.001000,1.000000,0.134529,1.000000,0.555127
0.001000,0.001000,0.815089,0.001000,0.001000,0.230318,1.000000,0.029144,0.001000,1.000000
0.309037,1.000000,1.000000,0.659416,1.000000,0.001000,1.000000,0.001000,0.001000,0.001000
0.000996,0.836776,0.001000,1.000000,0.001000,0.001000,1.000000,0.453123,0.001000,0.096965
1.000000,0.071773,0.618115,0.610077,0.566298,0.420850,0.001000,0.001000,0.758686,0.001000
0.001000,1.000000,1.000000,1.000000,1.000000,0.001000,1.000000,1.000000,1.000000,0.882195
0.801287,0.888658,1.000000,0.001000,0.115324,0.067079,0.224819,0.870610,0.001000,0.872604
0.001000,1.000000,1.000000,0.001000,1.000000,0.001000,0.001000,1.000000,0.001000,0.685897
1.000000,0.050419,0.756750,1.000000,0.001000,0.001000,1.000000,1.000000,0.001000,0.001000
0.001000,0.796084,0.001000,0.001000,0.061182,0.001000,1.000000,0.952529,0.781768,0.001000
0.155329,0.943829,0.001000,0.001000,1.000000,0.730476,0.001000,1.000000,0.001000,0.001000
1.000000,0.608967,0.001000,1.000000,0.173160,0.177687,0.001000,1.000000,1.000000,0.001000
0.001000,1.000000,1.000000,1.000000,0.240820,1.000000,0.429713,0.950851,0.001000,0.708968
0.001000,1.000000,1.000000,0.001000,1.000000,0.001000,0.001000,0.386000,0.905506,0.001000
1.000000,0.001000,0.231770,1.000000,1.000000,1.000000,0.035585,0.269984,1.000000,0.082922
1.000000,0.424205,1.000000,0.952871,1.000000,0.595448,0.825927,0.116752,0.001000,0.001000
0.001000,0.001000,1.000000,0.001000,0.489124,1.000000,0.001000,0.350518,0.001000,0.223921
1.000000,0.749758,1.000000,1.000000,1.000000,0.600840,0.001000,0.001000,0.161219,0.001000
0.121882,0.001000,0.311348,0.001000,0.001000,0.001000,1.000000,0.676000,1.000000,0.001000
1.000000,0.001000,1.000000,0.704397,1.000000,0.001000,0.088478,1.000000,1.000000,1.000000
1.000000,0.598942,0.057760,0.032867,0.193653,0.846066,1.000000,1.000000,0.001000,1.000000
1.000000,0.365690,1.000000,0.001000,0.001000,0.153493,0.001000,1.000000,0.001000,0.910127
0.371629,0.235868,0.142173,1.000000,1.000000,0.194470,0.029974,1.000000,0.104254,0.001000
0.314043,0.835829,0.001000,0.888686,0.785398,0.301350,0.001000,1.000000,1.000000,1.000000
0.107869,1.000000,0.385601,1.000000,0.001000,0.604850,0.001000,1.000000,0.005955,0.001000
0.001000,1.000000,0.001000,0.077676,0.175873,0.001000,0.927741,1.000000,0.768213,0.038943
0.001000,0.908072,0.739367,0.052189,0.642939,0.001000,0.001000,1.000000,0.794557,1.000000
0.001000,0.398653,1.000000,0.880196,0.001000,0.937882,0.001000,0.939048,1.000000,1.000000
0.001000,0.001000,1.000000,0.001000,1.000000,0.001000,1.000000,1.000000,0.001000,0.001000
1.000000,0.001000,0.079667,1.000000,1.000000,1.000000,0.241495,0.001000,0.543388,0.408912
0.001000,0.921196,0.867463,0.588871,0.132324,0.001000,0.392747,0.870625,0.001000,1.000000
1.000000,0.250744,0.235780,1.000000,1.000000,0.207601,0.822071,0.917753,1.000000,1.000000
0.384008,0.615122,0.962215,0.373735,0.001000,1.000000,1.000000,1.000000,0.931848,0.630309
0.972339,0.569274,1.000000,1.000000,0.994766,0.001000,1.000000,0.001000,0.734703,1.000000
1.000000,0.001000,0.508379,1.000000,0.450437,0.379661,0.235737,0.817614,0.001000,0.247434
1.000000,0.555751,0.001000,0.001000,0.001000,0.856968,1.000000,0.001000,0.001000,0.150606
1.000000,0.001000,0.001000,1.000000,0.001000,0.001000,0.848049,1.000000,0.687328,0.112804
0.043546,1.000000,0.001000,0.023743,0.466911,0.056026,0.727604,0.001000,0.625042,1.000000
0.925052,1.000000,0.001000,0.688909,0.001000,1.000000,0.779215,0.001000,1.000000,0.001000
0.564699,0.989210,1.000000,1.000000,0.637102,1.000000,0.542544,1.000000,0.529260,1.000000
1.000000,0.129357,0.454222,0.001000,1.000000,0.001000,1.000000,0.693590,1.000000,1.000000
0.795542,0.001000,1.000000,0.001000,0.693338,0.001000,0.001000,0.643058,0.912395,0.001000
1.000000,0.064932,0.334869,0.237643,1.000000,1.000000,0.286884,1.000000,1.000000,0.168741
0.206218,0.598971,0.001000,1.000000,0.001000,0.001000,0.001000,0.001000,0.552133,0.385585
1.000000,0.939092,0.001000,0.001000,0.983461,0.919713,1.000000,0.001000,0.235718,1.000000
0.802482,1.000000,0.498962,1.000000,0.426440,0.001000,0.278652,1.000000,0.671057,0.001000
0.001000,0.001000,0.001000,0.234923,0.285365,1.000000,0.511098,0.001000,0.001000,1.000000
0.581552,1.000000,0.022851,0.001000,1.000000,0.668144,0.001000,0.908159,0.768582,0.001000
0.200368,0.001000,0.001000,1.000000,0.629691,0.001000,0.001000,1.000000,0.623768,0.086118
0.001000,0.001000,0.001000,0.390740,0.903500,0.438412,0.001000,0.743488,0.001000,0.001000
0.001000,0.001000,1.000000,1.000000,0.001000,1.000000,1.000000,0.626000,0.041705,0.554870
1.000000,1.000000,0.018377,0.691872,0.001000,1.000000,0.001000,1.000000,0.154656,0.001000
1.000000,1.000000,0.001000,0.217791,0.300156,0.482487,0.001000,0.211009,0.609181,1.000000
0.001000,0.001000,1.000000,1.000000,0.803390,0.988788,0.379752,0.001000,0.393898,0.156157
0.228425,1.000000,0.265615,0.992818,1.000000,0.051881,0.001000,1.000000,1.000000,0.001000
1.000000,0.001000,0.989898,0.001000,0.001000,0.828003,1.000000,0.001000,1.000000,0.238163
0.037417,0.463963,1.000000,0.383515,1.000000,0.001000,0.999338,0.725389,1.000000,1.000000
0.818242,1.000000,0.880649,0.863363,0.001000,0.001000,1.000000,0.001000,1.000000,0.671900
1.000000,0.189962,1.000000,0.001000,0.001000,0.374662,0.001000,1.000000,1.000000,1.000000
0.001000,0.001000,0.142889,1.000000,0.506582,1.000000,0.001000,0.001000,0.001000,1.000000
1.000000,0.001000,0.811062,1.000000,0.001000,0.660455,0.001000,1.000000,0.179980,0.319970
1.000000,0.491253,1.000000,1.000000,0.001000,1.000000,0.999860,0.001000,0.030935,1.000000
0.001000,0.888475,0.092302,0.161552,0.001000,0.026872,0.001000,0.232674,1.000000,0.001000
1.000000,1.000000,1.000000,1.000000,0.001000,0.001000,0.001000,0.001000,1.000000,0.844057
0.035426,0.507175,0.499752,0.252494,1.000000,0.001000,0.001000,0.279072,1.000000,0.001000
0.747071,0.001000,1.000000,0.001000,0.001000,0.166995,1.000000,0.472158,0.001000,1.000000
0.001000,1.000000,0.044162,1.000000,1.000000,0.001000,1.000000,0.558459,1.000000,0.720446
0.632075,0.001000,0.081523,1.000000,0.610064,0.495831,0.894817,1.000000,0.750200,0.001000
1.000000,0.207187,0.001000,0.811477,0.911590,0.385369,0.001000,0.001000,1.000000,0.483692
0.001000,0.584944,1.000000,0.001000,0.001000,0.764531,0.801898,0.233884,0.001000,0.001000
0.001000,0.019148,0.001000,0.267829,1.000000,0.642635,1.000000,1.000000,0.523530,1.000000
0.001000,0.001000,0.001000,0.001000,0.213637,0.001000,0.001000,0.340940,0.125252,0.037417
1.000000,0.258508,1.000000,0.001000,0.626599,1.000000,0.761950,1.000000,0.001000,0.354607
0.731891,0.431456,1.000000,0.119244,1.000000,0.964722,0.966512,0.001000,0.001000,0.001000
0.797490,0.001000,0.163659,0.203738,0.701666,0.661685,0.001000,1.000000,0.001000,1.000000
0.823077,1.000000,0.382328,1.000000,1.000000,0.001000,0.361203,0.001000,0.001000,0.001000
0.096810,1.000000,1.000000,1.000000,0.465784,0.001000,0.338413,0.001000,0.001000,0.001000
1.000000,1.000000,1.000000,0.001000,0.001000,0.001000,0.064259,1.000000,0.001000,0.700486
0.703656,0.463874,0.031670,0.965456,0.027690,0.001000,0.600922,0.560617,0.607274,0.734117
0.001000,0.001000,1.000000,1.000000,0.393799,0.001000,0.757416,0.001000,1.000000,0.347890
0.001000,1.000000,0.001000,1.000000,1.000000,0.001000,0.001000,1.000000,0.001000,0.410418
0.786934,0.001000,1.000000,0.107583,0.368241,0.001000,0.971532,0.401088,0.062302,0.001000
1.000000,1.000000,0.001000,0.001000,0.637257,0.233281,0.001000,1.000000,1.000000,0.698006
0.001000,0.118612,0.089350,0.889327,0.001000,0.760053,0.787979,0.001000,1.000000,0.001000
1.000000,0.001000,1.000000,0.001000,1.000000,0.757033,0.001000,0.974997,0.641450,0.406982
0.510742,1.000000,0.748472,0.001000,0.478080,1.000000,1.000000,1.000000,1.000000,0.001000
0.884227,1.000000,1.000000,0.001000,1.000000,0.001000,0.449627,1.000000,0.913168,0.486864
0.001000,1.000000,0.001000,1.000000,1.000000,0.001000,0.857088,1.000000,0.001000,0.001000
1.000000,1.000000,0.001000,0.254047,0.001000,0.001000,0.400381,0.152101,1.000000,0.094813
0.710055,1.000000,0.001000,0.001000,0.001000,0.793035,0.133772,0.001000,1.000000,0.835086
0.354345,0.390317,0.616366,1.000000,0.001000,0.001000,0.392477,0.756157,0.685194,0.282819
0.001000,1.000000,1.000000,0.809058,0.001000,1.000000,0.410540,0.298178,0.001000,0.514032
1.000000,0.001000,0.894763,0.001000,0.053899,0.173637,0.001000,0.716402,0.493452,0.001000
0.001000,0.001000,0.930667,0.001000,0.128295,0.001000,0.001000,0.787421,0.078642,1.000000
0.703726,0.936521,1.000000,1.000000,0.265196,0.001000,0.272269,1.000000,0.173428,0.001000
0.001000,0.001000,0.892489,1.000000,0.031731,0.001000,0.158247,1.000000,0.314561,0.176049
1.000000,1.000000,0.001000,0.001000,0.001000,0.001000,0.001000,0.702524,0.001000,0.001000
0.001000,1.000000,0.001000,0.415857,1.000000,0.001000,0.833028,1.000000,0.549854,0.397334
0.001000,0.908539,0.001000,0.168279,0.001000,0.001000,1.000000,1.000000,0.037855,1.000000
1.000000,1.000000,0.779003,0.239770,0.902751,1.000000,0.001000,0.546870,0.720866,1.000000
0.001000,0.001000,0.586301,0.349406,0.974041,0.011002,1.000000,0.233043,0.001000,1.000000
0.001000,0.348693,0.545624,0.001000,0.293801,1.000000,1.000000,0.001000,1.000000,0.001000
1.000000,0.993389,1.000000,0.335885,1.000000,1.000000,0.567056,0.001000,0.001000,0.138105
1.000000,1.000000,0.972645,0.001000,0.678774,0.237896,1.000000,0.067812,0.001000,0.744340
1.000000,0.001000,1.000000,0.001000,0.025294,0.001000,0.891402,0.001000,0.474841,0.001000
1.000000,0.001000,0.993494,0.701002,0.001000,0.001000,0.535092,1.000000,1.000000,1.000000
1.000000,0.001000,1.000000,0.254642,1.000000,1.000000,0.898147,0.901713,0.748577,0.001000
1.000000,0.001000,0.714783,1.000000,1.000000,0.001000,0.001000,0.696866,0.001000,1.000000
1.000000,0.423905,0.001000,0.001000,0.253406,0.001000,0.408802,0.771152,0.439117,0.523583
0.404127,0.001000,0.001000,0.733123,1.000000,0.001000,1.000000,0.752571,0.001000,1.000000
0.001000,1.000000,0.250473,0.708390,0.001000,0.721689,0.262416,0.001000,0.001000,0.748245
1.000000,1.000000,1.000000,1.000000,0.001000,0.001000,0.942777,0.001000,1.000000,0.583511
1.000000,1.000000,0.412552,1.000000,1.000000,1.000000,0.079021,0.001000,1.000000,0.891131
0.679690,0.001000,1.000000,0.637415,0.001000,0.943982,0.001000,0.001000,1.000000,0.001000
0.001000,0.878266,1.000000,1.000000,0.001000,0.001000,0.413034,1.000000,1.000000,0.315201
1.000000,1.000000,0.001000,1.000000,1.000000,0.001000,0.001000,0.001000,0.761026,0.001000
0.238728,1.000000,0.082315,0.001000,1.000000,0.001000,0.311814,0.001000,0.001000,0.001000
0.001000,0.001000,0.546317,1.000000,0.899699,0.190062,1.000000,1.000000,1.000000,0.434924
0.507521,0.752551,0.107800,0.001000,1.000000,1.000000,0.001000,0.001000,0.983559,0.001000
0.765676,1.000000,0.917299,1.000000,1.000000,0.087184,0.616588,0.451715,1.000000,0.583575
0.092490,0.678740,0.765488,0.229630,1.000000,0.001000,1.000000,0.271040,0.001000,0.001000
1.000000,1.000000,0.001000,1.000000,1.000000,0.769235,1.000000,0.524270,1.000000,0.001000
1.000000,0.001000,0.694916,0.480796,0.975383,0.001000,0.001000,0.001000,0.435617,0.029353
1.000000,0.001000,0.001000,0.135964,0.483703,0.554683,1.000000,1.000000,1.000000,0.326008
0.001000,0.001000,1.000000,1.000000,1.000000,1.000000,0.001000,0.347196,0.001000,1.000000
0.001000,0.558876,1.000000,1.000000,0.001000,0.001000,0.176672,0.537696,1.000000,0.001000
1.000000,0.001000,0.001000,1.000000,0.001000,1.000000,0.001000,1.000000,1.000000,0.584908
0.001000,0.452998,0.001000,1.000000,0.001000,0.001000,0.564598,0.785960,0.130979,0.001000
0.001000,1.000000,0.840726,0.001000,0.001000,0.001000,0.001000,0.137404,0.001000,0.764778
0.001000,0.503862,0.001000,0.001000,0.318853,0.001000,0.730171,0.879632,0.368165,1.000000
0.891098,0.001000,1.000000,0.669018,1.000000,1.000000,0.850912,1.000000,0.001000,0.842838
1.000000,0.375410,0.648785,0.493740,0.001000,0.676070,1.000000,0.001000,1.000000,0.846445
0.623967,0.297377,0.133214,0.774850,0.001000,1.000000,0.001000,0.001000,1.000000,0.001000
0.936588,0.664939,0.658277,0.001000,0.001000,0.967249,0.236091,0.223779,0.991790,1.000000
0.001000,0.001000,0.001000,0.862242,0.148366,0.001000,0.001000,1.000000,0.001000,0.001000
0.188125,1.000000,0.001000,0.843721,0.226143,0.001000,0.378164,1.000000,1.000000,0.597457
0.232675,0.001000,0.735343,1.000000,1.000000,0.774991,1.000000,1.000000,1.000000,1.000000
0.595306,1.000000,0.534265,0.001000,1.000000,0.518292,0.148924,1.000000,0.783544,0.063402
0.602454,1.000000,1.000000,0.062956,0.001000,0.001000,1.000000,0.748841,0.168641,0.001000
0.001000,0.001000,0.001000,0.001000,0.529916,0.001000,1.000000,1.000000,0.441926,1.000000
1.000000,1.000000,0.001000,0.001000,0.001000,1.000000,0.001000,0.001000,1.000000,0.001000
0.444549,0.829603,1.000000,1.000000,1.000000,0.178012,0.001000,0.001000,0.001000,1.000000
0.948960,1.000000,0.001000,1.000000,0.711613,0.032190,1.000000,0.501888,0.001000,1.000000
0.681289,0.427172,1.000000,0.518050,1.000000,0.001000,0.835282,0.340693,1.000000,0.001000
1.000000,0.289548,1.000000,1.000000,0.001000,0.001000,0.467562,0.800834,1.000000,0.001000
1.000000,0.001000,0.001000,0.695151,0.001000,1.000000,0.001000,0.829100,1.000000,0.001000
1.000000,0.001000,1.000000,1.000000,1.000000,0.728856,0.822337,1.000000,1.000000,0.365555
0.001000,0.404425,1.000000,0.645099,0.892211,0.001000,0.111771,0.296963,1.000000,0.582273
0.001000,1.000000,0.537141,1.000000,0.245490,0.808371,1.000000,1.000000,0.221109,0.566942
1.000000,1.000000,0.103766,0.167940,0.205886,0.001000,0.001000,0.001000,0.817411,0.957542
1.000000,0.434820,1.000000,0.987635,0.022291,0.001000,1.000000,0.001000,0.001000,0.414834
1.000000,0.391630,0.704602,1.000000,0.268014,1.000000,0.001000,0.001000,0.001000,0.986293
1.000000,1.000000,0.936544,0.936846,0.991689,0.001000,0.001000,1.000000,1.000000,0.880882
0.001000,1.000000,0.228122,0.504543,0.001000,0.001000,0.001000,0.772990,0.200199,0.465990
1.000000,0.001000,0.676556,0.001000,1.000000,0.414542,1.000000,1.000000,1.000000,1.000000
1.000000,1.000000,1.000000,0.001000,1.000000,0.001000,0.975341,1.000000,0.001000,0.269091
1.000000,0.401658,1.000000,0.001000,0.001000,0.001000,0.668089,1.000000,0.001000,0.577789
1.000000,0.455725,0.984674,0.001000,0.001000,1.000000,0.646989,0.001000,0.133305,0.001000
0.448029,0.671265,0.844973,0.001000,1.000000,0.001000,1.000000,1.000000,0.357086,0.001000
0.012471,0.001000,1.000000,0.001000,1.000000,0.986759,0.932010,1.000000,0.001000,0.878133
1.000000,1.000000,1.000000,0.119011,1.000000,1.000000,0.797340,1.000000,0.093573,0.900757
0.102787,1.000000,0.001000,1.000000,0.001000,1.000000,0.001000,0.231922,0.400614,0.001000
0.001000,0.704303,0.001000,0.452957,1.000000,0.001000,0.169321,1.000000,0.001000,0.807366
0.001000,0.284526,1.000000,0.001000,0.001000,0.308816,0.959966,1.000000,0.001000,0.563701
0.001000,0.001000,1.000000,1.000000,1.000000,0.001000,1.000000,1.000000,0.001000,1.000000
0.001000,0.010539,1.000000,0.001000,0.001000,1.000000,1.000000,0.973357,0.426494,1.000000
0.481263,0.001000,0.001000,0.001000,0.145957,1.000000,0.185385,0.001000,0.001000,0.480587
0.841420,0.809491,1.000000,1.000000,0.001000,0.001000,0.143508,1.000000,0.096544,0.743930
1.000000,1.000000,0.001000,1.000000,0.001000,0.274770,0.001000,0.340778,1.000000,0.640805
1.000000,1.000000,0.702026,0.001000,0.694790,1.000000,0.001000,1.000000,0.060076,0.755209
1.000000,1.000000,1.000000,0.765164,1.000000,0.632701,1.000000,0.629873,0.001000,1.000000
1.000000,0.450106,0.924764,1.000000,0.001000,0.274426,0.301350,1.000000,1.000000,0.001000
0.315588,0.001000,0.001000,1.000000,0.676524,0.290328,0.001000,1.000000,0.001000,0.001000
0.001000,0.001000,0.218632,0.001000,0.110764,0.994448,0.001000,1.000000,0.683224,0.001000
0.340257,0.192758,0.001000,0.001000,0.001000,0.241628,0.001000,1.000000,0.824085,0.001000
0.001000,0.001000,1.000000,1.000000,0.622519,0.526399,1.000000,0.185311,1.000000,1.000000
0.212206,0.086903,0.001000,0.001000,0.001000,0.001000,0.701531,1.000000,1.000000,1.000000
0.684723,1.000000,0.975149,1.000000,0.001000,0.001000,1.000000,0.001000,0.001000,1.000000
0.099808,0.269413,0.324254,0.513338,1.000000,1.000000,0.605303,1.000000,0.425057,0.001000
1.000000,0.926485,0.001000,1.000000,0.314651,1.000000,0.235483,0.001000,0.001000,0.001000
0.686107,0.615340,1.000000,1.000000,1.000000,0.001000,1.000000,0.001000,0.001000,0.001000
1.000000,1.000000,0.092934,1.000000,0.192223,0.430751,0.232980,0.607000,0.001000,0.434102
0.001000,0.001000,1.000000,0.304092,0.676871,0.429978,0.001000,0.434058,0.001000,0.001000
0.740607,0.001000,0.001000,1.000000,1.000000,0.001000,0.051675,0.202091,0.616184,0.001000
0.001000,0.001000,0.372543,0.726774,0.554179,0.001000,0.001000,0.001992,1.000000,0.001000
0.001000,1.000000,1.000000,1.000000,0.001000,0.001000,1.000000,0.001000,0.571781,1.000000
0.001000,0.001000,0.312176,1.000000,0.086648,0.001000,1.000000,0.001000,1.000000,0.681644
1.000000,0.001000,1.000000,0.508394,0.001000,1.000000,0.001000,0.020346,0.001000,0.230710
0.001000,0.001000,0.602586,0.001000,0.001000,0.001000,0.930787,1.000000,0.519516,0.757669
0.001000,0.001000,1.000000,0.001000,0.102793,0.001000,0.127881,1.000000,0.274964,0.001000
0.001000,0.001000,0.001000,0.181169,0.978050,0.001000,0.086319,0.120282,0.239289,0.251653
0.029117,0.001000,0.660072,0.017930,0.001000,0.001000,0.493020,0.907711,1.000000,0.001000
1.000000,0.001000,0.665118,0.001000,1.000000,0.001000,0.144003,1.000000,0.512387,0.617839
0.001000,0.453669,1.000000,0.001000,1.000000,0.290482,1.000000,0.716213,0.001000,0.884250
0.324652,1.000000,1.000000,0.001000,0.001000,1.000000,0.240517,0.001000,0.001000,0.252452
1.000000,0.436612,1.000000,0.152358,1.000000,0.709153,0.673500,0.781651,0.821421,0.329129
0.116430,0.001000,1.000000,0.001000,0.277186,0.786477,0.001000,0.001000,0.623806,0.974078
0.888962,1.000000,0.446514,0.001000,1.000000,0.001000,1.000000,1.000000,0.001000,0.001000
1.000000,0.580636,0.296710,0.422361,0.479999,1.000000,1.000000,0.001000,0.001000,0.001000
1.000000,0.001000,1.000000,0.001000,0.386049,0.001000,0.636561,0.450601,1.000000,0.001000
0.854822,1.000000,1.000000,0.001000,0.721626,0.001000,0.600691,1.000000,0.001000,0.001000
1.000000,0.009667,0.001000,0.959590,0.502693,0.517794,1.000000,1.000000,1.000000,0.068701
1.000000,1.000000,0.042304,0.956800,0.141613,0.557030,1.000000,1.000000,0.324691,0.419507
0.905721,0.001000,0.944281,1.000000,1.000000,0.265737,0.534054,0.779964,0.001000,0.759210
0.001000,0.420533,0.001000,0.673168,1.000000,0.001000,1.000000,0.559076,0.001000,1.000000
0.001000,0.001000,1.000000,0.001000,0.001000,0.001000,1.000000,0.253697,0.642281,0.634014
0.001000,0.001000,0.001000,0.372461,1.000000,0.636433,0.001000,1.000000,0.451476,0.347537
0.001000,1.000000,1.000000,0.329078,1.000000,0.001000,1.000000,1.000000,1.000000,0.605159
0.270165,0.001000,1.000000,0.670211,1.000000,0.510724,0.001000,1.000000,0.976210,1.000000
1.000000,1.000000,0.001000,1.000000,0.001000,1.000000,1.000000,1.000000,0.159716,0.001000
0.001000,1.000000,0.520822,1.000000,0.545933,0.705013,0.001000,1.000000,1.000000,0.732031
1.000000,0.953358,0.955117,0.524136,0.712302,1.000000,0.100298,0.764448,0.001000,0.001000
0.001000,1.000000,1.000000,1.000000,0.001000,0.001000,0.029741,0.001000,0.807899,1.000000
1.000000,0.502754,0.501347,1.000000,0.061865,0.001000,0.543933,0.334547,0.451116,1.000000
0.001000,1.000000,0.536456,0.599758,1.000000,1.000000,0.001000,1.000000,0.001000,0.230812
1.000000,0.001000,0.534377,0.738792,0.001000,1.000000,1.000000,0.001000,0.948560,0.589099
1.000000,1.000000,0.001000,0.001000,0.001000,0.001000,0.823997,1.000000,0.338413,1.000000
0.605378,0.599025,0.001000,0.001000,1.000000,0.001000,1.000000,1.000000,0.001000,0.001000
1.000000,1.000000,0.795782,0.336491,0.001000,1.000000,0.147876,0.990811,0.001000,0.001000
0.001000,0.001000,0.987275,0.133375,1.000000,1.000000,0.240419,1.000000,0.091380,0.139645
0.039058,1.000000,0.792169,0.944342,1.000000,0.001000,1.000000,0.001000,1.000000,0.001000
1.000000,0.286828,0.090777,0.001000,0.001000,1.000000,1.000000,0.354802,0.792048,0.522610
0.001000,0.001000,1.000000,0.001000,0.337972,0.001000,0.001000,0.001000,0.188560,0.001000
0.068475,0.032595,0.057099,0.552726,0.440235,0.706101,0.001000,0.611254,0.274569,0.194102
1.000000,1.000000,0.008481,0.001000,0.930604,0.001000,0.149265,1.000000,1.000000,0.770383
1.000000,1.000000,0.798073,0.724906,1.000000,1.000000,0.001000,1.000000,0.406483,0.001000
0.310552,1.000000,0.064868,1.000000,1.000000,0.001000,0.001000,0.142388,0.097530,0.001000
1.000000,1.000000,0.001000,0.001000,0.976986,1.000000,1.000000,1.000000,0.001000,0.465360
0.317722,0.001000,1.000000,0.410964,0.056858,0.625288,1.000000,0.001000,0.500605,1.000000
0.036545,1.000000,0.966427,0.677944,0.001000,1.000000,0.001000,0.001000,1.000000,0.712170
1.000000,0.919779,0.254418,0.001000,0.001000,0.136671,0.375279,0.566522,0.973647,0.001000
0.927546,0.015983,0.401150,0.001000,0.773657,0.688038,0.995639,0.985288,0.939135,0.856374
0.438188,1.000000,0.161598,1.000000,0.799967,1.000000,0.001000,0.284537,0.224907,0.712771
1.000000,1.000000,0.070416,0.001000,0.282528,1.000000,1.000000,1.000000,0.001000,0.897352
1.000000,1.000000,1.000000,1.000000,0.351172,0.001000,1.000000,0.001000,0.001000,0.908677
0.001000,0.001000,1.000000,1.000000,0.200868,0.824546,1.000000,1.000000,0.001000,0.001000
0.734009,1.000000,0.214645,1.000000,0.001000,0.930053,0.345339,0.213059,0.001000,0.954053
0.487657,0.001000,0.453002,1.000000,0.001000,1.000000,0.537348,1.000000,0.001000,0.001000
0.001000,1.000000,1.000000,1.000000,0.595041,0.373833,0.697737,0.188700,1.000000,0.001000
0.001000,0.979407,1.000000,0.004775,0.155499,0.130761,1.000000,1.000000,0.450039,1.000000
1.000000,0.789666,1.000000,0.224379,0.233798,0.001000,1.000000,1.000000,0.001000,0.276496
0.082693,0.579584,0.483480,0.166917,1.000000,0.162209,1.000000,0.001000,0.001000,0.001000
0.159623,1.000000,0.677532,0.387200,0.001000,0.638113,0.001000,1.000000,0.001000,0.696147
0.001000,0.442106,1.000000,0.350783,0.001000,1.000000,0.001000,0.824855,0.001000,0.518722
0.959213,1.000000,0.078928,1.000000,1.000000,1.000000,1.000000,1.000000,1.000000,1.000000
1.000000,0.001000,1.000000,0.952623,1.000000,0.001000,0.001000,0.001000,1.000000,0.815870
0.404254,0.001000,0.275242,0.001000,0.001000,0.298916,0.001000,0.755384,0.458732,0.128639
0.941900,1.000000,0.001000,1.000000,0.473124,0.001000,0.432145,1.000000,1.000000,1.000000
0.914792,1.000000,0.001000,0.001000,0.001000,0.001000,0.001000,1.000000,1.000000,0.103164
0.001000,0.001000,0.001000,0.001000,0.001000,0.001000,0.001000,0.001000,1.000000,0.899148
0.176880,1.000000,0.001000,0.258362,0.001000,0.977228,1.000000,0.912531,0.001000,1.000000
0.001000,1.000000,1.000000,0.001000,0.001000,0.001000,0.001000,0.984746,1.000000,0.739560
1.000000,0.391907,0.001000,1.000000,0.615024,0.001000,1.000000,1.000000,0.247172,1.000000
1.000000,0.001000,1.000000,1.000000,0.538605,1.000000,0.001000,1.000000,0.378103,0.001000
0.969806,0.777819,0.001000,0.579515,1.000000,1.000000,0.471539,0.310235,0.477194,0.001000
1.000000,0.814862,0.658244,0.877415,0.001000,1.000000,0.987184,1.000000,0.965974,1.000000
0.394442,0.890411,1.000000,0.712081,0.929011,1.000000,0.260109,0.001000,0.001000,0.001000
0.448857,1.000000,1.000000,0.001000,1.000000,0.001000,0.501749,0.001000,1.000000,0.123755
1.000000,0.001000,0.822029,0.001000,0.554894,1.000000,0.001000,0.402916,0.934944,0.645487
0.001000,0.201233,0.524629,0.001000,0.251945,0.001000,0.001000,0.317197,0.575100,1.000000
0.927960,1.000000,0.817012,0.001000,0.250670,1.000000,1.000000,0.900951,0.001000,0.592447
0.577183,1.000000,0.001000,0.537363,0.001000,0.001000,0.468564,0.077770,1.000000,0.001000
0.523058,1.000000,0.885785,1.000000,0.129780,0.565486,0.464796,0.001000,1.000000,0.001000
0.001000,0.439006,0.293073,0.001000,0.001000,1.000000,0.001000,0.001000,0.171313,0.001000
0.300397,1.000000,0.001000,0.001000,0.001000,1.000000,1.000000,0.001000,1.000000,0.678998
0.859642,0.001000,1.000000,0.018946,0.001000,0.001000,1.000000,0.799876,1.000000,1.000000
1.000000,0.715278,0.001000,0.562660,0.001000,1.000000,0.001000,0.502043,1.000000,1.000000
0.977286,0.018421,0.001000,0.591132,1.000000,0.141801,0.127742,1.000000,0.196249,0.689255
0.001000,1.000000,1.000000,0.022893,1.000000,0.001000,0.001000,0.225945,1.000000,0.333146
0.001000,1.000000,1.000000,0.668792,0.419507,0.366890,1.000000,0.001000,0.137304,0.399317
1.000000,1.000000,0.001000,0.001000,0.001000,0.163045,0.304885,0.001000,0.223522,1.000000
0.993136,1.000000,1.000000,0.001000,1.000000,0.001000,0.678937,0.828445,0.001000,0.001000
0.001000,0.672574,0.813676,0.001000,0.001000,1.000000,0.001000,1.000000,0.001000,0.001000
0.898532,1.000000,0.001000,0.632944,1.000000,1.000000,0.001000,1.000000,0.856798,0.001000
1.000000,0.951173,0.001000,0.207729,0.001000,0.673164,0.001000,1.000000,0.578935,1.000000
0.426732,1.000000,0.001000,0.001000,0.001000,0.105238,0.001000,0.001000,1.000000,1.000000
0.864873,0.503057,0.250400,0.148868,0.001000,0.482409,0.001000,1.000000,0.001000,1.000000
0.001000,1.000000,0.103856,1.000000,0.870864,0.815459,0.083232,0.066639,0.090560,0.903110
0.454747,0.376688,0.543245,0.741505,0.081918,1.000000,0.001000,1.000000,0.001000,1.000000
0.001000,0.001000,0.306029,1.000000,0.907918,1.000000,0.001000,0.895012,0.426994,1.000000
0.196712,1.000000,0.187381,0.001000,0.154933,0.001000,0.001000,1.000000,0.001000,0.419320
0.275884,0.689984,1.000000,0.001000,0.001000,1.000000,1.000000,0.139518,1.000000,0.001000
0.001000,1.000000,1.000000,1.000000,1.000000,0.510186,0.068816,1.000000,1.000000,1.000000
0.864484,0.974432,0.231624,0.820510,0.001000,0.001000,0.087191,1.000000,0.925755,1.000000
0.624671,0.811881,1.000000,0.001000,0.582612,1.000000,1.000000,0.032294,0.001000,0.001000
0.057914,0.001000,0.001000,1.000000,0.001000,0.108631,0.001000,0.136252,0.001000,0.726174
0.001000,0.001138,1.000000,0.618281,0.114456,1.000000,1.000000,0.757864,0.001000,0.001000
0.707236,0.001000,1.000000,0.208392,0.231782,0.856861,0.298914,1.000000,1.000000,1.000000
0.123762,0.056387,1.000000,0.811279,0.649940,0.001000,1.000000,1.000000,0.475280,1.000000
1.000000,1.000000,0.561864,0.879076,0.001000,0.001000,1.000000,1.000000,1.000000,0.001000
0.178233,0.121538,0.001000,0.240772,0.748764,0.939649,1.000000,1.000000,0.001000,0.001000
1.000000,1.000000,0.001000,1.000000,0.151081,1.000000,0.001000,1.000000,0.001000,0.967222
1.000000,0.001000,0.623874,1.000000,0.001000,0.667625,1.000000,1.000000,0.001000,0.697763
1.000000,0.001000,0.007391,0.001000,1.000000,0.323343,0.001000,0.001000,0.781332,0.687875
0.001000,1.000000,0.873655,0.012363,0.001000,0.001000,1.000000,0.001000,1.000000,0.001000
0.001000,1.000000,0.001000,0.354539,0.000945,1.000000,1.000000,1.000000,0.446065,0.001000
0.411574,0.807411,0.001000,0.486173,0.001000,0.001000,0.001000,1.000000,0.001000,1.000000
0.100387,0.088759,0.733968,0.816406,0.001000,0.484124,0.837192,0.001000,1.000000,0.001000
1.000000,0.401777,0.761112,0.746883,0.974400,0.001000,0.564378,1.000000,0.903383,0.214707
0.680395,1.000000,1.000000,1.000000,0.001000,0.546183,0.894405,1.000000,1.000000,0.144689
0.158466,0.593687,0.884182,1.000000,1.000000,0.041029,0.001000,1.000000,1.000000,0.634139
0.001000,0.269339,0.074887,0.189428,1.000000,0.001000,0.001000,0.001000,0.001000,0.272538
0.548423,1.000000,0.453964,0.001000,1.000000,0.001000,0.001000,0.001000,1.000000,0.843821
0.437421,1.000000,0.549535,0.730711,0.001000,0.001000,0.618725,1.000000,0.424059,0.001000
0.454108,0.493067,0.907108,1.000000,0.001000,0.001000,0.176097,1.000000,0.618158,0.001000
1.000000,0.556340,1.000000,0.001000,0.218029,0.001000,0.921899,0.001000,0.001000,1.000000
0.548738,0.001000,0.208602,1.000000,0.280388,1.000000,1.000000,0.001000,0.001000,1.000000
0.348861,0.691863,0.849600,0.823554,1.000000,0.927288,0.103304,0.703108,0.256979,1.000000
0.383754,0.925226,1.000000,0.338492,0.454840,0.449268,0.391286,0.047339,1.000000,0.941597
0.834420,1.000000,0.277781,0.991818,0.027106,0.001000,1.000000,0.001000,0.623518,0.001000
1.000000,0.810466,0.681407,1.000000,0.001000,0.001000,0.419453,1.000000,1.000000,0.114289
0.319687,1.000000,0.001000,1.000000,0.538584,1.000000,0.001000,0.244693,0.001000,0.553167
0.001000,0.001000,0.729977,0.001000,0.001000,0.417166,0.001000,0.281920,0.001000,0.001000
0.497245,0.001000,0.449763,0.798628,0.723220,1.000000,1.000000,1.000000,0.424967,0.298151
1.000000,0.001000,0.343807,1.000000,0.416233,0.001000,0.001000,0.253738,0.001000,0.001000
0.409694,0.074174,0.678869,0.709126,0.001000,0.758285,1.000000,0.901841,0.001000,1.000000
0.001000,0.251030,0.430061,0.001000,1.000000,1.000000,0.001000,1.000000,1.000000,0.001000
1.000000,0.001000,1.000000,0.001000,0.001000,0.668863,0.345403,0.001000,0.148693,0.001000
0.327046,0.416724,0.001000,0.421470,1.000000,0.001000,0.931404,0.001000,1.000000,1.000000
0.001000,0.001000,1.000000,0.259007,0.593210,0.409241,0.001000,1.000000,1.000000,0.001000
0.667411,1.000000,1.000000,0.498902,1.000000,0.001000,0.066229,0.474133,0.001000,0.001000
1.000000,0.652349,0.001000,1.000000,0.951323,0.001000,0.357017,0.001000,0.894965,0.001000
0.001000,0.001000,0.049667,0.001000,1.000000,1.000000,0.899759,0.411648,0.035313,0.262222
0.592198,0.358922,0.603778,0.181042,0.515438,0.314306,1.000000,0.001000,0.001000,0.001000
0.591781,0.001000,0.283118,0.001000,0.001000,0.001000,0.001000,0.864363,1.000000,0.001000
1.000000,1.000000,0.964315,0.001000,1.000000,0.001000,1.000000,1.000000,1.000000,0.818447
1.000000,0.040117,0.001000,0.001000,1.000000,0.001000,1.000000,1.000000,1.000000,0.001000
0.001000,0.768693,1.000000,0.539404,0.001000,1.000000,0.531369,1.000000,0.454185,0.437767
1.000000,0.001000,0.111701,0.462918,0.642425,0.001000,1.000000,0.001000,1.000000,0.759014
1.000000,1.000000,0.856925,0.262007,1.000000,0.001000,1.000000,1.000000,1.000000,0.001000
0.001000,0.278614,0.072463,0.343777,0.784681,0.001000,0.001000,0.330077,1.000000,0.001000
1.000000,1.000000,0.528651,0.001000,0.647703,1.000000,1.000000,1.000000,0.001000,0.001000
0.239644,0.371459,0.001000,0.229344,1.000000,0.001000,0.001000,0.028419,0.001000,1.000000
0.334959,0.861704,0.001000,1.000000,0.726532,0.773814,1.000000,0.665423,0.944821,1.000000
0.001000,0.001000,0.279478,0.001000,0.001000,0.831255,0.977210,0.761289,0.001000,0.001000
0.001000,1.000000,0.048529,0.382073,0.001000,1.000000,0.001000,1.000000,0.417044,1.000000
0.001000,1.000000,0.001000,0.001000,1.000000,0.796430,1.000000,0.939776,0.125748,1.000000
0.315605,0.001000,0.001000,0.725759,0.046597,0.001000,1.000000,1.000000,1.000000,0.445358
1.000000,0.001000,0.856140,0.944724,1.000000,0.191835,0.001000,0.138715,0.101392,0.953695
0.001000,0.907182,0.357179,0.001000,0.359148,1.000000,0.486865,1.000000,0.465830,0.001000
0.001000,1.000000,0.001000,0.687715,0.188040,0.001000,1.000000,0.391156,0.734533,1.000000
0.001000,1.000000,0.001000,1.000000,0.959125,0.566434,0.222590,1.000000,1.000000,0.650072
1.000000,0.001000,1.000000,1.000000,1.000000,0.001000,0.001000,0.001000,1.000000,0.754266
0.001000,0.001000,0.001000,1.000000,1.000000,0.001000,0.001000,0.001000,0.147067,1.000000
0.001000,0.001000,0.001000,0.520242,0.813547,1.000000,0.001000,1.000000,0.867756,1.000000
0.001000,0.001000,0.661034,0.001000,1.000000,0.001000,0.001000,0.635660,0.001000,0.933260
0.001000,0.001000,0.456854,0.001000,0.001000,0.001000,0.231025,1.000000,0.001000,0.001000
0.738519,0.001000,0.254221,0.742588,0.211800,0.001000,0.747075,0.926289,0.001000,0.404783
0.566118,1.000000,0.001000,0.144560,1.000000,0.001000,0.759998,0.547653,0.780213,0.001000
0.001000,0.001000,1.000000,0.809304,0.943737,0.456397,1.000000,0.001000,0.001000,0.001000
0.259065,0.001000,0.001000,0.001000,0.447253,0.001000,0.930823,0.001000,0.084098,0.001000
0.001000,0.001000,1.000000,0.317484,0.001000,1.000000,0.300670,1.000000,0.872302,0.936520
0.360679,1.000000,1.000000,1.000000,1.000000,0.003530,1.000000,0.001000,0.001000,0.204553
1.000000,1.000000,1.000000,1.000000,1.000000,0.001000,0.001000,1.000000,0.256561,1.000000
1.000000,0.001000,0.001000,0.565300,1.000000,1.000000,1.000000,0.001000,0.237483,1.000000
1.000000,0.001000,0.273604,0.754962,0.001000,0.001000,0.001000,1.000000,0.001000,0.001000
0.001000,0.875004,0.001000,0.019599,0.001000,0.001000,1.000000,1.000000,1.000000,0.001000
0.001000,1.000000,0.765716,0.963077,0.591263,0.676112,0.105323,1.000000,1.000000,0.001000
0.195097,1.000000,1.000000,1.000000,1.000000,1.000000,0.650862,0.614633,0.001000,0.001000
1.000000,0.521368,0.452646,0.867883,0.337084,0.001000,0.757323,0.001000,1.000000,0.154709
0.653622,0.672238,0.011016,0.001000,1.000000,0.657237,0.137812,0.001000,0.697109,0.001000
0.556387,0.667272,0.821666,0.445963,0.708361,0.671621,0.001000,0.291353,0.001000,0.346565
0.001000,1.000000,1.000000,0.001000,1.000000,0.001000,0.404614,1.000000,1.000000,1.000000
1.000000,0.001000,1.000000,0.476505,1.000000,0.748221,0.001000,1.000000,0.001000,0.001000
0.695117,1.000000,0.082500,0.775097,1.000000,0.001000,0.001000,0.995226,1.000000,0.001000
1.000000,1.000000,1.000000,0.001000,0.001000,0.787059,0.367918,0.800505,0.001000,1.000000
1.000000,0.546064,0.001000,0.001000,0.001000,1.000000,0.001000,1.000000,0.001000,0.001000
0.851090,0.001000,1.000000,0.001000,1.000000,1.000000,0.075618,1.000000,0.797053,0.161940
1.000000,1.000000,0.001000,0.920473,0.001000,1.000000,1.000000,0.689456,0.001000,0.001000
1.000000,0.326839,0.001000,0.425736,0.941820,1.000000,1.000000,1.000000,0.618996,0.001000
0.688119,0.001000,1.000000,0.709318,0.001000,0.001000,0.291101,0.536496,1.000000,1.000000
1.000000,0.932182,0.959288,1.000000,0.891746,0.001000,1.000000,0.001000,0.891604,0.169200
0.001000,0.001000,0.001000,0.001000,0.611033,0.001000,0.001000,1.000000,1.000000,1.000000
0.001000,0.453485,0.711132,0.001000,0.011495,1.000000,0.001000,0.276742,0.731791,0.396120
0.001000,0.110304,1.000000,1.000000,0.384432,0.595680,1.000000,0.001000,0.001000,0.001000
0.279537,0.195728,0.353276,0.001000,1.000000,0.001000,0.001000,0.001000,0.001000,0.001000
0.038897,1.000000,1.000000,0.001000,0.494624,0.079559,0.001000,0.998891,1.000000,1.000000
0.722197,1.000000,0.001000,0.001000,0.001000,0.441699,0.001000,0.247497,0.001000,0.001000
1.000000,0.490025,1.000000,0.868041,0.685943,1.000000,0.001000,0.001000,0.701124,0.001000
0.467146,0.001000,1.000000,0.294857,0.001000,0.148772,1.000000,0.001000,0.001000,0.143515
1.000000,0.001000,0.211701,0.436944,1.000000,0.236194,0.001000,1.000000,0.001000,0.047501
0.893785,0.983766,0.001000,0.001000,0.933059,0.001000,0.174921,0.001000,0.258821,0.001000
1.000000,0.513290,0.659857,0.001000,0.001000,0.001000,0.001000,0.001000,0.001000,0.001000
1.000000,0.001000,0.485807,0.290499,0.577967,1.000000,0.001000,0.001000,0.662702,1.000000
0.001000,0.001000,0.001000,0.001000,0.569030,0.664419,0.001000,1.000000,1.000000,0.951876
0.115490,0.001000,0.216377,0.001000,0.360424,0.001000,0.001000,0.001000,0.001000,0.231731
0.001000,0.001000,1.000000,0.001000,1.000000,1.000000,0.001000,0.878062,1.000000,0.197036
0.001000,0.001000,1.000000,1.000000,0.001000,0.128659,0.001000,0.197242,0.182363,0.149452
1.000000,0.001000,1.000000,0.860299,0.486888,0.001000,1.000000,1.000000,0.001000,0.001000
0.001000,0.132599,0.600587,0.001000,0.001000,0.001000,1.000000,0.006268,0.001000,0.120283
1.000000,0.882165,0.001000,0.567885,0.075414,0.001000,0.001000,0.001000,0.001000,0.317145
0.001000,0.001000,1.000000,0.172595,0.001000,0.001000,0.560939,0.165147,1.000000,0.670511
1.000000,0.232839,0.001000,0.001000,0.001000,0.001000,0.828893,1.000000,0.527060,0.423141
1.000000,0.001000,1.000000,1.000000,1.000000,0.041233,1.000000,1.000000,1.000000,1.000000
1.000000,1.000000,0.344098,1.000000,0.001000,1.000000,1.000000,1.000000,0.001000,0.001000
1.000000,0.001000,1.000000,0.208926,0.001000,1.000000,0.001000,0.117955,0.338914,0.301877
1.000000,0.001000,0.001000,0.001000,0.001000,1.000000,0.647316,1.000000,0.387103,0.001000
0.592348,0.800715,0.001000,0.822248,0.001000,0.001000,0.827327,0.001000,0.001000,0.001000
1.000000,1.000000,1.000000,0.814626,1.000000,1.000000,0.155932,0.556589,0.451503,0.001000
1.000000,1.000000,0.691583,0.231086,1.000000,1.000000,0.001000,0.508444,0.080206,0.001000
1.000000,0.001000,1.000000,0.335772,0.757670,1.000000,1.000000,1.000000,0.483610,0.865839
1.000000,0.001000,0.198470,0.424002,1.000000,0.001000,0.001000,0.979873,0.001000,0.001000
1.000000,0.001000,1.000000,0.001000,1.000000,0.572525,0.432676,0.001000,0.001000,0.375245
1.000000,0.129571,0.001000,0.001000,0.747613,0.440058,0.001000,0.006851,1.000000,0.735205
1.000000,1.000000,0.362275,0.136562,0.332649,0.001000,0.630892,0.001000,0.860089,0.001000
0.841863,0.001000,0.001000,1.000000,0.596619,0.173166,0.981210,0.001000,0.001000,0.153250
1.000000,1.000000,0.942121,0.294628,1.000000,1.000000,1.000000,0.065486,0.759805,0.262635
1.000000,0.391515,0.001000,1.000000,0.001000,0.910927,0.001000,0.001000,0.703323,0.613361
0.556366,1.000000,0.992363,0.163320,1.000000,0.578346,1.000000,0.672355,0.221207,0.001000
1.000000,0.001000,1.000000,0.001000,0.568899,0.387155,1.000000,1.000000,0.847085,0.315819
1.000000,0.265777,0.001000,0.472659,0.807317,0.847130,1.000000,1.000000,1.000000,1.000000
1.000000,0.327755,1.000000,0.001000,0.001000,0.125324,0.001000,1.000000,0.704966,0.041458
0.288686,1.000000,1.000000,0.953488,1.000000,0.348501,0.917541,0.001000,0.001000,0.021715
1.000000,1.000000,0.674478,0.001000,0.001000,0.001000,0.001000,0.693343,0.001000,0.695884
0.235965,0.001000,0.001000,1.000000,0.001000,0.580984,0.416231,0.001000,0.001000,1.000000
0.001000,1.000000,1.000000,0.001000,0.933331,0.001000,1.000000,1.000000,0.001000,0.001000
1.000000,0.001000,1.000000,0.001000,0.010042,0.001000,0.804924,0.326438,1.000000,0.001000
1.000000,0.001000,0.417764,1.000000,0.001000,0.211454,0.600300,0.001000,0.393163,1.000000
0.001000,0.858746,1.000000,1.000000,0.331951,0.044208,0.001000,1.000000,1.000000,0.001000
1.000000,0.001000,1.000000,0.263160,0.210288,1.000000,0.001000,1.000000,1.000000,0.001000
0.232795,0.242804,1.000000,1.000000,1.000000,0.001000,0.103445,0.379235,0.061643,1.000000
0.384942,0.643678,1.000000,1.000000,0.001000,0.509765,1.000000,0.010733,0.313322,1.000000
1.000000,0.450642,0.001000,0.001000,1.000000,0.001000,0.001000,1.000000,0.375313,0.001000
0.001000,1.000000,1.000000,1.000000,1.000000,0.174177,0.899168,1.000000,0.685564,0.001000
0.789949,0.001000,1.000000,0.077548,0.001000,1.000000,0.001000,0.923938,0.001000,0.595379
0.637511,0.001000,0.984816,0.001000,0.001000,0.395182,1.000000,0.001000,0.015980,0.454302
1.000000,0.001000,0.001000,0.071029,0.296158,1.000000,0.306955,0.001000,0.144265,1.000000
1.000000,0.139192,0.001000,0.001000,0.001000,0.303712,0.998072,1.000000,0.214217,0.001000
1.000000,0.001000,0.001000,0.001000,0.001000,0.001000,0.001000,0.001000,0.001000,1.000000
1.000000,1.000000,1.000000,0.052992,0.001000,1.000000,0.001000,0.732264,0.829231,0.001000
0.001000,0.239738,1.000000,0.001000,0.001000,1.000000,1.000000,0.608152,0.001000,0.001000
0.001000,0.001000,1.000000,0.001000,0.749125,0.001000,0.001000,1.000000,1.000000,0.001000
1.000000,0.996393,1.000000,0.815459,0.232436,1.000000,0.613246,1.000000,0.797825,0.113541
0.001000,0.563601,0.375043,0.883329,0.590933,0.383839,0.001000,0.519605,0.001000,1.000000
0.727047,0.001000,0.740552,0.743585,0.871741,0.296733,0.021044,1.000000,0.919734,0.001000
0.767003,0.001000,1.000000,1.000000,1.000000,0.401633,0.615462,0.782792,1.000000,1.000000
0.629672,1.000000,0.758951,1.000000,0.001000,0.363581,0.015346,0.636413,0.001000,1.000000
1.000000,0.289288,0.261540,0.357855,0.089687,0.650908,0.044966,1.000000,0.001000,0.463759
0.302554,1.000000,0.001000,0.001000,1.000000,0.001000,1.000000,0.968608,0.787233,0.723732
0.412506,0.001000,0.001000,0.001000,1.000000,0.001000,0.001000,1.000000,1.000000,1.000000
0.427607,0.001000,1.000000,1.000000,1.000000,0.001000,0.350740,1.000000,0.908996,0.001000
1.000000,0.971387,1.000000,0.661902,0.808397,0.649694,0.337445,1.000000,1.000000,1.000000
1.000000,0.001000,1.000000,1.000000,0.983912,0.622194,0.001000,1.000000,0.665635,0.064418
0.944202,0.001000,0.903451,1.000000,0.331618,0.362157,0.001000,0.732699,1.000000,0.001000
0.001000,1.000000,0.001000,0.153646,0.001000,0.642467,0.001000,0.079105,0.001000,0.461907
0.001000,0.001000,1.000000,0.038435,0.830200,1.000000,0.654312,0.967219,0.001000,0.001000
0.001000,0.096413,0.001000,0.001000,0.288072,0.668844,1.000000,0.001000,0.001000,1.000000
1.000000,1.000000,0.001000,1.000000,0.001000,1.000000,0.328025,0.001000,0.001000,0.688461
0.001000,1.000000,1.000000,1.000000,1.000000,0.003249,1.000000,0.767717,0.001000,0.025382
0.556081,1.000000,0.001000,0.286289,1.000000,1.000000,0.001000,1.000000,1.000000,0.610570
0.690559,0.193664,0.001000,0.001000,0.755633,1.000000,0.001000,0.001000,0.817235,0.001000
0.791340,0.431565,0.650442,0.001000,0.503509,0.551492,1.000000,0.124808,1.000000,0.001000
1.000000,0.001000,1.000000,0.001000,0.001000,0.001000,1.000000,1.000000,1.000000,0.454057
1.000000,1.000000,0.440711,0.644253,0.001000,0.001000,0.738158,1.000000,0.001000,0.001000
0.474282,0.001000,0.404067,0.296466,1.000000,0.030521,0.216043,0.127054,0.194999,0.001000
0.922389,0.488776,0.001000,1.000000,1.000000,1.000000,0.001000,1.000000,0.001000,1.000000
0.342233,1.000000,0.766226,1.000000,0.070825,0.001000,0.001000,1.000000,0.001000,0.001000
1.000000,0.001000,1.000000,0.469852,1.000000,0.404483,0.001000,0.817945,0.367093,1.000000
0.001000,0.001000,1.000000,1.000000,0.001000,0.316376,1.000000,0.739799,0.110288,0.340351
0.976655,0.001000,0.001000,0.452415,1.000000,1.000000,0.548978,1.000000,0.001000,0.163885
1.000000,0.001000,1.000000,0.001000,0.001000,0.673087,0.001000,0.850295,0.001000,0.001000
1.000000,1.000000,1.000000,0.669450,0.286160,0.001000,0.001000,0.703883,0.289700,0.440810
1.000000,0.001000,1.000000,1.000000,0.742955,0.783897,0.946496,0.669267,0.989038,0.109789
0.001000,0.001000,0.001000,0.987274,0.001000,1.000000,0.251413,0.522567,0.001000,0.001000
0.289326,1.000000,0.001000,1.000000,0.001000,0.001000,0.001000,0.001000,0.001000,0.230141
0.001000,0.001000,0.560018,1.000000,1.000000,1.000000,0.593698,0.001000,0.934004,0.001000
0.001000,1.000000,0.351750,1.000000,1.000000,0.776441,0.001000,1.000000,0.001000,0.001000
1.000000,0.001000,1.000000,0.126843,0.001000,1.000000,0.633330,0.001000,0.266148,0.314370
0.837010,1.000000,1.000000,0.633606,0.176075,0.779656,0.914508,0.001000,0.001000,0.685302
0.140546,1.000000,1.000000,1.000000,1.000000,1.000000,1.000000,0.661484,0.515755,0.001000
1.000000,0.001000,1.000000,0.907156,0.944517,0.485456,1.000000,0.355481,0.663821,1.000000
1.000000,0.704990,1.000000,1.000000,0.357830,0.001000,0.263353,0.976033,0.001000,0.001000
1.000000,0.069752,1.000000,0.001000,0.929891,0.001000,0.001000,0.001000,0.578493,0.001000
0.001000,0.001000,1.000000,0.001000,1.000000,0.001000,0.198790,0.161029,1.000000,0.001000
0.897798,0.001000,0.001000,0.875042,0.001000,1.000000,0.106494,0.001000,0.863149,0.135605
0.424479,0.001000,0.001000,1.000000,0.001000,0.001000,1.000000,0.977374,1.000000,0.001000
0.875910,0.001000,0.766873,0.001000,0.001000,1.000000,0.001000,0.484980,1.000000,0.001000
0.001000,0.794619,0.478498,1.000000,0.001000,0.775074,1.000000,0.001000,0.182344,0.001000
1.000000,0.001000,1.000000,1.000000,0.309160,1.000000,1.000000,0.611173,0.001000,1.000000
0.001000,0.763939,0.001000,1.000000,1.000000,0.753673,1.000000,1.000000,0.001000,0.001000
0.001000,0.878302,0.001000,1.000000,0.001000,0.001000,0.001000,1.000000,0.298227,1.000000
0.742428,0.883038,0.001000,0.001000,0.001000,0.001000,0.001000,0.001000,1.000000,0.231673
0.023900,1.000000,0.073264,0.330139,0.139523,1.000000,1.000000,0.001000,0.001000,0.338423
1.000000,1.000000,0.001000,0.119417,1.000000,1.000000,1.000000,1.000000,0.769579,0.001000
0.817567,0.817420,0.320034,0.663854,0.648348,1.000000,0.890563,0.742305,1.000000,0.188577
0.705086,0.693861,1.000000,0.001000,0.601256,1.000000,0.001000,0.001000,0.001000,0.356728
1.000000,0.001000,0.047926,1.000000,1.000000,0.001000,0.818474,0.691130,0.840551,1.000000
0.001000,0.001000,0.014358,0.755327,0.625553,0.060077,1.000000,0.664395,0.001000,0.460847
0.724571,1.000000,1.000000,0.178369,1.000000,0.001000,0.624180,1.000000,1.000000,0.001000
1.000000,1.000000,0.931728,0.001000,0.847312,0.326818,0.001000,0.239373,0.001000,1.000000
0.081353,0.071108,0.001000,1.000000,0.001000,0.273040,0.412981,0.461164,0.891054,1.000000
0.001000,1.000000,0.001000,1.000000,1.000000,0.942549,0.777605,0.001000,0.001000,0.514809
1.000000,1.000000,0.942768,0.628324,1.000000,1.000000,0.235024,0.001000,0.213899,0.318334
0.001000,0.001000,1.000000,0.395482,0.001000,0.194983,0.250622,0.001000,0.001000,0.001000
1.000000,0.421792,0.683308,0.001000,0.968206,0.001000,1.000000,1.000000,0.001000,0.818435
0.001000,1.000000,0.001000,0.794315,0.801540,1.000000,0.001000,1.000000,0.143691,0.455418
1.000000,0.874399,0.001000,1.000000,0.001000,0.898733,1.000000,0.935028,0.001000,0.001000
0.065624,0.600515,0.831121,1.000000,0.001000,0.388870,0.003236,1.000000,0.001000,0.803841
0.001000,0.001000,1.000000,0.431339,0.197425,0.224556,0.001000,0.001000,0.001000,0.217531
0.720406,1.000000,0.001000,0.001000,0.679824,0.975615,0.001000,0.940214,1.000000,0.599784
1.000000,0.001000,0.001000,0.634742,0.361676,1.000000,0.001000,1.000000,0.854180,0.320997
0.001000,1.000000,0.001000,0.001000,1.000000,0.146133,0.989741,1.000000,0.949647,0.001000
1.000000,1.000000,0.980078,0.953158,0.595708,1.000000,0.001000,0.878863,0.712661,0.351913
0.001000,1.000000,1.000000,0.891697,1.000000,0.184145,0.511938,1.000000,1.000000,1.000000
0.001000,0.974377,0.001000,0.001000,0.001000,0.001000,0.727607,1.000000,1.000000,0.001000
0.635544,0.763078,0.001000,1.000000,1.000000,1.000000,0.001000,0.901642,0.084896,0.564885
1.000000,1.000000,0.321820,0.350120,0.330947,0.001000,0.767587,0.001000,1.000000,0.303401
0.799773,0.001000,1.000000,0.309874,0.203929,0.001000,0.001000,0.280016,1.000000,0.001000
0.453126,0.001000,0.984570,0.001000,1.000000,0.515637,0.123734,1.000000,0.254316,1.000000
0.001000,0.001000,1.000000,0.001000,0.292078,0.008346,0.001000,1.000000,0.406474,0.663688
0.001000,0.686781,0.176584,0.452556,0.579851,0.523529,0.995988,0.001000,0.047751,0.001000
1.000000,1.000000,0.001000,0.836311,0.001000,0.152588,0.558241,0.572346,1.000000,1.000000
0.001000,0.404648,0.001000,0.616227,0.001000,0.001000,0.934804,1.000000,0.272037,0.001000
0.581604,0.049528,0.745313,0.543475,0.001000,0.646170,0.001000,0.001000,0.368792,0.764714
1.000000,0.001000,0.001000,0.215548,1.000000,0.118851,0.557245,0.283850,0.001000,1.000000
1.000000,0.001000,1.000000,1.000000,0.316111,0.001000,1.000000,0.001000,1.000000,1.000000
0.945772,1.000000,0.139944,0.001000,0.001000,0.001000,0.849700,0.445598,1.000000,0.996828
0.001000,0.001000,1.000000,0.283639,0.060230,0.001000,1.000000,0.425155,1.000000,1.000000
1.000000,0.001000,0.724187,0.020563,0.001000,0.001000,0.001000,1.000000,1.000000,1.000000
1.000000,0.045313,0.226554,0.968020,1.000000,1.000000,0.024779,1.000000,0.001000,0.001000
1.000000,1.000000,0.123163,0.200976,0.001000,0.052101,0.001000,0.477237,1.000000,0.851242
0.623148,1.000000,0.001000,0.001000,0.569721,1.000000,0.001000,0.001000,1.000000,0.001000
0.001000,0.652533,1.000000,0.276654,1.000000,1.000000,0.001000,0.307395,1.000000,0.001000
1.000000,0.001000,0.001000,0.001000,0.001000,0.059833,0.907779,0.001000,0.402563,1.000000
0.541953,0.244612,1.000000,0.001000,0.425791,0.001000,0.001000,0.001000,0.001000,1.000000
0.260817,1.000000,0.936865,0.001000,0.345126,0.001000,0.001000,1.000000,0.001000,0.344747
0.428681,0.001000,0.692575,1.000000,0.674744,1.000000,0.001000,0.874618,0.001000,1.000000
1.000000,0.001000,0.069509,0.161224,0.414615,0.001000,0.001000,0.719015,1.000000,1.000000
0.001000,0.301929,0.001000,0.001000,0.533238,1.000000,0.001000,1.000000,1.000000,0.001000
0.878446,0.046747,1.000000,0.001000,0.001000,0.641182,0.501398,0.001000,1.000000,0.001000
0.001000,0.001000,0.001000,1.000000,0.001000,0.001000,0.001000,1.000000,0.001000,0.115822
0.001000,0.701145,1.000000,1.000000,0.868973,0.269898,0.001000,0.470098,0.001000,0.673430
0.462006,1.000000,0.082412,0.001000,0.114738,0.822535,1.000000,0.061363,0.001000,1.000000
0.001000,0.001000,0.931073,0.816163,0.001000,0.001000,1.000000,1.000000,0.892749,0.781368
0.001000,0.122763,0.524710,0.001000,0.108873,0.001000,0.001000,1.000000,0.525341,0.001000
0.627279,0.514570,1.000000,0.001000,0.634177,0.477525,0.450830,0.001000,1.000000,0.001000
1.000000,0.902798,0.001000,0.001000,0.001000,0.001000,0.042748,1.000000,1.000000,1.000000
1.000000,1.000000,0.224715,0.001000,0.216906,1.000000,0.001000,1.000000,0.001000,1.000000
0.001000,1.000000,0.225616,0.001000,0.227605,0.001000,0.001000,0.883347,0.001000,0.652169
0.001000,1.000000,0.001000,0.001000,0.603975,0.001000,0.001000,1.000000,0.001000,0.001000
1.000000,0.001000,0.001000,0.001000,0.687068,1.000000,1.000000,1.000000,1.000000,0.001000
0.001000,0.384737,0.884401,0.259534,1.000000,0.001000,0.001000,0.958810,0.001000,0.001000
1.000000,1.000000,1.000000,0.260430,0.001000,0.001000,0.001000,1.000000,0.001000,0.743081
0.389905,0.001000,0.952547,1.000000,0.001000,0.001000,0.001000,0.443355,0.757478,0.001000
0.101580,1.000000,0.001000,0.001000,1.000000,1.000000,0.001000,0.001000,0.001000,1.000000
1.000000,0.001000,0.202233,0.001000,0.001000,0.001000,0.638105,0.001000,0.001000,0.001000
1.000000,0.001000,1.000000,0.001000,1.000000,1.000000,0.001000,0.493570,0.979884,0.851184
0.427943,0.001000,1.000000,0.887424,0.158026,1.000000,0.001000,1.000000,0.001000,0.067415
1.000000,0.958715,1.000000,0.088315,1.000000,0.386858,1.000000,1.000000,0.001000,0.001000
1.000000,1.000000,1.000000,0.791758,0.001000,1.000000,1.000000,1.000000,0.808680,1.000000
0.001000,0.479003,0.001000,1.000000,0.001000,0.001000,0.001000,0.304611,1.000000,0.118098
0.001000,1.000000,0.224858,0.223199,0.681378,0.001000,0.272624,0.001000,0.001000,0.001000
0.983702,1.000000,0.001000,0.969219,0.001000,0.001000,1.000000,0.710777,0.139842,0.001000
1.000000,0.001000,1.000000,1.000000,0.001000,0.001000,0.188219,0.001000,0.001000,0.001000
0.001000,1.000000,0.349998,0.852520,0.001000,0.001000,0.001000,0.999034,0.281661,0.001000
0.001000,1.000000,1.000000,0.764673,0.905907,0.883909,0.607556,0.234865,0.001000,0.001000
1.000000,0.001000,1.000000,0.647694,0.001000,0.529902,0.757911,1.000000,0.215928,0.723968
0.001000,0.001000,1.000000,1.000000,1.000000,0.602381,1.000000,0.845662,1.000000,0.224221
0.001000,0.001000,1.000000,0.779043,1.000000,0.991706,0.004862,0.001000,0.364091,0.058339
0.832317,0.001000,0.001000,0.001000,0.641037,0.265201,1.000000,1.000000,0.248822,1.000000
0.215587,1.000000,0.001000,0.629565,1.000000,0.591795,0.427662,0.363769,1.000000,0.883638
0.241799,0.001000,0.938515,0.290766,0.001000,1.000000,0.634850,0.235418,0.299358,0.846714
1.000000,1.000000,1.000000,0.001000,1.000000,1.000000,0.533891,1.000000,0.090771,1.000000
0.235218,0.932748,0.001000,1.000000,0.207183,0.401029,0.714876,0.691768,0.001000,1.000000
0.432793,1.000000,0.001000,0.001000,0.001000,0.826461,0.141441,0.623204,0.001000,0.516574
0.001000,0.001000,0.110379,0.247011,0.825611,1.000000,0.001000,1.000000,0.001000,1.000000
1.000000,0.727401,0.349375,0.318389,0.894854,0.762088,0.746766,1.000000,0.391999,0.001000
0.039493,0.715851,0.001000,0.900218,0.001000,0.001000,0.001000,0.001000,0.001000,0.425069
0.341979,0.001000,1.000000,0.187281,0.001000,0.511241,0.001000,0.001000,0.001000,0.109601
1.000000,0.001000,0.230028,0.001000,0.001000,0.573891,0.046159,0.734951,0.001000,1.000000
1.000000,1.000000,1.000000,0.516239,0.760301,0.001000,1.000000,1.000000,0.001000,0.001000
0.001000,0.001000,0.001000,0.109286,0.001000,0.001000,0.103083,0.577066,0.001000,0.861072
1.000000,1.000000,1.000000,0.001000,0.204204,0.622459,1.000000,0.640721,1.000000,0.719585
1.000000,1.000000,0.944948,0.001000,1.000000,0.001000,0.001000,0.132200,0.586899,0.194611
0.243295,0.001000,0.876227,0.336149,0.001000,0.001000,1.000000,0.001000,0.135570,0.288130
0.001000,1.000000,0.001000,0.865490,0.001000,1.000000,0.622154,0.435299,0.001000,0.001000
0.251293,0.001000,0.421774,1.000000,1.000000,0.001000,1.000000,0.001000,1.000000,0.954191
0.001000,1.000000,1.000000,0.943501,0.001000,0.107720,0.001000,1.000000,0.001000,0.001000
0.001000,0.001000,0.568506,0.337159,0.001000,1.000000,0.741154,0.001000,0.001000,1.000000
0.554315,1.000000,0.001000,1.000000,0.383061,1.000000,0.001000,0.001000,0.833346,1.000000
1.000000,0.192134,0.001000,0.260520,1.000000,0.284116,0.001000,1.000000,1.000000,0.021788
0.001000,1.000000,0.001000,1.000000,0.128905,1.000000,0.526442,0.463115,0.001000,0.681802
1.000000,1.000000,0.260273,1.000000,0.130461,0.001000,0.462994,0.444462,0.841085,0.921520
0.410281,0.001000,0.635495,0.371587,0.001000,1.000000,0.588674,0.659621,0.001000,0.001000
0.749108,0.652055,0.820985,0.001000,0.001000,1.000000,0.001000,0.001000,0.001000,1.000000
0.859870,0.660137,0.353603,0.377281,0.001000,1.000000,0.746503,1.000000,0.001000,1.000000
0.001000,1.000000,0.486214,1.000000,0.453507,0.795464,0.941400,1.000000,0.001000,0.001000
0.424000,1.000000,0.066613,1.000000,1.000000,0.392923,0.987264,0.001000,1.000000,0.001000
0.024505,1.000000,0.787298,1.000000,0.001000,0.981626,0.938837,0.707074,0.001000,0.001000
0.001000,0.566740,0.115205,0.001000,1.000000,0.001000,0.001000,1.000000,0.001000,1.000000
0.716133,0.041502,1.000000,0.001000,0.001000,0.001000,1.000000,1.000000,0.222850,1.000000
0.001000,0.520139,0.521644,0.290177,0.149251,0.058470,0.001000,0.630382,0.001000,0.001000
1.000000,0.786003,0.001000,1.000000,0.001000,0.001000,0.714128,0.750762,0.001000,1.000000
0.001000,0.556462,1.000000,0.501084,0.001000,0.001000,0.001000,1.000000,0.529596,0.001000
0.001000,0.539038,0.001000,0.001000,0.001000,1.000000,0.001000,1.000000,0.001000,0.476440
0.119710,0.412494,0.709407,0.247911,0.001000,0.001000,0.772660,0.949930,0.552290,0.001000
0.453672,0.532619,0.001000,1.000000,1.000000,0.560868,0.858478,0.962513,0.830501,0.001000
1.000000,0.001000,0.001000,0.542408,0.001000,0.001000,0.653901,0.001000,0.976841,0.001000
0.439795,0.570391,0.001000,0.001000,0.931696,0.699046,0.073753,1.000000,0.335264,0.001000
0.632432,0.001000,0.963974,1.000000,0.001000,1.000000,0.001000,0.505012,0.560401,0.001000
1.000000,0.167947,1.000000,0.001000,0.413816,0.001000,1.000000,0.012799,0.832188,0.001000
0.001000,0.001000,0.412688,0.313803,0.001000,0.001000,0.001000,1.000000,1.000000,0.275161
0.001000,1.000000,0.001000,0.162092,0.001000,0.001000,1.000000,0.001000,0.481452,0.117884
0.945748,0.145647,0.153095,0.362908,0.976722,0.449365,0.814857,1.000000,1.000000,1.000000
0.309066,1.000000,1.000000,1.000000,0.721319,0.001000,0.522795,1.000000,1.000000,0.633528
0.001000,0.408242,1.000000,1.000000,0.979628,0.008572,0.001000,0.559942,1.000000,0.460833
0.001000,1.000000,1.000000,0.001000,0.791567,0.001000,0.166521,0.571157,0.947470,0.928459
0.001000,0.001000,0.001000,0.106469,1.000000,1.000000,0.966085,1.000000,0.502949,0.001000
1.000000,0.706074,0.179986,1.000000,1.000000,0.291375,0.001000,0.001000,0.637787,0.001000
0.001000,0.799922,1.000000,0.001000,0.412083,0.233802,0.001000,0.133455,1.000000,0.001000
0.546695,0.001000,0.650833,0.001000,0.001000,1.000000,0.091826,0.001000,0.001000,0.001000
